/*--------------------------------*- C++ -*----------------------------------*\
  =========                 |
  \\      /  F ield         | OpenFOAM: The Open Source CFD Toolbox
   \\    /   O peration     | Website:  https://openfoam.org
    \\  /    A nd           | Version:  7
     \\/     M anipulation  |
\*---------------------------------------------------------------------------*/
FoamFile
{
    version     2.0;
    format      ascii;
    class       volScalarField;
    location    "2";
    object      a;
}
// * * * * * * * * * * * * * * * * * * * * * * * * * * * * * * * * * * * * * //

dimensions      [0 -1 0 0 0 0 0];

internalField   nonuniform List<scalar> 
6144
(
137.0005269
99.82656658
104.8931967
125.981682
92.12103823
96.56848288
139.8930183
171.3893254
161.3515757
133.9255124
110.3855882
141.6396396
113.6545218
123.6450999
115.4691544
137.6051246
134.9558789
94.2392409
99.20060165
137.7067279
115.3076996
95.74290407
92.76695546
139.4266326
145.9186036
131.7327016
145.8360156
135.5730981
158.4774195
143.4344795
110.5999254
143.7723656
130.1188691
127.6663617
97.53426564
122.4146496
144.8258785
158.5443348
174.7789568
167.692914
169.1706691
168.9391501
153.2841007
138.2434162
101.6409265
128.2714222
135.213066
145.1720292
118.3824966
164.0926233
199.3345479
178.9118179
170.2972747
160.4885456
142.4690051
99.39467207
88.44124651
90.97715985
131.7338281
131.0747807
129.1688525
156.0966485
139.6131194
162.4141805
155.7622296
155.634818
143.0296507
131.1299726
141.2121673
93.20080086
106.2906478
112.0403377
108.8069486
141.6449697
138.8879704
158.5386448
138.4233133
141.4617073
102.3858785
124.703462
183.5045636
120.6847592
148.0514738
160.7576537
85.92788593
104.1208039
107.9911564
149.3634369
145.4668721
129.303967
113.5228447
154.7042377
182.256611
154.1528467
160.0622556
158.8710384
122.1601779
137.6656123
118.5996194
136.619294
134.8120044
101.2540685
141.689986
169.4564986
176.5798007
154.3803354
156.6452556
131.8809924
119.871945
137.9234692
142.4300233
117.2529645
114.5564425
98.59060165
138.4342815
157.1896418
159.9855082
125.5559851
133.0821562
124.6015688
137.4562003
129.9241682
149.1130187
147.3922634
178.3888532
150.8431015
117.6892302
131.9919053
135.6704606
123.6484495
104.8835292
114.2239437
158.4468824
167.3316221
153.8205568
126.8477385
149.240945
155.5496918
137.4314449
108.3929127
92.5343286
105.3093977
107.1037765
128.3923846
126.0341755
111.4211357
134.529218
135.7307066
102.7481714
111.0294209
114.8119518
141.1908337
145.5548588
135.7757146
115.721974
124.8185209
116.3697878
132.3240524
143.7921411
135.2246055
132.8044623
102.3703129
107.248661
119.16875
127.5954011
107.5763117
111.093963
116.2745135
133.7586587
140.9715717
147.8379171
147.162094
147.2053002
137.0992586
107.4010593
125.5927883
114.9577136
123.777233
95.96300923
109.2690675
121.2603767
121.1495061
126.6752594
135.5722617
129.2555684
144.3555233
139.4736981
132.0692123
108.4576929
121.1933049
105.2497686
95.18573523
97.37016989
123.5498584
136.6076807
124.58193
123.3249889
108.5130828
105.1960097
93.35029013
116.4824613
109.7719742
126.7511813
92.4691067
114.1726984
141.572957
116.825145
129.7348226
116.3594012
117.027419
118.4511091
107.9732446
135.079397
122.2842113
135.3038441
105.6019108
121.214411
145.8762435
121.8032083
144.4788765
154.8585593
138.3163405
113.0345624
127.9803765
149.1077623
114.8785659
144.325821
141.2010694
102.5708986
132.4520051
130.5679828
134.6172533
122.9447677
111.2718102
130.6324282
146.2896588
154.4748565
112.8554712
118.36024
112.7252086
126.6354757
146.3144907
142.0571865
121.637581
123.1002269
98.59327563
134.3414177
142.8475192
146.1438694
112.8777901
128.3910164
120.3971369
111.7038021
120.1436478
138.422007
124.6346134
124.2953131
97.54068175
124.0035374
114.4069979
136.31313
117.8403973
103.5766457
97.52420889
131.3712833
113.1534405
110.9253201
103.8109763
117.3461262
122.726541
101.6631083
99.11858513
104.1044395
111.2533414
119.0048216
120.3407777
122.9611944
137.7867811
130.5069783
94.87578812
100.5209067
119.2885114
130.5183664
121.8964642
103.2571586
124.2232318
123.7447945
122.7215435
114.4111614
114.4550727
145.1132041
153.1979965
121.7397939
131.6751315
123.1341265
109.0790945
117.1535768
127.7679145
106.6030453
100.5213254
96.00495174
103.3453394
135.735015
150.2030114
132.5667782
100.0503319
98.08615047
114.5198937
130.493545
109.8652459
111.6797428
96.44982286
102.079793
120.3319089
117.6446623
128.7607464
120.5242982
120.0614235
98.57277243
103.0287717
127.4919231
122.8509709
96.58842614
95.27069573
110.1385369
132.1188255
117.4348808
103.9817809
115.6424465
131.90482
135.8418701
128.8395777
134.1947267
116.0438927
121.5488717
107.3003211
115.607596
155.4590836
119.4207589
106.0001163
94.78977448
107.1741958
116.7643093
106.3712672
133.9220622
132.3956508
134.2435185
103.0095607
127.6246226
154.8332819
123.263522
95.75552668
90.90871573
138.4958796
116.5005648
108.273006
110.2694935
116.5052326
142.1163114
133.4886025
111.7452503
139.4188808
118.0417199
96.89127414
108.4177421
138.5526711
129.1411592
103.4684368
111.8833002
128.1803377
152.3150833
142.9102539
89.68882826
107.3545007
96.20139102
91.01919525
116.0731007
128.416527
124.4732964
100.2805191
126.8505634
131.7501404
134.2701857
110.9231038
122.2112512
136.873123
130.1713756
110.9392419
105.5867291
116.270822
108.4788277
92.69814034
98.95166475
100.0604856
118.7156618
93.40250997
134.8245588
141.2251289
136.4922459
112.5149764
126.2142263
103.7307229
117.2067796
102.8082232
118.0579163
95.92105706
84.31724853
84.82351896
139.7483914
134.0450255
112.6430131
125.1011852
141.0736375
125.3672621
102.8591912
116.861216
125.9525189
115.3910265
99.48846386
120.6081439
131.9596158
126.0553509
104.9692404
108.4941284
128.898655
125.3234893
103.6237332
119.104452
100.9235255
107.4643336
98.0277719
118.4443891
127.867998
120.8210661
124.7849121
104.6438422
98.97728907
112.5522448
109.3873385
120.2582038
133.382488
108.7270179
100.9939956
112.6556207
112.342176
97.10093482
103.5884752
124.0204392
118.3583378
92.79942187
112.8311934
106.1054172
119.8554113
103.053766
112.2111083
95.70712229
90.26803117
89.42827246
97.29306176
96.96066371
115.4611539
99.32419227
110.1405942
90.87587636
98.66316913
108.704276
98.1168533
111.5000048
107.7992398
91.48986802
82.36741778
79.07656548
94.22532644
101.627155
118.0960626
105.219523
119.9396378
109.8520984
109.9704029
95.05895402
120.3171953
104.3358935
98.01590789
90.94510669
101.3813135
109.2405524
107.9734783
114.4054371
137.8883611
133.0933066
102.7082088
88.07578025
119.9252952
120.9904169
92.47875318
102.8433195
93.90512461
105.4729397
115.9478951
106.3218242
134.1366415
122.5805473
106.6825636
131.2889616
116.2905549
125.4249748
95.81550266
110.1061074
111.1340586
105.5540617
128.9697407
126.7955754
134.3276821
111.275928
124.2395327
140.5143222
92.78802426
110.3324806
79.89688799
75.94971552
100.1782391
94.17236272
102.5504694
102.5815765
125.5826414
128.4255153
116.6561999
123.0983912
99.705828
94.2618241
81.00323867
76.81917375
87.24938065
113.9497631
120.9065217
114.7127689
105.6113157
128.6230699
123.0350123
108.9479904
113.0259666
95.42025394
111.421716
102.4116167
114.6617987
100.0561519
124.9935277
123.3917324
112.432259
116.1346556
103.7803174
106.1455698
109.5191402
100.0434757
123.93105
137.7510738
133.6767325
96.89486078
112.6560017
106.1535822
128.4119522
116.9837192
111.2126318
106.5255058
113.6138656
97.72598026
99.77008219
122.484391
125.3778019
90.53568791
93.86417702
98.40719226
118.1111379
130.4130088
109.9917404
98.58493417
103.369148
101.0462643
86.00406336
80.75577299
76.65122192
96.72867485
122.0595106
118.3245308
121.8817793
112.0146422
120.1373806
126.0383031
115.5758457
113.5653438
89.85803088
107.4051128
87.48406495
84.62829391
115.3781593
120.597573
108.8975293
119.0307118
118.3670507
96.05208043
104.0446079
117.4463916
87.23603798
99.19050991
117.2723683
117.1654565
102.5654657
116.3145141
89.77523965
92.7808342
92.37309489
109.1111631
103.3096557
110.0311615
88.69164732
111.8913084
117.675918
124.6823863
108.6093368
114.8453407
92.92795068
111.3586351
98.76256309
108.6336918
114.9102639
82.0450007
79.89420005
102.6163091
96.06454503
108.8677597
114.7844872
99.2134556
105.408062
121.8152814
109.8637063
96.21948304
125.0155045
78.49802336
72.51136124
96.78131675
114.2621657
126.6027054
108.9543466
96.49682732
123.5449683
96.75313727
82.69662053
111.4328355
103.0981649
88.52302214
103.7090922
114.5166935
102.1015425
123.6913291
130.6749584
133.2479905
127.8481082
82.3211451
78.07436975
96.06888349
87.62836585
114.004594
108.5177706
82.00301594
73.17568236
92.91898895
113.1881437
116.5118986
103.4738497
96.93744999
101.6142214
99.7022097
113.121534
116.8440658
86.26471422
93.48991826
79.9206815
104.5838561
97.7261047
106.1956508
119.7602976
124.6718537
114.230791
117.0625979
105.3789996
93.13782481
91.26503581
112.5187921
90.07250221
100.4781485
97.20443542
119.396668
129.4395358
112.0610539
118.8636274
103.2369694
102.9566044
107.4913152
121.8671976
124.7673977
102.4564655
90.44518059
110.703508
111.1283389
128.8946193
126.165317
118.6771404
112.9607661
100.2159546
97.21389847
111.0970788
105.7559097
112.3170886
94.10539605
115.837168
126.0578667
114.1515425
127.8378361
132.5931886
123.5087558
102.149194
115.6910626
102.1134744
92.67920036
108.7201602
117.9031822
103.8221394
112.7278964
106.381379
114.5817995
104.3898255
117.597353
108.6754728
105.2865011
113.2737526
116.1190942
90.88682404
84.62816754
89.44397557
107.3161583
124.2263549
128.8004598
102.8138176
93.61775316
118.0971198
127.6134808
116.6101536
124.4221965
100.3296267
114.2437459
102.4908948
125.1868787
122.7047554
106.1686258
103.5414539
98.36191861
101.5062271
128.2164332
124.9762262
120.6831688
96.77728347
134.0616038
128.2405708
127.0500118
102.260449
110.5324612
104.1361781
116.8179251
99.47422071
89.46632939
109.3042018
100.7965485
91.69133116
135.7115998
136.3991621
125.2666904
124.1957616
112.2437145
113.2050083
116.0070359
122.004899
71.74978255
81.94493597
112.6718265
125.0964152
145.4006924
129.9526765
109.1602469
128.9679452
113.3110635
82.65428997
95.31512607
117.2649313
74.6237857
86.02911629
120.5330851
119.6235728
128.4958947
105.0762839
117.3882671
121.2979172
94.16180243
78.2437862
99.70271906
86.6311122
97.39282796
108.7676695
88.70635211
84.50006536
109.4008076
97.82381361
99.71909728
96.81448808
106.6446452
91.82128006
84.47190721
119.2211332
126.2868565
91.51506983
83.96610524
97.38618675
92.06153392
104.2917529
115.7038586
105.6932347
120.0087413
126.8967006
108.7208657
129.0851889
115.9487086
86.9990873
102.2918118
96.12976605
89.80967519
85.92810531
104.7412659
108.9078931
97.73882842
129.7666758
116.4630443
128.2637573
102.8288643
83.92641089
94.93260317
118.4327651
108.5900487
90.77021482
116.7581958
100.40602
97.90006944
129.3125254
105.8993844
135.9834321
125.9857712
98.85705614
84.52819012
106.9584355
91.74168858
96.96669999
128.7431722
118.3313597
102.2212067
131.843671
118.5040871
113.239039
126.7071681
119.3471928
121.6725003
126.2946472
116.7058527
98.80880005
117.2502433
120.6396044
111.660202
117.6593928
119.9790597
121.9741449
104.3854286
110.20132
106.7708503
119.3395934
102.2795688
119.9166454
121.970942
119.08162
127.6693026
116.1877632
98.08012006
120.1014612
114.4866584
146.0884472
127.9823076
115.6289892
105.5018624
119.3512448
112.2556867
125.7594602
116.8708693
105.7482514
123.3999446
124.7088623
134.9389243
116.2322917
102.2527134
92.78609913
118.0024187
100.9389245
93.36418725
94.54298432
96.85555077
116.8533921
130.6025521
99.90400077
120.5736744
124.2897384
106.7191877
90.88025768
125.1766319
100.3875842
97.75026523
113.7898648
112.9663578
102.7930576
127.8654528
94.46699267
89.48403975
109.1012801
96.43654203
92.41686665
122.4275128
121.0484714
110.2902709
107.5652305
118.9171162
98.10383526
116.5038877
107.3860366
91.77256485
95.6847618
119.9083557
91.69447977
94.375439
95.69033397
99.89619356
107.0437855
121.2018815
111.0173404
99.97645722
94.3542622
127.0374856
129.3297581
120.333312
90.59395348
115.0424467
121.9435833
124.3568233
124.1960651
106.8095519
114.1131314
101.1817122
102.3711563
125.7590711
122.7735854
102.0937426
112.9811066
103.9243274
111.4123689
131.8189074
121.7350372
97.37297213
122.9806331
129.1479181
110.0576705
100.2422347
112.2663971
109.8309799
134.2005474
131.327217
124.154399
129.0495461
94.26672468
87.81648635
106.801804
111.5246615
127.3230923
100.0875385
93.27005406
115.8000726
135.4594838
119.6725994
95.62603543
119.6541379
92.11772849
110.0559551
133.1712049
111.5941547
150.0604127
127.4706671
106.7157985
84.46730257
87.92844914
79.41108115
92.35353208
117.1607111
88.18029022
103.0170288
139.8064958
131.5140055
119.2763341
106.4773093
98.11185889
124.7621084
108.9505413
98.90027427
95.57906992
93.0917763
121.2128169
125.0303109
102.156122
111.6325218
133.6395509
114.1147345
109.1081283
98.40537915
115.6253189
119.6092587
129.0628965
107.1029086
121.80226
102.3325422
86.08315658
93.92253483
140.3311471
110.5294751
117.6879692
94.71967189
99.05091137
114.3695349
134.8507489
137.9236322
130.9381532
88.94547868
93.10317179
115.1529486
134.9478373
134.7337958
104.6797784
110.1988932
112.9073547
109.9716017
120.1888992
130.6817459
115.5407816
84.82264801
109.44076
107.55271
110.4284497
122.7851032
101.8387676
96.95695771
117.6010041
116.3893443
103.3304395
116.1389634
105.2751085
83.71912322
96.41358315
125.1658642
118.0571974
126.2900908
118.9872563
97.73178116
110.3474942
99.82312636
106.9520741
103.1505636
115.4060679
95.95015208
109.5487444
137.1270922
116.6782712
132.585047
111.4317196
136.0144491
116.1683083
96.87169253
117.0368067
116.7607085
133.4647529
125.8190117
103.1690119
122.1405888
132.8223044
155.7141668
121.595302
131.1147981
96.5092785
117.8940669
131.5495141
112.5297458
135.5570943
122.5742738
95.02462815
104.9506213
130.9666128
116.2848355
112.9379954
123.4709542
109.6875549
123.3449632
131.2791036
116.3461998
122.6426074
101.4282257
100.8729994
121.9435298
116.814034
100.8913198
122.7977658
135.6431136
139.3452395
136.2528731
130.3522054
123.7952456
100.2763392
111.3305021
119.2178014
122.6108062
116.1883277
108.8340841
99.30590628
124.1972811
136.2984276
104.9633703
94.83822138
104.8410479
108.3348655
105.8638299
121.3940098
113.8559698
128.6128869
113.9036388
92.58697649
95.38394866
112.4099062
97.26024644
115.3453229
114.7424161
86.84328714
102.5131484
109.5398128
106.7819157
97.5077764
98.49026604
98.08794853
133.8394811
130.1775529
98.22086947
106.5681766
93.68435517
92.21087774
110.7139329
106.7236459
100.6361078
113.2122413
92.35501478
98.91271377
106.1423409
115.7925729
99.02952527
115.0276409
89.47326036
91.65703598
112.5055124
102.7272961
87.83557444
121.5758273
93.50400883
88.18450373
85.66637168
99.74802095
99.9628051
96.90802077
122.3153523
104.1500324
94.13006567
117.3883595
110.5618124
118.9435126
123.6995218
111.1625393
108.4289974
97.61522811
106.1428613
91.67714378
111.5009286
94.75220569
95.57115692
117.2142387
113.5090694
111.8480033
103.211039
112.7847846
112.4125038
103.9275046
93.8420864
105.9502501
112.4283399
121.5783035
101.0085129
106.2072691
113.7482126
120.4234158
119.5212525
121.8454556
104.6883944
93.45309308
99.26810573
90.035776
94.06782449
103.5325515
79.56567717
89.51181356
111.6500117
114.3523873
125.4333392
135.0393553
154.7360972
112.6751885
104.7914084
98.29523228
90.77699222
109.8910294
104.4724391
102.3319955
109.7765623
116.551785
137.202958
143.8631963
125.506413
94.69204292
104.277846
106.0974467
102.6449142
111.8797472
113.8305361
103.5587019
107.9459168
118.8798542
128.1266185
139.3811329
109.1836253
108.4750571
96.53208123
105.5269557
117.970891
108.6519389
109.9833465
105.6116971
117.481665
106.7886149
112.7658171
122.6523612
107.134062
101.4642624
101.506834
93.81307535
104.8649317
91.9015939
106.4088919
106.2612618
111.8901754
103.784497
104.1065286
106.5656375
98.31238422
113.8938013
106.9637627
96.99794554
109.9199381
118.2552796
102.8773207
101.3932469
121.5983875
98.84432556
128.0230959
117.0221492
100.6616095
113.048106
103.1276361
96.58336649
99.17906599
85.88033531
83.7701487
94.53160206
114.0739357
69.16008126
75.90959403
73.8549503
72.19485685
93.24660998
88.12894157
95.95625846
62.93372591
69.39661075
69.88949922
56.59152419
67.67507893
84.98931068
86.27178385
85.05459953
70.73199038
86.55980623
76.2916382
64.79040467
53.46485451
64.59832574
60.85830194
54.39804494
70.90937833
82.25832897
83.35915059
87.30813235
82.02283191
80.96216516
55.34589153
47.12682974
69.01284952
56.62898805
62.19377709
66.63914009
80.05804956
70.28181756
69.8175075
89.38434545
92.01365162
80.03028559
51.63286544
42.51114187
63.01689264
46.55407641
57.09209277
80.48737154
79.10337847
79.55364597
66.50324615
89.59990896
94.23127605
82.43026813
53.24624861
47.58422867
48.63774648
51.85166145
67.28166149
79.27799877
61.13346452
93.30449162
85.82262641
94.6545738
91.3892144
80.99037498
76.37047203
61.92498076
47.98519343
47.47539755
48.47663491
68.80037903
58.83060122
88.15246533
78.15597066
90.60938939
93.8514033
71.54796717
76.36083597
55.68676354
59.45456741
64.97639589
58.07918895
68.84555026
58.66039534
79.23277944
87.6306149
79.57035116
70.55102045
70.61822369
75.00149037
49.6911785
45.60568324
53.38319733
70.52053186
61.60635145
73.41812346
96.29479044
99.63951466
95.26276537
76.05439489
66.9903856
67.4410831
50.62596221
46.31752381
49.54906463
72.6422583
61.30622147
83.90261263
94.8326095
96.79737299
89.45288279
69.43127179
74.39419287
64.31851664
61.0272878
52.57629046
51.70332011
70.5425741
62.8320911
79.09982408
81.83814085
88.48432371
81.66682915
80.00132604
94.90311092
83.95888493
66.89518417
74.67775581
79.50896648
67.96119643
69.78925111
74.60956866
89.95251075
102.0631592
109.4253671
84.52116508
109.6238968
91.7005296
81.82351288
71.31513753
76.52606904
76.33425424
67.8419475
71.83925402
20.76308674
22.36425569
21.70330038
20.37152659
26.90149197
26.67128657
28.07395053
18.84698754
20.32617177
19.54106998
16.10025925
20.14328556
24.99337758
26.42447083
25.76084961
21.30822366
25.43759993
22.65089563
18.47924013
15.73290288
18.63207724
16.91807394
15.42464564
21.0938511
23.78790989
25.46625377
27.17551439
25.50633872
24.21091443
15.93803504
13.15041639
18.5057239
15.85527763
17.66501794
18.7606409
23.17158505
20.41157011
20.29288998
26.80674979
27.85449638
24.03439488
14.27469958
11.55910871
16.78148659
12.86603106
16.39610072
22.85386617
22.65538685
23.27081142
20.07637006
26.83030203
28.41376346
24.6424056
15.48401701
12.56138117
12.51350125
13.18491737
18.86771461
22.83087889
17.30424908
27.50095827
25.23486869
28.08519071
27.77846117
24.69913194
22.37864202
17.65966765
13.20273363
12.67464509
14.28965767
20.15482229
16.5790607
26.29150813
22.99253643
25.98401861
26.16449172
21.11348254
22.17054605
15.88383205
16.65516034
17.67697782
16.41072995
19.5550202
16.56404139
23.96736198
25.16819315
22.44899355
20.187458
20.85160119
21.60267485
13.51069588
11.99758635
14.30666359
19.52437358
17.70126211
20.9520831
29.10499954
29.50769913
27.29541653
22.21196585
19.55015561
19.55345313
13.74340045
11.54614167
13.20062853
20.30209036
17.68030384
24.05412977
29.22964981
29.36789195
26.43390968
20.92441504
22.16919465
19.07353475
17.46834364
14.47889105
14.85556773
20.03025085
18.21904425
22.97196325
26.13152589
27.35713374
25.35005464
24.86751915
28.67403351
25.12767563
20.16287087
21.40823044
22.57329599
20.10708921
20.32867882
21.35014074
29.75940731
30.95941008
33.81745504
28.57153844
33.77743512
28.24212485
25.30449885
21.92970346
23.38518961
23.31007914
20.4187719
20.29878185
4.173251901
4.390290628
4.267917871
4.043154594
5.215392283
5.261973158
5.379351907
3.810226578
3.977116034
3.759952931
3.240983629
4.045390572
4.903896768
5.247728927
5.116269585
4.342567475
4.991320691
4.474021097
3.66962867
3.187432868
3.627040773
3.31153566
3.101131679
4.164158077
4.663318617
5.082009568
5.451350356
5.138624099
4.786838653
3.214782701
2.635793388
3.469006108
3.109709406
3.432675969
3.684835583
4.505757364
4.093278387
4.1097173
5.320807611
5.532420952
4.761510621
2.852259508
2.291067638
3.122396699
2.551628108
3.251412047
4.389423731
4.386813709
4.59270713
4.118999887
5.325469468
5.633972813
4.878623731
3.1356997
2.444095262
2.387837748
2.502048129
3.608629429
4.393166482
3.446629309
5.386122477
4.986505324
5.530885813
5.523887524
4.929846492
4.364737158
3.411374073
2.587838028
2.472994747
2.891908096
3.929763552
3.296912548
5.218718041
4.624597057
5.067167303
5.038168727
4.244058459
4.317721077
3.147922891
3.181815699
3.331519659
3.229908422
3.776549428
3.293661657
4.880511056
4.949006375
4.440121461
4.032683909
4.127923908
4.176574047
2.662870694
2.325718815
2.764267886
3.715533201
3.510572995
4.060122274
5.807045628
5.803656882
5.299886321
4.390896514
3.914595113
3.827093633
2.690954068
2.202181905
2.571535691
3.865903351
3.535209559
4.636208651
5.898888265
5.85264658
5.244446172
4.284003361
4.429491892
3.849433766
3.420805371
2.850881171
2.977567708
3.876091679
3.648436451
4.492523657
5.530389902
5.575839694
5.228643734
5.122910733
5.706382856
5.0012524
4.096757673
4.174586202
4.356221977
4.027119634
4.015077952
4.195355879
6.422394365
6.269460751
6.856999573
6.263341509
6.794945531
5.711844551
5.163464244
4.511705501
4.682504295
4.645880118
4.10840053
3.952240288
0.6802035094
0.7003193335
0.6827562287
0.6596431871
0.8196410108
0.8331831237
0.8324338956
0.6245281588
0.636638915
0.6003398404
0.5409226
0.6602078114
0.7805383515
0.8349402211
0.8165950078
0.714878009
0.7920416504
0.717326362
0.6003493001
0.5293189825
0.5819711966
0.5391887527
0.5173080656
0.6668908362
0.7473243357
0.8154969297
0.8732308811
0.8276651194
0.7641194813
0.5360534193
0.4418527442
0.5441620891
0.5083020301
0.5525647589
0.5981467589
0.7157471084
0.6728804995
0.6806405492
0.850168856
0.8814934186
0.7623016211
0.4795476435
0.3859767192
0.4886467535
0.4259692927
0.5321216864
0.6906042931
0.6957053391
0.7383226882
0.6843477255
0.8507601077
0.8965813165
0.7809398393
0.5253843442
0.4069414736
0.3925945011
0.4086935359
0.5701998818
0.6896976081
0.5695607437
0.8517797189
0.7978152838
0.8769669307
0.8806842464
0.7909421848
0.6917526318
0.5433450667
0.4276306067
0.4113857156
0.4818598862
0.6251799117
0.5446681126
0.8365620405
0.7553713423
0.8050392273
0.7964017162
0.6932122512
0.6838871748
0.5152765557
0.5057305951
0.5250342704
0.5245113482
0.5988507807
0.541605904
0.8014064838
0.7949969785
0.7216018132
0.6638172291
0.6667984729
0.6588313437
0.4411748567
0.3843195214
0.4511159985
0.5836318391
0.5708147138
0.6461836825
0.9294459752
0.9189962163
0.8368560329
0.7110955334
0.6427607634
0.6137287774
0.4423270814
0.3655423246
0.4245126422
0.6060812273
0.581356098
0.7306376953
0.9529785699
0.9348582956
0.8428495812
0.7139332585
0.7220939243
0.6336307701
0.552577942
0.4695648663
0.4925472599
0.6172408065
0.6009649404
0.7175684154
0.9354293352
0.9121633944
0.8657883519
0.8511841974
0.9148519327
0.8052473041
0.6762218348
0.6684583056
0.6883544499
0.6572927328
0.6519805769
0.6767875582
1.098376549
1.024130138
1.114334354
1.077441899
1.095487332
0.9283195406
0.8496598627
0.7498513955
0.7569251999
0.7489936657
0.6724277672
0.6364631641
0.1142368042
0.1144396425
0.1114842922
0.1101405602
0.1279988089
0.1309787423
0.1288530733
0.104758736
0.1078638021
0.1033217755
0.09679216279
0.1115413804
0.1261399211
0.1320020858
0.1290874581
0.1173431003
0.1249510267
0.1177422056
0.1037234909
0.09293414192
0.1011021919
0.0950226496
0.09221511858
0.1091500911
0.1236501149
0.130909148
0.1376051315
0.131031537
0.1221708072
0.09554629377
0.08106687135
0.09384663315
0.09220795894
0.09656926848
0.1032710455
0.11829181
0.1150929497
0.114710722
0.1335803767
0.1377719607
0.1235604821
0.0893085185
0.07475837185
0.08636286665
0.08062299803
0.0940348115
0.1134891291
0.1149763465
0.1205856211
0.1142578121
0.1331832713
0.1397889553
0.12637888
0.09554415561
0.07822416108
0.07595353054
0.07716405489
0.09671788689
0.1130027452
0.1016759346
0.1333477157
0.1263346478
0.1361269629
0.1379771372
0.1268131378
0.1125600837
0.09321735859
0.080794034
0.07924879173
0.087458672
0.1047118734
0.09744997137
0.1331405965
0.1236328956
0.1279320282
0.1278758178
0.1150730662
0.1104206689
0.09088599467
0.08985140527
0.09247236189
0.09076703296
0.09925465639
0.09436952805
0.1305397923
0.1286727244
0.119483802
0.1146033636
0.1118675285
0.1074596712
0.08044324838
0.07212985335
0.08296704048
0.09684454618
0.09677074174
0.1081339825
0.1438805036
0.1417127577
0.1313047404
0.1201619553
0.111032198
0.1033310649
0.07933248747
0.0705153861
0.07844072866
0.100283641
0.1013877489
0.1201434078
0.1479787767
0.1440411353
0.134329013
0.1227253845
0.1226313744
0.1084533192
0.09465726792
0.08415839334
0.08700730354
0.1037881057
0.1052344443
0.1192696532
0.1519648974
0.1443112007
0.1400580363
0.1408402725
0.1450582721
0.1297723654
0.1148527978
0.1116007419
0.1119620255
0.1119522937
0.1128067276
0.1145697474
0.177735667
0.1608653082
0.1721559845
0.1739509423
0.1686998036
0.1468806014
0.1392041019
0.1257586486
0.1242106039
0.1250314269
0.1157833649
0.1090938996
0.03679374887
0.03557541696
0.03415603588
0.03428821241
0.03543216948
0.03674321418
0.03628479972
0.0333542137
0.0366509711
0.03631826617
0.03499382424
0.03674923406
0.03797044347
0.03744936095
0.03610393135
0.03429275504
0.03497564592
0.03643949663
0.03540436654
0.03251328218
0.03631902122
0.03437910956
0.03294344599
0.03405984127
0.0390217725
0.0379657415
0.03774746707
0.03599064863
0.03532413764
0.03413999309
0.03079203362
0.03428624433
0.03547867344
0.03490148198
0.03575570073
0.03812265575
0.03786148066
0.03560039958
0.03626115353
0.0371172045
0.03702057054
0.03452244452
0.03156141478
0.0335755883
0.03291205463
0.03411606572
0.03667301935
0.03705400414
0.03641238529
0.03439952294
0.03566631795
0.03744366611
0.03768125397
0.03541590529
0.03266627054
0.03259357362
0.0318843172
0.03370730906
0.03659206433
0.03688304768
0.03664947051
0.03492074623
0.03608198329
0.0374656152
0.03667754144
0.03493095546
0.03296706802
0.03322241083
0.03338296633
0.03310014167
0.03509776517
0.03560097931
0.03732801234
0.03620698548
0.03625948163
0.03773561181
0.03539862153
0.03353356346
0.03284591597
0.03457795164
0.03522910515
0.031727344
0.03228566398
0.03268971163
0.03729532751
0.03748117345
0.03644583
0.03835970852
0.03624623766
0.03396203914
0.03056118581
0.02915866598
0.03266490086
0.03215634776
0.03208776981
0.03587073899
0.03669599254
0.03668099445
0.03628906837
0.03929105136
0.03773991816
0.03434589312
0.02933532109
0.02950318553
0.03065973805
0.03336904824
0.0354399388
0.03875916323
0.03703417249
0.0362847892
0.03739051945
0.03992391282
0.040260566
0.03594378214
0.03238219694
0.03108929386
0.03117744955
0.03487778264
0.03684708184
0.03854508122
0.03955922179
0.03726134323
0.03808638757
0.04082813237
0.04004009257
0.03756753811
0.03710629017
0.03620026463
0.03489124649
0.03733846668
0.03915739596
0.03810844026
0.04447355399
0.04011418973
0.04105983742
0.0431523762
0.04088123711
0.03873859685
0.04013229984
0.03832004868
0.0379350379
0.04041016767
0.03958098659
0.03733979164
0.02755344362
0.02639650654
0.02502785544
0.02514706398
0.02456875698
0.02564338933
0.02567580809
0.02498220544
0.0282162146
0.0283094501
0.02766897959
0.02812343232
0.02754513857
0.02638662596
0.0251486988
0.02423111958
0.02433573078
0.02667794168
0.02711368582
0.02537660812
0.02858410877
0.02717764437
0.02588158955
0.02559530657
0.02886048574
0.02689579365
0.02580273978
0.02462140131
0.02503240378
0.02672024625
0.02488590828
0.02738111937
0.02863541557
0.02754470222
0.02769814198
0.02864898652
0.02843138597
0.02595512262
0.02468597616
0.02514092547
0.02666112627
0.02774479784
0.0265231353
0.02754025008
0.02718742691
0.02694001881
0.02763040909
0.02780534817
0.02636797284
0.02466042029
0.02405323008
0.02528029254
0.02706186904
0.02794486597
0.02711173834
0.02731146652
0.02646372588
0.02638343715
0.02770499903
0.02889722452
0.02521058091
0.02402467302
0.0242096072
0.02550376679
0.02592505668
0.02577892481
0.02591104146
0.02746065274
0.02779519596
0.02677144795
0.02696967768
0.02806323144
0.02582192219
0.02555614318
0.02532922788
0.02693857442
0.0257677228
0.02454883742
0.02595238479
0.02809930294
0.02847498806
0.02475344056
0.02444927053
0.0253466857
0.0258645906
0.02638134527
0.02635903166
0.02893758952
0.02717184025
0.02545509761
0.02465107745
0.0241038628
0.0265079935
0.02462478254
0.02454827875
0.02737519231
0.02385533329
0.02418921694
0.02508561446
0.02946701267
0.0288894111
0.02620230874
0.02344448219
0.0245275442
0.02491697584
0.02575116086
0.02763582181
0.02912563889
0.02364733016
0.02342968939
0.02571955247
0.02972838463
0.03023800123
0.02727041585
0.02509782359
0.02492030872
0.02480762506
0.02687048751
0.02858321233
0.02887302759
0.02548285164
0.02420547566
0.02550461632
0.02835160493
0.02739100565
0.02661356662
0.02783750936
0.02729955858
0.02605288105
0.02846600856
0.03020442601
0.02890072509
0.02765090015
0.02531303413
0.02506968697
0.02674914186
0.02549763862
0.02573450381
0.02801583307
0.02759092516
0.02770791273
0.03028230074
0.03041716685
0.0286312027
149.6953914
150.6907425
143.0954006
131.8122266
108.5401671
161.9337403
153.6131869
157.9103376
137.3770608
104.8441122
152.7785128
142.527005
141.3579213
120.8872469
136.9155717
153.3776705
146.52342
114.1583874
99.17165132
129.4718925
126.4810718
149.2738369
147.2279633
143.7242991
170.4731928
137.2741436
132.6812075
135.5096219
108.5818444
141.1484147
173.6666335
157.0107238
136.8776293
105.2133042
134.7280731
169.5968963
151.8955943
130.1477494
95.08021553
121.640006
141.6694557
114.419937
117.8469045
100.8977504
135.66324
104.8820848
90.87298348
94.61387895
101.0901124
133.8412253
124.2440661
129.4167653
145.8534548
140.0688488
119.4604235
140.3060839
149.7639332
144.4916462
133.6846403
111.3108191
124.6448924
122.3697505
118.9723126
111.9035276
93.23178511
140.270221
139.8770355
140.1761381
111.6638272
85.85237828
122.031129
145.3057526
146.4022537
116.7947995
129.2439952
96.83560868
114.8652813
113.169186
87.01359095
101.7805239
96.16944434
125.0714206
112.345364
110.5004629
169.7963342
109.174717
132.9418838
119.5655288
95.46216483
127.5666739
132.0983245
107.1587719
97.70264519
104.1074529
122.4386057
113.4934075
96.66781464
83.51132293
77.3620501
91.86535394
122.2489314
106.7498644
109.2017958
95.83651576
128.9986164
99.41410113
112.4286482
118.5702194
109.2984839
137.2125766
113.2218707
122.4716834
138.7115916
132.2420126
132.5402719
126.4295288
135.989803
131.5935301
120.3957277
102.136566
119.7204626
127.314691
115.4605096
96.7906134
77.72157297
125.1148101
138.4319649
148.9832344
129.4105297
99.02710756
113.3528114
144.74749
147.5564391
121.9045175
135.7617929
102.0932578
125.407423
110.5801
90.38989455
119.5068009
112.5307275
122.872823
113.3335148
88.36568334
121.4722538
121.0352343
140.5755627
97.11765826
66.33834234
78.30287021
115.7784888
104.0355322
97.81554372
83.55542911
84.86028965
121.8006027
121.1413004
97.90568909
104.5993712
123.9367984
103.5934118
108.574217
90.55546744
89.22452183
127.4234208
87.25532782
88.82434373
84.88894839
88.73161385
114.4917163
121.9054461
117.2053533
129.8208697
124.8194902
105.2248704
115.484566
118.7699866
121.3193073
105.1527563
85.07431854
120.5613753
132.6142326
129.255555
119.4983347
98.15611682
102.4084542
118.7409277
142.1006575
134.9613658
105.8318325
120.4299023
130.101021
141.5003365
120.5219706
133.6202406
98.17894949
130.5476989
130.1988507
95.97548545
113.9286423
99.00817862
127.8400828
122.5318891
79.31330234
86.465646
129.5157385
107.0662834
85.1184387
73.1910324
103.3147336
130.6716139
103.8020269
94.47565446
100.3337179
113.3013267
125.6494263
130.4370249
116.0190775
100.6253561
130.5915768
122.421708
111.5243943
105.9437699
87.11805135
111.3567432
102.4961688
99.41076845
81.25268235
71.94473639
69.84158537
110.8143839
99.74405432
102.1058658
107.0576987
84.75809238
93.89466802
95.07626127
103.6045095
107.1115381
91.76717309
123.9233706
134.4257011
130.0546003
121.7458909
100.9073557
92.48716524
105.0408616
119.3670917
121.8299388
98.41166578
99.09873273
119.9500547
130.3846441
107.9879347
114.8903018
83.89768057
99.78584796
113.2457085
81.11387789
86.54748205
90.72735285
119.0728793
126.7121576
89.28842574
111.4067034
118.566965
112.2871746
115.5434049
87.35286544
116.1492669
114.1633297
124.4876644
118.7229314
87.78346997
84.07921321
129.3254112
128.300238
103.8400096
88.0376517
124.2313293
129.9045144
104.0631825
99.34359541
76.64212778
82.55057076
92.80495661
86.60698727
90.02048505
90.90048485
75.14994319
96.62362122
98.91440763
113.5042953
110.6733202
82.36494176
101.2973323
101.1358697
103.7188943
103.4313969
87.32720634
124.7857101
132.6971169
130.9907492
125.6450854
105.21306
104.3352631
112.4196065
128.4340592
124.3078692
96.11052768
84.58392959
90.2269235
104.4346461
86.92392274
85.38349623
76.19182943
74.03423319
78.99607152
75.63673613
108.9391244
81.95415828
95.57241099
112.7689852
91.73532792
127.3561396
93.17605175
112.2609405
120.3587411
96.48167254
125.4473273
112.5299056
114.6156341
127.6136417
113.2655875
100.2068358
105.3429134
106.4500495
115.2092302
106.5841215
154.6840883
122.0371759
97.20041816
89.67036963
84.77266227
121.43983
111.8887752
116.6137206
109.9325772
92.25907521
100.8936726
109.3819832
120.7109126
106.69895
84.42864852
65.54323071
118.9045933
119.1813953
99.56246678
81.07786778
64.89995458
114.0375125
119.1050302
120.2304315
121.1074534
104.8768689
93.33381273
88.76693352
96.23061877
108.7138062
99.58247393
110.8938414
93.91695998
85.86942599
88.53107392
115.0222475
97.33169572
101.2121949
85.16560882
83.13154279
125.0210532
94.53340881
114.1739388
110.1851973
92.90285749
132.3713089
90.95962086
94.02737626
92.41822397
93.56734811
131.6382585
105.666001
128.2441626
111.7991513
112.2714633
116.0717839
134.6297135
139.7794496
122.8577612
95.71938575
106.5001409
138.3597942
108.3617221
103.2265688
93.03816276
130.1208253
125.9797669
105.3171174
95.6590144
80.48719671
83.00452297
131.5199193
130.9618644
134.4022561
117.8447927
87.19588984
136.8438603
138.7447823
125.5658801
109.7799813
88.30977642
107.5077949
107.3218899
111.3298781
115.7822817
104.8607496
104.4344454
96.90274776
94.05219124
102.0714507
115.6339148
107.6739606
122.2686328
123.410166
107.5768254
129.6834003
88.99732573
99.16948175
110.3376496
98.51594307
124.6167867
104.6207352
113.9585516
101.5223549
96.48014566
130.1153592
124.4955526
112.3127591
115.8331032
114.9822021
137.5978929
125.1112215
152.4290296
118.1533146
91.46116877
83.89096111
131.8647577
138.1672259
107.5627795
106.6485544
125.8682525
112.2333632
96.0268908
91.15629102
104.0760359
164.7707969
112.509168
109.8877342
119.9753323
106.4677059
122.6097432
126.1007744
129.5211001
141.4719184
129.2027535
105.1015764
122.806254
130.1199085
124.7817789
115.5715586
99.01704621
116.7274513
126.7314151
125.2568861
114.1405571
99.69233386
89.37718682
101.5306824
109.7999059
102.6690554
93.53893214
98.73288961
120.0420429
133.7881837
106.9263628
108.4482794
101.8544607
101.6349811
118.1913
105.6981719
93.67417544
110.2622919
107.2112605
108.6602102
110.61395
112.8638886
112.5185936
95.31778204
104.9300214
115.0843465
136.6506256
104.6108498
95.70090688
83.15341079
87.04673797
78.37979335
102.3416564
110.608945
99.22157647
98.20144791
106.4736011
118.9848093
117.8443923
105.0870828
90.15441319
110.1185845
130.3589702
147.0316278
139.8692188
101.5233927
102.6940885
119.8937134
117.7406369
116.9399068
102.7575144
104.3206988
118.6329471
114.5057082
102.0821572
94.57658658
95.58365137
80.18446103
81.20060299
74.81282037
74.31947855
79.45676468
71.47279503
79.34063151
70.9805803
67.54008389
77.07779123
71.59347557
90.92619433
92.95570405
76.9554867
84.17045571
65.75403809
81.04132386
91.60163871
88.08675853
82.62937117
57.32600425
59.93115472
64.62432007
72.13060145
62.37613911
73.2005853
76.5829312
73.77755055
69.47984105
83.36843211
60.27580117
69.41020292
56.66133885
67.97674505
74.65430071
64.79253749
70.58220839
53.42831164
56.1271075
71.24808357
82.07978094
70.42278286
59.69862588
57.66944529
52.20108294
84.07478932
92.70162072
86.12461813
58.5711573
48.31694552
81.66798721
77.68690967
77.77298898
69.93058447
75.0065013
67.35515224
61.20852453
60.95670537
64.49786757
64.33792794
23.08690282
23.31652384
21.73802634
21.86945724
23.52291595
21.77751191
23.36081161
20.99257079
20.30558042
23.16017365
21.7230552
26.45682229
26.73014685
23.34461806
25.17703672
19.49664552
24.00866077
26.86946651
26.43055919
25.34544656
16.15536809
17.27456927
18.71313982
20.56807341
17.89909064
20.58332888
22.49809154
21.3965052
20.07463582
23.29758049
17.39823759
20.30722929
17.20741212
20.27954875
22.94409875
18.98652998
19.90501211
15.24293022
16.12687703
20.33481756
23.42526286
20.07010042
16.9318801
16.28055925
14.20718813
24.12257922
25.62065468
23.57171575
16.70451853
13.26965397
23.24127947
22.4438224
22.26119278
20.59558374
21.6368816
18.99029413
17.41953643
17.61003566
18.7249225
18.92116667
4.51527253
4.575423977
4.349817563
4.376224595
4.634360893
4.375575785
4.595508487
4.231561148
4.139330664
4.602905282
4.390339644
5.139066258
5.193411614
4.729426591
5.005857224
3.934608962
4.71928378
5.237872977
5.221797936
5.074654977
3.238396826
3.47772642
3.744525509
4.019740353
3.595362522
3.957532884
4.372564008
4.183874394
3.987580465
4.485723737
3.47873293
3.97863934
3.511344178
4.026629711
4.568626253
3.787379147
3.848605068
3.064385636
3.224374432
3.939722056
4.527092227
3.947172931
3.349737695
3.16176036
2.784135488
4.702993887
4.856199943
4.444719765
3.304565977
2.644702106
4.493431493
4.392398944
4.326322353
4.077471929
4.198043284
3.736806369
3.484270772
3.513446313
3.695513467
3.762038548
0.7227146481
0.7344900697
0.7112831615
0.7149338308
0.7446055563
0.7107079721
0.7366357564
0.6955240458
0.6862834043
0.7442966308
0.7166030522
0.810198677
0.8207483559
0.7732678178
0.8070239919
0.6462145941
0.7509912726
0.8254568979
0.8312211266
0.8171033661
0.5394806321
0.575692926
0.6133927063
0.6458339683
0.595537611
0.6276116685
0.6898524135
0.6664703273
0.6465966316
0.7094127661
0.5719777952
0.6360998619
0.5816372347
0.6495238081
0.730157321
0.6187526661
0.6150773084
0.5108169833
0.5331686835
0.6282927401
0.7168874918
0.6379199809
0.5470923008
0.5093437568
0.4573653245
0.74697213
0.7549315168
0.6912107481
0.5371165467
0.4407549624
0.7125969328
0.7013578812
0.6874396398
0.6543921933
0.6642408117
0.6087046244
0.575192203
0.5761337414
0.5975291022
0.6086106239
0.1193455292
0.121345274
0.1202015908
0.1214103311
0.1245106117
0.1187666892
0.1214081025
0.1181134761
0.1179755102
0.1254929464
0.1194114881
0.1287324406
0.1302239343
0.127811396
0.1328622357
0.1090808038
0.1203799322
0.1297530076
0.1321968902
0.1325354036
0.09608885349
0.0993740106
0.1033898216
0.1074825982
0.1037552774
0.1051827906
0.1116724505
0.1081529257
0.1071051931
0.1152083302
0.09954996889
0.1059496336
0.100245263
0.1078999547
0.1177636422
0.1073195192
0.1049378369
0.09165680216
0.09527506545
0.1073489204
0.1184432677
0.1083984886
0.09471527611
0.08881406231
0.08552457052
0.1213761767
0.1199850711
0.1118894271
0.09095325779
0.07857974497
0.1174341097
0.1156675928
0.1125933267
0.1068956202
0.1078268241
0.1054756946
0.1001946261
0.09889057771
0.1001093596
0.1008665963
0.03765741585
0.03809120262
0.0388495487
0.0398034518
0.04036786542
0.03790814641
0.03800537568
0.03839678945
0.03920389899
0.04120072992
0.03743687581
0.03740970579
0.03747036152
0.0389704248
0.04096335129
0.03488237725
0.03528891244
0.03656848766
0.03791580166
0.03940630055
0.03410981495
0.03303437506
0.03291266626
0.03413302771
0.03516632039
0.0350939084
0.03445249374
0.03280194958
0.03320924257
0.03528667739
0.03444708809
0.03447385338
0.03359886955
0.03443099871
0.03545484749
0.03730139637
0.03605900946
0.03328896865
0.03482965156
0.03751425656
0.03827904009
0.03639613535
0.03273105961
0.03195504032
0.03428039096
0.03731291361
0.03606099181
0.0353114758
0.02992109158
0.0279403257
0.03743457052
0.03663809815
0.03523592352
0.03283581704
0.03321005238
0.0362566981
0.03424895439
0.03296384332
0.03213522193
0.03164849661
0.02797542574
0.02817780386
0.02903314068
0.02990685805
0.03025604551
0.02820196532
0.02809171216
0.02883647078
0.02981046952
0.03103578701
0.02753010681
0.02662502876
0.02659670434
0.02828711676
0.02984531661
0.02592162369
0.02521474819
0.02560243345
0.02675160778
0.02820277165
0.02647954258
0.02493220727
0.02439905277
0.02531212837
0.02667882459
0.0268050121
0.02536217143
0.02391990753
0.0243610127
0.02575765182
0.02660458568
0.02603778582
0.0256169919
0.02573597107
0.02595202972
0.02882041238
0.02777583558
0.02623730163
0.02755750654
0.02926133594
0.02877545361
0.0278126453
0.02537450815
0.02530064426
0.0279274356
0.02737108057
0.0263882262
0.02638376443
0.02271773675
0.0218683314
0.02789448294
0.0272168089
0.02605606858
0.02414863951
0.02438130263
0.02771581209
0.02616292093
0.02495189791
0.02399436429
0.02346009942
137.3460701
138.4760086
128.8688731
118.5509858
97.48847981
130.8133428
119.6765728
117.9781944
119.0870332
99.62750184
138.1132805
131.0538882
138.0979255
127.714673
153.2585029
120.0877807
146.8952691
151.5693
136.92921
197.047169
126.5770465
125.4001999
125.939806
97.53416437
131.3503606
130.7231786
139.0780631
127.855764
93.89769799
127.4476241
140.168875
106.0046943
85.79757498
83.40541777
125.0469552
126.019233
135.7373394
117.9477964
140.1867847
190.1319164
144.7133676
156.1305066
142.8668442
122.7220778
144.4292515
137.1171687
127.5750221
138.0942323
123.4192015
138.4016632
162.0307381
147.5793287
147.2756731
131.1400914
101.6869652
150.7457233
125.8706411
101.9231424
82.18427987
65.43601341
127.6302702
121.2546758
107.1064058
90.93965232
74.24149274
124.2294159
120.7598287
128.1372352
118.0820866
95.13144406
145.4523161
130.3520835
138.9605748
128.2082811
145.1737812
136.0554098
144.0809546
134.5470889
112.814033
137.7151536
128.6708243
132.1213978
104.5524775
74.73746626
87.10297715
145.2861187
147.9504446
126.4586057
89.15020731
106.0282855
134.2118852
116.7106727
112.4085066
74.9033136
80.78833337
107.7904281
135.9622942
126.7736475
94.96355477
97.85257266
115.0954755
134.2140165
120.9461276
109.4122713
100.8464298
135.4719439
123.6798344
126.792825
117.3820089
123.4375218
133.2344216
134.6715997
132.1319035
126.4649658
100.0292634
124.1901848
123.6086116
116.1971677
110.1614283
91.89557823
126.3318258
130.2241435
120.1066172
108.3975394
89.59332471
114.0810425
122.6233125
112.8569525
96.60907691
85.41275368
122.2475036
112.9800589
126.7614095
133.1576653
142.1098704
98.16653303
89.36171123
92.66141829
98.80146659
94.20159693
120.5652182
108.6592326
101.1843724
85.29089767
105.0567121
118.5282215
129.6804871
111.2946419
98.35650842
95.99119723
125.5859876
113.2139515
116.7365396
88.40210342
110.61711
114.1577808
130.9135959
123.6383013
92.71590551
116.7461129
120.5247558
115.7606079
112.5877608
95.252513
106.8491771
118.4287926
100.5171902
105.843869
111.0068541
101.4452742
111.724433
107.2976787
124.7275549
126.5480299
97.76171278
107.1787415
104.1919679
107.9122705
109.0319587
93.05372789
118.3674977
126.0405466
122.9598482
118.4218256
102.7037653
123.2040776
119.5312832
115.1181582
102.6080122
107.1862273
121.5130167
95.82126973
88.68303662
89.89392897
112.1416048
93.82275864
80.44745492
70.27516348
64.66453267
73.44284276
104.6555089
111.1342005
90.1378377
79.75504033
115.8195716
120.0417458
135.8329037
119.0110107
99.73685018
125.4125372
97.7662471
105.069246
107.1755467
90.08263212
126.2717814
98.48367742
110.8551151
90.45085207
85.40913483
123.124529
104.5334326
108.6663738
88.83863142
72.66316585
85.71894738
93.7854383
94.77421924
103.6179442
101.8176797
115.3713858
103.1246873
98.12173384
108.2439424
115.7692092
95.38202217
101.1885651
99.48392553
103.5092244
105.7668292
90.5711856
125.323375
126.6323238
117.0147913
109.990844
92.54829264
117.8561128
119.0607546
99.47414232
74.69256885
62.76433653
104.7151795
102.6212143
100.227406
74.54720522
75.24140965
104.9055875
114.5272305
113.3748901
83.31090231
98.25745742
124.129538
118.5500717
115.6752416
95.52551703
129.1852996
121.5532069
128.3582017
109.1955772
114.5122367
141.9198546
120.4833347
121.7765404
91.63252234
93.15109921
125.9988819
97.60484175
96.55820691
90.52174582
108.7621917
140.5869723
108.353877
105.3714906
101.6110226
92.05008516
121.9386183
105.3828819
110.1719773
104.4565274
102.053391
127.1053212
98.28512006
108.5088005
126.1531471
122.4925207
98.16186364
104.8216389
113.4509026
106.3280289
92.89087872
76.2469158
123.9591155
118.4063233
106.3525477
95.63479365
78.55269044
115.9679928
109.7042077
100.834461
77.23792354
60.83239786
105.3693553
110.6762872
99.13185041
82.21281499
98.47015916
117.3112587
113.0705718
115.6359944
80.60740674
85.95421996
120.073268
129.049623
124.0666896
94.14272226
125.4808683
125.5803644
117.9493926
117.0572168
100.6568576
130.5259063
124.2735925
129.4305211
106.0634809
100.5802629
103.1570557
102.5388406
129.7154096
119.6988005
102.2244269
128.8941281
98.26271161
121.3665589
102.9124404
88.72260628
120.1832803
120.1468572
119.14679
115.743265
105.7172138
127.9308184
130.8132667
121.4959311
129.5346816
121.2334156
97.22182723
121.4685627
117.2860397
117.1836635
113.8707976
96.19891737
132.0121855
124.8824755
103.9339155
83.93282183
66.4433155
135.5086224
113.1699803
97.42700857
86.67137361
70.04973394
117.1070453
114.6134811
115.9476215
96.92647264
110.3018382
87.47825651
96.09421644
113.0729826
93.307134
118.8485226
104.475039
118.4990737
103.756264
87.60539966
127.9358005
118.2550808
111.2647244
112.1513431
91.10094669
127.8702847
94.02194515
108.4494579
117.2122435
94.79298633
119.0752065
88.72782356
129.4597382
125.0047318
95.8417298
115.8654276
93.11309314
126.2877772
112.2742183
82.81086478
95.10425977
107.5413988
118.868195
97.99713722
90.02581461
110.4413864
113.4293055
103.593231
94.19703967
85.57588122
79.48240408
134.8323557
134.725273
128.6291948
121.6324891
102.5129238
118.163433
122.3206397
111.2730409
98.23697844
80.44857456
116.1921138
104.8737369
87.50563768
71.14166045
61.42847559
104.1729265
122.4320199
121.0823345
89.12872731
81.23391497
80.22008758
95.43051487
111.9794642
96.36995847
119.3946275
107.2878318
130.6011854
116.9864416
94.76444469
124.1651821
137.2959598
137.2017741
106.6637597
86.30057278
114.5757053
119.0772339
129.0579533
117.8516595
92.83669868
110.1950435
101.5186984
117.2278949
95.05982785
90.03624179
93.09467951
100.4766329
97.64638845
84.91161877
90.64961584
131.4292775
102.8567685
117.4874045
105.5299253
102.1579432
102.6810077
123.1988492
119.0488859
116.9235063
108.0649677
114.2798231
128.4843549
130.020779
124.873558
117.316167
101.4059148
106.6036302
110.0579815
100.9703476
83.97075752
74.78644979
89.46800021
91.98794232
96.56210022
89.13738494
96.11930168
86.41463968
102.1261874
112.0328922
106.0396285
101.0994659
86.50914033
86.04083829
83.02626472
91.30578666
99.98253968
102.516612
125.1108286
98.39457179
95.28439723
97.99054497
115.3850791
130.659726
119.0319287
94.66207573
78.39271346
93.75676955
108.6846719
105.4737249
95.27055015
80.05527235
87.43850367
94.29038531
74.87013605
75.00395473
89.25645327
81.15296916
83.61388556
85.9296594
83.74834858
108.8435083
104.6884886
116.6329865
120.1228267
101.6879341
107.2230048
116.2632274
103.9218022
102.6028887
93.90967491
103.3927535
95.71864758
93.76045568
94.98082737
84.6610572
73.61598133
63.01299166
56.91416837
56.43371102
60.62589828
69.64775139
73.87690481
68.00884815
72.84988114
70.32209111
78.96989695
78.87895719
73.88653115
79.71329107
73.71163844
58.96505507
72.5867469
71.12398616
53.37845698
46.20730141
40.0117769
86.66802008
92.25096003
69.87579415
63.68619409
49.93819571
93.23050627
103.2308511
106.7362999
78.15411848
70.33368887
70.96255552
68.62634654
74.56710537
95.80262346
86.91329105
86.80785969
79.35907041
61.28404793
77.4497549
85.94458497
75.2289514
80.77856304
67.48246702
79.55525032
91.62058611
98.53962156
90.76946052
77.57539549
83.84035123
93.55631044
82.46596323
66.51879834
61.64475417
66.4448884
79.96574804
85.15285619
82.65579195
84.66913335
78.65900408
68.62249697
18.08538863
16.26936783
16.44637562
18.32887454
21.07192987
21.99865878
20.48332859
21.44659027
21.30809784
23.33819264
23.98911563
22.26023167
23.00235541
21.01214743
16.85296093
22.70388833
21.99504266
16.81614926
13.24035763
10.42715887
26.9769162
29.50406951
25.97783409
20.48311554
14.71701389
30.01062067
38.54495005
51.08675508
32.11880481
24.29990298
23.49087118
24.18463782
28.1142317
31.46283494
28.44729995
29.77980329
30.30545182
23.15974565
25.65552713
27.21794927
33.41952703
45.01023064
30.24737329
27.40447899
28.60792265
34.17576996
32.69580736
25.60830825
26.24836509
28.62774711
26.32575456
21.89252836
19.87213496
21.0529592
24.19609843
28.58206076
29.42165585
30.73588994
28.10620978
24.50154098
3.59822731
3.294937759
3.343424425
3.704460642
4.162903243
4.341558218
4.11311522
4.231775712
4.266094427
4.565452515
4.770912974
4.476503538
4.477921743
4.064013739
3.347863581
4.666672202
4.518325865
3.601505767
2.731253353
2.079091993
5.554740171
6.287117105
6.048113623
4.485375443
3.131935843
6.379178637
8.8528638
12.26251951
7.769727234
5.449826639
5.181603145
5.675239173
6.653308977
6.702304534
5.978917088
6.59174926
7.107921739
5.539280225
5.504789564
5.609643121
8.262686405
11.25704818
7.597486143
6.069494588
5.896019543
7.498498528
7.410400978
5.721999916
5.473973128
5.766623914
5.651251117
4.901513014
4.41639033
4.501945751
4.919200583
6.30254485
6.670647273
6.949047718
6.355539398
5.605225324
0.5908634129
0.5514560018
0.5580674457
0.6068113035
0.6642370358
0.6989657353
0.6705853505
0.679853423
0.6879004415
0.7216492303
0.7682739692
0.7298579884
0.7129942324
0.6452148116
0.5480427223
0.7712563609
0.7517662861
0.622216314
0.4689193187
0.353270494
0.9198773919
1.065692353
1.073900793
0.7895915164
0.5554099171
1.080835204
1.538518229
2.096430208
1.393545123
0.9651068854
0.9113321235
1.03762692
1.197813277
1.133116311
1.001407224
1.14577757
1.266716256
1.016821485
0.940072105
0.9247749568
1.487283096
1.96085588
1.384847439
1.05207097
0.9723387773
1.278205671
1.287107454
1.009121038
0.9180091199
0.9338835351
0.9707480219
0.8745127912
0.7896311684
0.7795198078
0.8168061248
1.09873005
1.173145673
1.212905608
1.120603212
1.006568823
0.1029211669
0.09753074374
0.09730995733
0.1019551403
0.1075044934
0.1178463735
0.1131776748
0.1117549732
0.1115249894
0.113986094
0.1274684565
0.122434384
0.1171045247
0.1064151263
0.09440160883
0.127972559
0.1262477186
0.1077570504
0.08359438766
0.06280542835
0.1487138317
0.1714940775
0.176747012
0.137238722
0.1037301919
0.1759077705
0.2406284462
0.3096456167
0.2234348553
0.164293243
0.1543149316
0.176660225
0.1963860078
0.1808704817
0.1626647839
0.1860743428
0.2063410972
0.1728800405
0.1531277287
0.1467797895
0.2365943144
0.2943405416
0.2218143322
0.1687646628
0.1518200007
0.200241761
0.202994443
0.1656782839
0.147714662
0.1460131291
0.1593968284
0.1499788137
0.1388808672
0.1358155438
0.1380693621
0.180165298
0.1923888678
0.1984503846
0.1882215525
0.1743241026
0.03546476821
0.03376963895
0.03272263232
0.03235926872
0.03236590529
0.03881190853
0.03658856774
0.03445309968
0.03307572588
0.03256555878
0.04032875416
0.03894546486
0.03659524581
0.03393580615
0.03205521482
0.03848662104
0.03831635497
0.03333158393
0.02800357296
0.02419199768
0.04028691508
0.04339016741
0.04489893513
0.04105311315
0.03653005108
0.04600469314
0.05273561582
0.05859022953
0.0506509468
0.04539472158
0.04211679565
0.04543424168
0.04663098898
0.04417995177
0.04339534114
0.04554444963
0.04918301116
0.04427684057
0.03905268287
0.03746399636
0.05198251601
0.05748561058
0.04834039813
0.03960415393
0.03616419732
0.04529288103
0.04538096586
0.0405293528
0.03753333235
0.03685795018
0.04127197894
0.04149762926
0.04133618624
0.04182994336
0.04213576686
0.0452278936
0.04819535375
0.05052374377
0.05081788801
0.04965826372
0.02719737491
0.02587346872
0.02475684698
0.02393926614
0.02348930426
0.02915030765
0.02719418469
0.02515053499
0.02376729672
0.02312305529
0.02977976212
0.02873775269
0.02696224157
0.02541916314
0.02471409406
0.0277194864
0.02754760095
0.02412804124
0.02123246145
0.01980609657
0.02703916745
0.02755512329
0.02835254097
0.02883716284
0.02787252253
0.0295496881
0.02926201887
0.02854442138
0.02898706235
0.03005669871
0.02768221018
0.02820600864
0.02744182789
0.02712368503
0.02843411486
0.02774837056
0.02905935941
0.02742283033
0.02467173289
0.02403584015
0.02870809756
0.0287157559
0.02641259024
0.02329894361
0.02195673231
0.02600242151
0.02566911187
0.02456337177
0.02376868941
0.02356793821
0.02634526759
0.02748092585
0.02866438642
0.02971319118
0.02998870494
0.02815651222
0.02994132767
0.03185873298
0.03321460955
0.03344549518
135.473252
129.8370653
119.9837508
113.7707045
96.05664181
119.0362251
106.2327252
106.283968
114.6811827
99.15296395
129.3913871
130.0201283
116.5848612
114.1056448
99.02500003
101.9422077
114.9139783
127.9857067
105.3691733
126.4234416
104.6254516
139.4166059
139.0032131
96.76665014
118.9318576
136.7945216
161.7780739
139.6274129
95.91792538
125.3024627
128.6537702
152.2162081
137.1146765
99.36241515
120.2555918
125.2091373
122.020197
122.4852491
96.99040246
127.0330779
120.00968
116.5686723
99.37505205
113.2952511
176.6226726
135.440525
119.8701472
122.1186071
112.101802
130.4218352
112.0286049
122.1672783
146.3804429
138.7428599
107.5995545
134.7808984
144.2425461
141.9924155
130.3189689
106.058647
111.9359937
109.4217307
110.0751834
109.6782714
96.69604256
124.439555
117.3882256
126.6235579
123.7292109
125.6378494
103.8061893
112.1629396
121.8781019
110.8058301
125.4442487
105.7887967
123.2843335
131.5659174
98.69549912
115.0125412
115.7272856
124.8706991
125.2527475
80.74286544
85.05445757
126.4957441
142.7675865
109.8797216
80.80358855
103.2543572
132.8109195
148.7894997
117.094748
96.75769856
87.96363548
110.4784403
128.7386905
120.5627117
86.24987035
82.62264146
104.427836
101.2516945
91.82085736
103.8486698
107.4358952
120.5566673
118.1522799
102.011499
87.53909543
83.47756172
123.9281015
123.8814758
131.6037441
121.9260456
91.28148699
112.9619841
106.5322446
101.0582075
92.43234968
76.79692991
121.2892843
120.0843035
108.6489705
93.87611037
77.62102222
118.078107
121.0515405
135.5974846
127.2432094
105.6273032
105.7528542
111.8465136
109.0187352
96.62480832
110.0428518
99.0476788
106.4391894
119.226838
84.13852738
87.34077059
105.9109802
130.0023702
132.3290278
89.97046787
107.0185754
130.868891
147.9358163
130.1632851
84.52199246
93.12627149
130.8479121
148.274625
129.5808232
95.74978066
103.719971
127.6732099
126.4711352
123.016458
97.6016891
117.9718592
128.3589279
122.0305768
104.141825
118.2664234
136.3343148
122.7632845
120.3523673
115.5899005
107.9273592
114.0655416
111.6593239
121.4825019
116.918889
114.5743873
91.04037997
103.2630649
96.98523528
92.53564984
90.57891386
76.41935489
126.181042
131.6504535
126.7660496
117.6634099
96.94476563
123.1990012
127.1535932
140.8175426
129.9261884
98.84392008
106.4529135
104.7191271
117.5854216
92.17945946
85.54282131
110.6577989
102.4219115
121.7251265
95.92842083
116.4915652
112.9584862
112.366869
127.0165359
101.5219148
134.3311694
117.9026444
117.8796886
121.8502649
107.8445845
145.5957972
135.9744823
135.8252521
111.9895247
97.81226896
90.74273177
114.6788749
122.9819708
111.9744547
92.79732168
121.7996518
101.9657922
98.93244777
83.45136987
91.69433652
126.030669
101.9964174
115.833391
106.8709349
108.9753215
101.9276061
112.6750595
124.1006124
112.7544146
109.8184999
85.80228881
122.9563375
122.2888329
103.2257606
85.67196939
68.45418353
120.850868
131.4420171
128.7519934
121.8641607
102.404916
120.4701805
115.8072654
119.150076
119.4646446
102.4733516
117.1106243
112.4761842
117.7022542
99.27303523
107.3385955
100.1359184
106.6340475
124.5342562
104.2026709
132.2174277
99.35616032
120.4639041
123.8348793
108.4496994
136.0293724
135.3384761
133.4084747
108.300286
108.3510517
108.0761533
144.0631039
120.9550158
102.0416071
76.93539505
75.20335921
114.2541369
103.2404608
86.19247186
77.77124543
114.0201026
123.5685023
120.5677556
92.3167575
83.15214287
116.2621288
119.9963128
111.9742657
113.5845749
107.6345042
122.2451058
106.3726499
102.2933642
104.2799531
110.7237631
92.10277936
114.8673344
125.1170852
120.7801486
111.5540918
91.57003171
133.750774
139.6817685
137.802022
132.0051694
113.7140349
115.1118714
114.6406718
120.5725477
117.5996623
117.7407149
119.4920678
125.943081
104.6167089
82.99360145
79.05563546
102.0687354
127.7896602
125.8768828
104.7655304
130.2726608
87.37323234
101.2795042
97.8799652
117.054648
145.1413338
139.8636655
136.7858318
98.76042765
115.0853158
135.9474071
151.7564836
142.6519697
100.3787863
83.98082642
113.0462407
137.0327168
139.183836
116.5758582
88.94243216
109.8301621
116.5618354
137.2865494
126.0123599
86.60475829
89.76065825
113.6828875
112.8087496
122.6078153
108.9214503
122.9220161
119.1637571
111.8615956
111.7253152
115.0361982
95.01564732
125.416477
128.1024679
132.9719347
124.6735072
101.6571441
149.4148849
150.3970036
153.2716921
143.781245
119.7316798
123.8600028
116.0751828
117.1674274
119.9201635
106.0393259
133.1532488
139.8826073
114.5991304
99.1775403
79.11508059
106.0673194
134.7007522
120.7131734
98.30350542
122.2477899
89.94516057
118.137519
91.29669496
86.16476732
119.4436034
108.823803
130.0941139
95.54961914
88.53082207
127.5352104
108.4257179
128.5931242
115.0419217
90.38851508
119.3112475
121.7888175
111.2437416
103.8116978
94.01129111
86.7728268
118.4779735
130.8846068
130.7630196
99.77592871
111.7232887
129.1727195
122.8850242
127.5332439
107.320338
116.24032
125.9885706
125.8209977
118.0161214
112.326481
90.52740165
124.4990521
117.1102796
106.848379
93.6882678
76.49094759
132.7608415
134.7317613
131.8790545
125.964928
109.7966347
130.7738308
127.4121097
128.2578112
117.6529827
119.8148569
125.2638499
132.6373482
121.0085423
87.90385239
76.4104108
121.7962158
112.7403063
94.23527332
80.50042152
105.2716733
110.7786156
124.9335492
102.5760468
75.66695732
76.61478815
120.5866387
132.3171303
119.112793
88.11863634
114.3603904
104.9648381
106.4604314
119.7707767
89.57652219
114.0305109
114.5680391
94.4991157
104.971104
82.69232881
81.21368517
109.9340076
103.1129488
116.8945218
92.74674509
101.161905
132.9041246
114.0839977
116.214328
88.88649385
74.31183432
117.9260679
113.6977145
121.4763401
113.3340176
88.41912349
120.5953386
125.8808131
119.6735536
107.5590008
87.48654534
94.33191546
90.95382607
93.03301653
93.08769082
86.33656568
117.1298056
110.1528626
112.1406714
101.6375245
104.1963058
120.7618783
123.5053975
113.8961432
88.33196352
93.3778414
105.8696959
112.6339754
103.6038318
87.14123569
98.42373466
92.21676129
100.7137112
94.63727094
95.45409533
77.63546345
95.33906299
96.17766638
104.0450562
89.7039829
99.47858515
111.3212972
107.1325839
119.0820832
90.9755589
100.0395248
105.2862211
86.19783739
87.20855862
98.51613164
117.6310437
101.8895121
101.2460932
97.79769294
86.05149196
72.26273935
117.9107223
104.7612926
90.82012279
83.54781056
67.52151555
110.3852395
99.56152845
99.06272746
91.02346792
85.87160006
98.21947164
100.0561503
98.35466519
84.77468242
73.3442269
88.53619484
88.61920284
85.54018305
80.76326568
80.78682778
94.96664337
96.59666278
108.7072912
92.97759728
76.74310981
100.3145493
90.39130314
91.60076548
76.23538477
80.86509212
99.43470172
96.15484473
93.75469013
85.22268638
88.41462212
84.14286087
74.72419291
76.52595142
72.96616487
75.83405792
88.93083458
79.27310044
77.01188391
93.31089784
88.19176246
87.89154241
74.01152475
81.12668029
77.27212384
62.33290127
72.91012418
70.11808211
60.48373146
73.85952683
81.17387379
76.6784571
73.26452053
53.16673497
46.86838249
41.34094196
68.91730361
59.59847527
55.3771213
68.00786402
69.05982292
74.23695542
73.42081691
69.888543
70.32575882
62.99954925
75.06798618
76.30296367
78.91997606
76.12878828
77.89694202
34.85325744
41.6583192
46.16181487
39.19433712
33.81714071
29.93287348
32.87782772
37.77492152
32.21285658
25.84926185
30.385195
28.04935986
28.54604797
24.6980248
25.10917694
30.48496496
29.26986634
28.73872956
26.72249591
27.25751968
26.03322923
23.11314488
23.40131796
22.56903274
23.87084862
27.24463613
24.25319379
23.57542365
28.5369074
27.0780993
26.12708204
22.22033202
23.51375136
23.32546477
18.69247563
21.81895454
21.0747572
18.33879869
21.5893565
23.09493288
22.35668214
21.03675883
15.24157637
13.51067235
12.31772959
19.8649218
17.28490267
16.44202597
20.15924194
21.24544318
21.85724939
21.55479773
20.78140378
20.99854783
19.28929432
22.13726405
22.70868237
23.5870826
23.61203928
24.36422394
8.176138206
10.18236715
11.45907728
9.910474189
8.408683099
6.344852892
7.257465862
8.235499041
7.125118845
5.792628747
6.1028539
5.82539031
5.897955372
5.230413174
5.154651603
6.073814558
5.859322428
5.760339762
5.430450191
5.48907897
5.252804572
4.750596619
4.744085568
4.6364271
4.87021654
5.424166474
4.891117479
4.796031238
5.632532784
5.423665762
5.155920238
4.488232289
4.622509597
4.635981609
3.835055214
4.386261909
4.199439005
3.734934117
4.227239606
4.449981293
4.36813622
4.073208231
3.069028974
2.739500177
2.547006172
3.962334069
3.4904899
3.344139886
3.956914041
4.207547605
4.346724648
4.251443057
4.146353267
4.179501651
3.938885274
4.364551018
4.488190008
4.663777694
4.750938484
4.891288047
1.436198485
1.786440591
1.998900774
1.790032109
1.551395864
1.077543797
1.250607612
1.392057597
1.230021876
1.027355087
0.9865228121
0.9697392716
0.9775164982
0.8819465765
0.852664986
0.9670170532
0.9409749576
0.9260794502
0.8827989864
0.8874405721
0.8493552477
0.783902975
0.775049372
0.7647442697
0.795474291
0.866084674
0.7947636277
0.7841865322
0.8907379638
0.8709706481
0.8218584646
0.7335743398
0.7409974464
0.74505992
0.6416678211
0.7148367888
0.6791778938
0.6165182845
0.6750137578
0.7009494957
0.6981565942
0.6476136577
0.5100385089
0.4554339237
0.4286065994
0.6501329246
0.5811714808
0.5560957323
0.6260420982
0.6631830286
0.7030537894
0.6844866309
0.6729711073
0.6763302951
0.6502594901
0.7001646653
0.7186424639
0.7456119197
0.7656669692
0.7855559854
0.225987266
0.2741407799
0.3029485377
0.2823365872
0.2541493682
0.172368137
0.198438136
0.2163418099
0.1974756275
0.1722920581
0.1530241186
0.1550717391
0.1569087176
0.1437149287
0.1381943521
0.1479375341
0.1464096885
0.1451758845
0.1408414121
0.1418578204
0.1347117047
0.1276189745
0.1251301315
0.1243746675
0.1284473075
0.1366112505
0.1291663314
0.1272743045
0.1384945092
0.1384507577
0.130530712
0.1210401567
0.1205856342
0.1217190477
0.1114793356
0.1191872529
0.1127386344
0.1046402321
0.1114376671
0.1135812193
0.1167225974
0.1080794688
0.08915559973
0.07643032734
0.07220666711
0.1127693111
0.1030178355
0.09624310288
0.0967196981
0.09962409943
0.1166739326
0.1141273196
0.1130710901
0.1126481314
0.109839498
0.1150765107
0.1173231205
0.1208294429
0.1239749455
0.1263350174
0.04979683607
0.0563975617
0.06073693887
0.05981225702
0.05723319454
0.04164031154
0.04584040721
0.0487631083
0.04740208686
0.04473074372
0.03774643837
0.03985476633
0.04136261629
0.03864650819
0.03777073284
0.03670542226
0.03765032662
0.03831130148
0.03860367174
0.0395657069
0.03662123365
0.03602477753
0.0350660488
0.03512679697
0.0362941584
0.0377408863
0.03758056234
0.03652067545
0.03739522979
0.03878304539
0.03698760835
0.03657874682
0.03628391535
0.03710140167
0.03712839441
0.03749761513
0.03546570341
0.03380752188
0.03531906423
0.03532900825
0.03827937032
0.03536434908
0.03028995911
0.02314407713
0.02159436341
0.0387342929
0.03616378033
0.0319557505
0.02540606824
0.0239053722
0.03672329639
0.03663436112
0.03654609698
0.03558081467
0.03479276634
0.03579971187
0.03601225099
0.03647575417
0.03693738106
0.0371453376
0.02791001071
0.02964597776
0.03116502473
0.03187082817
0.03185107807
0.02531000965
0.02676610303
0.02807159525
0.02854506976
0.02835236132
0.0238330319
0.0256513299
0.02713730855
0.02581239933
0.02556090329
0.0234979017
0.02458747741
0.02547345713
0.02626294436
0.02717870011
0.02479454984
0.02479887205
0.02415430563
0.0243029362
0.02514942109
0.02593522738
0.02642712725
0.02553949506
0.02549701243
0.02683127546
0.02589979614
0.02640073797
0.02629342665
0.02704992074
0.0279986158
0.02772135719
0.02626075415
0.02529893245
0.02622040334
0.02632461974
0.02897855635
0.02660194267
0.02306287666
0.01680189463
0.0154189442
0.02975244769
0.02778194143
0.02413407141
0.0207019685
0.01523735286
0.02721244451
0.02742886451
0.02733439657
0.02626915057
0.02558214375
0.02645408374
0.02641997076
0.02655697744
0.02667106317
0.02665266688
151.1699263
164.4680686
175.4388463
164.2394555
134.3123914
107.2570064
122.5502757
146.2180931
141.6372938
109.6322428
117.2751281
111.0249182
103.9193664
99.08219343
109.9135049
116.8545911
146.3115092
142.7961032
120.6519393
99.60641651
101.9922025
143.2022563
146.0245027
115.5858755
134.7875309
125.1168716
121.3824509
136.2446361
136.0991084
152.4588633
164.785152
157.7858974
134.2580624
110.2475544
136.7661633
179.5662903
150.1980125
106.7643702
86.09849111
109.915601
156.0729446
126.7152
126.8920348
114.3901088
98.7734088
118.7177766
109.1514077
119.8579834
114.0946503
129.3844077
126.8459957
119.5004051
119.1767363
121.7897582
100.7318189
144.5811643
147.6743219
140.450574
132.4190664
110.3753064
133.5148054
143.6288045
148.0783786
149.1660544
125.4293916
116.2623137
135.1137958
136.8244853
129.9121215
98.92416267
120.9068406
132.5243
122.6342993
94.12530668
86.06738519
123.8244858
134.2451161
108.3375318
94.47349629
107.7893268
106.6974904
135.3071042
120.8667592
97.3578638
128.1204879
103.5252951
101.0046321
91.40481163
96.42083736
123.5316654
119.0810675
124.4368067
106.804266
108.0970144
122.6922456
141.2349301
127.297964
111.4619536
80.49944024
86.68705702
129.7737305
130.0392656
107.6672027
93.16039373
114.5857092
126.799719
126.3096516
111.0318027
105.9139404
130.0866659
134.8869902
132.6774904
135.9190835
130.7353309
104.9581866
136.9917054
141.4663457
136.3344054
128.795089
107.4190137
108.7628256
102.381003
97.34443485
89.99380719
76.16620866
122.0573922
120.4853164
130.6201423
119.583246
93.65291101
127.7427908
108.6040919
113.3164626
102.9114803
114.0319784
164.430088
116.6107682
89.51854275
94.12690077
97.94027076
154.6718981
143.360769
99.71969135
85.99466474
113.1879464
145.723628
134.5421442
98.32509437
89.63379361
79.64856453
130.7365643
122.0355158
110.8252058
88.12315991
85.12700607
114.1293222
135.0259022
123.8972172
89.5594225
108.4470027
120.7701733
139.3800216
130.5016477
98.66848518
119.3351445
139.7001836
128.3679489
125.1473898
111.8168192
132.043821
128.0926618
120.9545425
118.8139122
120.0657209
99.47474493
119.9659225
128.434395
125.0490116
119.0059172
99.54526794
121.8046709
123.3307715
111.504587
97.64389287
79.8301105
113.180879
108.2104161
113.4350389
100.3321472
88.72399615
121.1956183
97.09313282
90.57911915
92.95533364
124.1625862
111.9828477
90.07843733
80.54539296
85.32583499
119.6709373
130.3805836
134.7289872
115.4445004
85.01590301
107.3213996
120.9107764
132.6398208
110.4094739
78.83393693
75.8353981
111.8449968
124.1988018
103.6042474
104.0468245
117.4341771
117.0546726
129.3254739
100.2444024
87.22770188
110.5965487
135.8823236
127.0869576
120.3729931
85.65567254
90.03345738
131.0606824
117.9226173
119.7254827
106.4006214
123.2542821
112.8066561
118.918656
118.2024836
117.9115489
96.59154145
109.3806731
111.9782271
111.339806
109.7004404
92.77954481
112.7290054
115.9793208
104.1816626
91.41882112
78.27436016
117.7441493
115.0162661
110.5250406
118.0721636
124.7971096
110.7182898
124.6215903
120.0710408
110.2546331
137.3493097
100.2128348
98.64932572
113.5164524
103.9214652
132.181595
92.56548249
97.45480632
108.0596046
78.77346964
88.05144631
118.7706122
93.99839969
80.96138027
77.24484945
106.4638468
135.9048941
114.1718251
101.8404664
92.45811247
122.2267663
132.9987636
132.0744571
105.4115476
97.80111881
98.81443096
122.7429723
132.5901888
118.9033453
93.53972812
112.1278702
118.2169287
103.0174109
97.29210275
92.62093153
112.105142
107.6964706
111.8505906
123.175726
117.596771
92.70492185
116.8643896
119.1254524
107.5028893
92.33980865
75.15560597
103.8653276
105.9128
108.9129952
108.3786771
92.72393158
121.6351609
118.3283159
100.1943547
90.36794269
82.9511526
118.3558298
121.6532006
99.95769071
93.76601222
117.9209403
87.36833912
96.84195453
118.0223821
124.632109
146.3579947
98.64897334
114.0405271
114.1098559
96.79670276
122.4123415
125.3088192
101.750235
82.94829046
96.78275546
122.6863984
129.3549559
123.9605914
94.44248296
86.2735433
124.5175626
103.8540946
113.0463559
110.5742146
92.28142036
117.9050893
95.8634582
118.6065416
102.4383678
82.57774004
106.4426597
94.25208551
99.70105268
100.3502885
80.39753565
78.44732438
96.75342051
109.617002
110.8198197
105.0290154
80.4551352
103.7191609
105.0079597
105.7709436
106.051193
90.16030496
116.4586432
123.4844162
134.5278933
127.8945207
105.102349
126.1729275
118.3252917
123.8579571
115.3925526
88.78046308
95.50760442
82.07407596
77.20822037
73.30038051
79.76558701
89.28282509
78.5012644
80.8674937
89.77029805
117.4905165
99.68105782
114.6890985
90.97133417
81.23825325
116.3042704
109.6759983
122.7471532
87.852428
70.54623303
84.62100275
107.1597861
137.9603951
116.022997
89.65993033
110.2998967
101.8960035
136.2029045
127.3984864
95.44074392
110.7983104
103.9180812
136.10586
123.7960582
83.73229813
83.6281406
101.8076711
116.1936581
104.1784278
87.47701371
93.01903696
100.1649331
104.9088562
107.5969472
91.5304733
71.75237091
102.2075947
103.0540826
107.0818434
109.5620045
95.0889534
126.8802337
133.1540645
130.0118262
122.2705482
102.0746899
117.6883256
115.6722563
114.7219452
112.0364528
93.96456336
93.5338509
90.05627551
103.5333015
95.84295416
106.2044376
119.3720255
107.0700438
117.7960323
106.6369746
96.4000814
110.1355902
132.189688
124.0204903
96.54145546
112.6267803
126.5793492
138.5670032
117.5231916
87.398185
103.7775135
122.0119957
135.7258495
104.3722758
98.94887859
86.53144093
99.58948241
124.3523823
106.2362751
98.33225823
85.22028185
109.4549902
128.0852012
123.1512767
100.5527932
106.0786385
122.6176649
121.8967959
122.1757321
106.5624222
83.55142385
109.9933038
121.3043288
116.7951379
108.0748344
85.39458393
118.5786663
124.4104109
121.3152195
118.6260247
103.9020509
116.0194195
119.1581425
109.2253409
98.98325933
87.25155361
108.3856579
121.6157875
110.116453
92.28397459
89.76599675
98.5824568
92.47562709
93.25784977
81.81392442
96.10490326
121.911139
114.2559549
105.1007183
86.59958381
87.19615786
111.0089859
119.7991057
112.5259189
96.55666715
90.65128366
107.7039435
114.3215607
105.2223443
86.70750624
98.36032819
99.23899232
101.591366
87.61333569
93.38941634
96.51101218
95.78643961
94.1298378
88.46124099
78.90564559
84.45160415
100.2184138
103.8589717
90.14769962
95.74573529
108.0541552
100.1525437
98.26126027
85.02179264
72.43920456
61.00150274
107.6802596
106.2309075
101.8302668
91.80880535
87.91122196
116.3690535
121.2765268
119.1055844
110.9480451
106.7895046
63.19589276
67.87965492
73.29430639
73.38951857
77.15190183
55.69898432
50.58664718
46.71239914
42.56109684
44.35623936
54.8907375
45.29797545
41.89601741
46.95196934
64.20947235
68.24597966
71.23205933
59.82784121
63.55787549
60.10373559
84.05985568
82.43358763
72.8000452
88.09425874
105.4877806
70.66073585
66.75869433
79.57983139
85.01773331
91.84475205
78.67152399
67.33108753
76.93029762
80.75593678
82.03679595
61.8630322
73.24893926
72.38932405
56.69579462
54.04154736
61.93267525
72.5790414
69.04701363
86.1098629
106.2544906
57.19936803
64.280209
72.13686991
70.12241295
55.35763085
63.43953109
79.14775354
76.61279374
71.44028199
58.00332489
87.76231912
100.2879163
91.11306834
81.76245434
71.8497202
18.06035715
19.05554001
20.8619004
21.71381698
23.11626936
15.5483537
13.09433397
12.08978465
11.57671721
12.2013988
15.57614919
12.47526261
11.35892342
13.45291688
18.01341967
19.20829995
19.77797892
17.08293665
18.79366538
18.2551098
24.5726372
23.66508742
21.66810509
27.10780705
32.90278847
21.17774484
19.60920145
23.72383374
26.56164938
28.60698703
23.42373869
20.2902943
23.49453111
24.63889323
24.96661201
18.50552466
21.74702474
21.78877639
17.6753669
16.49484822
18.15277639
21.15370321
21.37263422
26.32780386
31.94424343
16.7673365
19.13438449
21.90800334
21.79858703
18.11558428
18.57463109
23.06146107
22.90476219
21.30720472
17.52383077
25.45347688
28.71654399
26.7346393
24.07146026
21.39311674
3.611825323
3.728276726
4.042509453
4.272997209
4.532057422
3.089930381
2.549263133
2.3443492
2.295538514
2.41096
3.102393796
2.479773659
2.262766769
2.675655664
3.436261206
3.7771881
3.790366684
3.393049488
3.733187858
3.727225718
4.796352369
4.599324527
4.375933898
5.427559584
6.522828609
4.294408742
3.981882603
4.724309235
5.363229548
5.776407448
4.626825689
4.127514696
4.699420415
4.930890268
4.997815085
3.763704315
4.29647734
4.337826926
3.677013949
3.433494057
3.650203031
4.170206744
4.367271446
5.246984841
6.209927314
3.410067662
3.862906597
4.375581205
4.393779238
3.825374999
3.746097755
4.506339866
4.550106482
4.23784189
3.598486833
4.922828323
5.454670501
5.205125574
4.748999292
4.309383326
0.595856348
0.6040041264
0.6452487302
0.6830460578
0.7190196929
0.5131457862
0.4261989907
0.3901096241
0.3813500456
0.3998868629
0.5121185106
0.4137856837
0.3766853487
0.43576088
0.5387079696
0.6126327682
0.6012501557
0.5540936194
0.6039705306
0.6144511271
0.7600748651
0.7307968737
0.7163644128
0.8685692398
1.025394439
0.7057193562
0.6605555714
0.7628042164
0.8647009668
0.9291903802
0.7410551433
0.6806468656
0.7573766309
0.7943998968
0.8046786309
0.6228371836
0.6896962241
0.698692056
0.6158803966
0.5794001608
0.6016977982
0.6728299058
0.7180038813
0.8385484281
0.964818778
0.5703696049
0.636519982
0.7067280401
0.7111307588
0.6408977045
0.6182121974
0.7191413775
0.7331614862
0.6864812536
0.6019634696
0.7734322001
0.8426750277
0.8208022471
0.7625009235
0.706870113
0.1044417484
0.1045802067
0.1093675193
0.1134907019
0.1176127731
0.09331240003
0.0808131365
0.07311734339
0.06768587318
0.07252688673
0.09004654686
0.07463837295
0.06507472285
0.07221475911
0.08790642908
0.1039553075
0.1003864342
0.09390105247
0.09976520902
0.1017805542
0.1218653697
0.1191935043
0.1185274122
0.1356168358
0.1541093616
0.1179785419
0.112588377
0.1243211807
0.1366024753
0.1443006055
0.1209857753
0.1147081731
0.1228426622
0.1280361785
0.1283849587
0.1063725875
0.1131562732
0.1135401209
0.1032837598
0.0981319088
0.1043273191
0.1128237865
0.1199016033
0.1329173752
0.1453417861
0.1016698662
0.1099114665
0.1163589325
0.1150620111
0.1053283952
0.1068354085
0.1191009062
0.1222470461
0.1151434801
0.1043800677
0.1235999631
0.131799964
0.131564943
0.1260075337
0.1202178264
0.03644969808
0.03654916517
0.03713374349
0.03674154068
0.03696190602
0.03492253328
0.03218059032
0.02875179487
0.02612040723
0.02711571125
0.03135140247
0.02703803617
0.02129611784
0.02222602345
0.02782650706
0.0343403889
0.03282927321
0.03039836001
0.03062696112
0.03058920719
0.03606016403
0.03668357587
0.03594785409
0.03619199096
0.03763393885
0.03667994682
0.03606325119
0.03696092954
0.03716447067
0.03714333039
0.03699734677
0.03617294125
0.03636401979
0.03712110697
0.03615263691
0.03465328012
0.034816526
0.03371745082
0.03122828505
0.02998071004
0.03557869909
0.03656002843
0.037341869
0.03755019936
0.03712812573
0.0362268564
0.03716385228
0.03581763118
0.0335072374
0.03030035223
0.03616017966
0.0382145003
0.03941052243
0.03705900406
0.03462497045
0.03713102735
0.03829763448
0.03952394765
0.03971076427
0.03941274055
0.02818609092
0.02843694366
0.02843605572
0.02752844069
0.02725652326
0.02765460878
0.02590970883
0.02324225114
0.02145471335
0.02165819131
0.02408592624
0.02127655053
0.01841674496
0.01827852899
0.02074509545
0.02600548581
0.02468638492
0.02271883751
0.02229237502
0.0219963385
0.02594125196
0.02681853757
0.02594648985
0.02447811213
0.02408065561
0.02683272058
0.02669535468
0.02643138309
0.02527332215
0.02435722367
0.02699204889
0.02657649393
0.02599864076
0.02616715069
0.02518869632
0.02597475331
0.02545332273
0.024165993
0.02255061793
0.02174165043
0.02729688411
0.02747161236
0.02736695391
0.02636249946
0.02489105403
0.02825402457
0.02831362113
0.02615302461
0.02379429778
0.02154068598
0.02769512082
0.02866529916
0.02953746536
0.02765059762
0.02613768832
0.02714747645
0.02752523692
0.02871289359
0.02942400824
0.02969129681
)
;

boundaryField
{
    walls
    {
        type            calculated;
        value           nonuniform List<scalar> 
768
(
2.835833241e-08
2.419223864e-08
2.410454297e-08
2.069442153e-08
1.974134691e-08
1.881200069e-08
1.92629502e-08
2.175859738e-08
2.766437004e-08
1.893060117e-08
2.131440443e-08
2.463977018e-08
2.598413219e-07
2.22711247e-07
2.293888011e-07
1.973190922e-07
1.832191456e-07
1.746145005e-07
1.787953272e-07
2.093301744e-07
2.747054071e-07
1.729720735e-07
1.752066666e-07
1.78300062e-07
2.305253558e-06
1.997422183e-06
2.07076693e-06
1.75297576e-06
1.563141279e-06
1.514281114e-06
1.55868843e-06
1.916269394e-06
2.567744145e-06
1.485065055e-06
1.43813057e-06
1.417227345e-06
1.908776964e-05
1.671861398e-05
1.731061946e-05
1.423976944e-05
1.216336156e-05
1.218612122e-05
1.243024611e-05
1.628276371e-05
2.20987559e-05
1.155126437e-05
1.083148147e-05
1.07221579e-05
0.0001412685036
0.0001246564923
0.0001280065409
0.0001027950422
8.600781544e-05
8.901508557e-05
8.675959844e-05
0.0001223096447
0.0001689092012
7.933339093e-05
7.160699396e-05
7.108530374e-05
0.0008710680165
0.0007844696925
0.0008055733739
0.0006339646978
0.0005250142223
0.0005553774308
0.0004929233438
0.0007698742573
0.001089373667
0.0004658335147
0.0003934384782
0.0003854108955
0.003990324783
0.003788627771
0.003971201312
0.003020726791
0.002457687401
0.002643365153
0.002016848726
0.003682700598
0.005311990253
0.002139011471
0.001641327123
0.00155851309
0.01112164756
0.01149960908
0.01253464737
0.009145122847
0.00731759793
0.008114580475
0.004969833868
0.0109896242
0.01564412766
0.006509337207
0.004592902489
0.004160827525
0.01612557706
0.01611006141
0.01915615639
0.01395830125
0.01198537879
0.01430178134
0.008520195094
0.01642793463
0.02049500671
0.01106624038
0.009685692507
0.009752921051
0.02713883521
0.02007151662
0.02797559795
0.02582633323
0.01506164449
0.023856447
0.01250825004
0.02633641212
0.0223280241
0.01361212716
0.019488225
0.01988602151
0.02892801042
0.02752078946
0.02870550367
0.02686806727
0.02374793587
0.02459632765
0.02017109435
0.02751571358
0.02254825698
0.01469964573
0.02207141904
0.02117614881
0.02903256501
0.02912701874
0.02873153441
0.0269293273
0.02547131706
0.02462611105
0.02222932731
0.02760856744
0.02264149723
0.01887658907
0.02267634121
0.02149489178
0.02899030065
0.02954264457
0.02863818851
0.02687713931
0.02568964954
0.0245515284
0.02318280474
0.02772412941
0.02280325145
0.01998169627
0.0229187718
0.02168720966
0.02893340983
0.029646078
0.0285259082
0.02680388345
0.02566003505
0.02449185679
0.02381469343
0.02793256883
0.02645916154
0.02045329678
0.02305347606
0.02188563418
0.02888961392
0.02965508257
0.02841567043
0.02673079727
0.02557397075
0.02446337903
0.02426447219
0.02805881114
0.02705783387
0.02073536322
0.02312594017
0.0221118524
0.02885528441
0.02962315978
0.02831458532
0.02666268126
0.02548404542
0.02444477403
0.0246009891
0.02811670155
0.02702950584
0.02096209246
0.02316228393
0.02229155317
2.839507175e-08
2.348091742e-08
1.427989126e-08
1.361240187e-08
1.043606136e-08
1.049896158e-08
1.360208534e-08
1.459499499e-08
1.499100197e-08
2.110408687e-08
2.338444624e-08
2.79813227e-08
2.623311561e-07
2.202387149e-07
1.328141698e-07
1.313290185e-07
9.590140357e-08
9.385743449e-08
1.26000068e-07
1.359670186e-07
1.366843671e-07
1.843726037e-07
1.984736402e-07
2.510016534e-07
2.213325189e-06
1.917744082e-06
1.160224982e-06
1.192616731e-06
8.158653999e-07
7.777172644e-07
1.086836499e-06
1.202115455e-06
1.186775246e-06
1.598251759e-06
1.704853445e-06
2.199851146e-06
1.716570419e-05
1.530553318e-05
9.303420358e-06
1.000410435e-05
6.326263846e-06
5.975748307e-06
8.66067515e-06
9.784492606e-06
9.485692265e-06
1.286748366e-05
1.373471229e-05
1.79418395e-05
0.0001195507806
0.0001070052553
6.54531706e-05
7.386690013e-05
4.357940059e-05
4.20860612e-05
6.171416278e-05
6.981652869e-05
6.709734125e-05
9.127938526e-05
9.846088445e-05
0.0001302347227
0.0007056423939
0.0006168258297
0.0003799364162
0.0004461338046
0.000254665265
0.0002586172612
0.0003686560299
0.0004097920158
0.000399796039
0.0005380964379
0.0005953338537
0.0007994278977
0.003161425715
0.002685813478
0.001696341543
0.001994842918
0.001145741034
0.001275181777
0.001685464977
0.00180476656
0.001864384442
0.002386889955
0.002790857988
0.003725137306
0.008819672184
0.007472696669
0.005069213086
0.005592039944
0.003448810249
0.004406500349
0.005070257598
0.005086239712
0.005909109563
0.006594180523
0.008441388475
0.01079197563
0.01343578045
0.0122118313
0.009673970522
0.009568850253
0.007555274888
0.009250285126
0.009981155952
0.009030115417
0.01181185759
0.00964425212
0.01332882158
0.016550496
0.02303721936
0.01468955538
0.01308248456
0.0129586788
0.01962406351
0.02047497454
0.02057227969
0.01187886839
0.02006583654
0.01223361212
0.01654586629
0.02706258898
0.02615085841
0.01547731275
0.01826380576
0.01843480138
0.02132536649
0.02196691889
0.0225516267
0.01283860983
0.02103300088
0.01330762012
0.02263441322
0.02808472336
0.02670800661
0.01580474021
0.01944131699
0.01987758255
0.02160468734
0.02223302446
0.02271648139
0.01331972169
0.02101253811
0.01389044983
0.02409809292
0.0281252394
0.02662927025
0.01935137858
0.01969228427
0.02032284277
0.02167880232
0.02232983878
0.02299731147
0.01823305572
0.02155773798
0.01727054211
0.02442814002
0.02808714874
0.0264194246
0.02032980474
0.01974454906
0.02052035552
0.02181569565
0.02240468452
0.02326226458
0.01958703265
0.02212101364
0.01884410998
0.02463768893
0.02814018927
0.02617479803
0.02067885922
0.01974083179
0.02065593463
0.02200675925
0.02248623437
0.02347677659
0.0201701649
0.0226617993
0.01962289924
0.02478154123
0.02822980206
0.02596169354
0.02085131388
0.01976718577
0.02076732888
0.02221047074
0.02257320748
0.02363837122
0.02050186551
0.023167044
0.02020905981
0.02490714695
0.02831533055
3.124219905e-08
2.37983016e-08
2.230438846e-08
2.489523491e-08
2.598823386e-08
2.519783941e-08
2.535694157e-08
2.71997412e-08
2.538758397e-08
2.145982578e-08
2.06165374e-08
2.060695832e-08
2.769850222e-07
2.119627832e-07
1.970544296e-07
2.210260782e-07
2.041621732e-07
1.988504974e-07
2.105067882e-07
2.293603828e-07
2.306322497e-07
1.983090247e-07
1.922760661e-07
1.862205754e-07
2.450682947e-06
1.80920545e-06
1.642349245e-06
1.899388081e-06
1.684661399e-06
1.688670276e-06
1.802375782e-06
1.940928303e-06
1.981279021e-06
1.702608016e-06
1.665067987e-06
1.54921115e-06
2.033971387e-05
1.439400928e-05
1.262650291e-05
1.540785255e-05
1.336012928e-05
1.38827402e-05
1.453740953e-05
1.520341366e-05
1.572858416e-05
1.333515321e-05
1.320735156e-05
1.175965349e-05
0.0001483430796
0.0001006335196
8.500944007e-05
0.000112113946
9.514212392e-05
0.0001027483542
0.0001047769249
0.0001038032084
0.0001101390462
9.082835831e-05
9.241425943e-05
7.876770661e-05
0.0008828096206
0.0005803505015
0.0004715327237
0.0006802313556
0.0005483853613
0.0006359623942
0.0006364201695
0.0005781184546
0.0006411162087
0.0005035617842
0.0005363091753
0.0004427505818
0.003792372363
0.002503213596
0.001957018599
0.003104120439
0.002227883664
0.002951976613
0.002929654023
0.002406045647
0.002824270972
0.002045529627
0.002352808928
0.001911043815
0.009605668991
0.006834916579
0.005219407559
0.009090100381
0.005374812619
0.008674533005
0.008506429798
0.006551963083
0.00786034717
0.005106526568
0.006630240654
0.005404137877
0.01429627374
0.01172758935
0.009380943725
0.01417361298
0.009038566922
0.01352003524
0.0130867401
0.01240759683
0.0110375012
0.008132820852
0.01135079673
0.009397216963
0.02447686887
0.02090820631
0.01314734359
0.02497931009
0.02146260317
0.02431668513
0.02245684461
0.02258233693
0.01300133636
0.01136086794
0.02068556528
0.02016821276
0.02739373602
0.02394210925
0.02016850823
0.02576336149
0.02301664624
0.02525653659
0.02539712061
0.02359802216
0.01366667255
0.01256471325
0.02349163256
0.02330846226
0.02782369276
0.02488491626
0.02199643213
0.02573246222
0.02326852503
0.02533820361
0.02623307425
0.02372098346
0.01388825519
0.0130059758
0.02425809098
0.02411672659
0.02792053675
0.02529688684
0.02268829435
0.0256153467
0.02337020847
0.02529322228
0.02651113516
0.02394886954
0.01403632515
0.01324636388
0.02448510282
0.02449775986
0.02799708599
0.02554342832
0.02312136679
0.02553034047
0.02344340239
0.02524059762
0.0266232429
0.02433390198
0.01418323619
0.01344107208
0.02450605069
0.02478042112
0.02806247454
0.02572708074
0.02345735412
0.0254825491
0.02351049948
0.02520426378
0.02667031259
0.02472966551
0.0143367869
0.01364615712
0.02439304194
0.02501211261
0.02810682934
0.02587550622
0.02375108899
0.02544758411
0.0235716059
0.02518042921
0.02669421428
0.02504417149
0.01449934444
0.01399748078
0.02429948522
0.02518456583
2.8411828e-08
2.424346462e-08
1.757469368e-08
1.757377321e-08
2.055534865e-08
2.100691508e-08
2.340957925e-08
1.989842137e-08
1.851175145e-08
3.245333654e-08
2.781486546e-08
3.125925021e-08
1.381012306e-07
1.251060965e-07
1.404154079e-07
1.602556392e-07
1.984078873e-07
2.027408712e-07
2.254990696e-07
1.774928372e-07
1.472793469e-07
2.3257992e-07
2.440761371e-07
2.946758492e-07
9.822178363e-07
8.67434478e-07
1.122351922e-06
1.340314413e-06
1.806363318e-06
1.86356828e-06
2.069565288e-06
1.472481834e-06
1.158795181e-06
1.906037212e-06
2.190156566e-06
2.726673986e-06
7.361102462e-06
6.299987376e-06
8.269834812e-06
1.02093838e-05
1.542272942e-05
1.599194693e-05
1.767736585e-05
1.131607803e-05
8.485087154e-06
1.511409204e-05
1.851376357e-05
2.355526459e-05
4.890894531e-05
4.038413554e-05
5.348496249e-05
7.000160229e-05
0.0001179585753
0.00012125728
0.000132505673
7.654274925e-05
5.554745635e-05
0.0001059161156
0.0001392669237
0.0001787357421
0.0002667511608
0.0002141649356
0.0002920871432
0.0004105757092
0.0007590383532
0.0007503119986
0.0008062807413
0.0004223130212
0.0003067095002
0.0006037984115
0.0008877263199
0.001113232652
0.001121217591
0.000884208395
0.001244136569
0.001880351929
0.003708180739
0.003383604382
0.00356781257
0.001697566019
0.001315384433
0.002437451833
0.004357608496
0.005074260592
0.00323372801
0.002611310965
0.003589934085
0.005728612754
0.01114596171
0.009356970038
0.009686482581
0.004324385017
0.003945256982
0.0056263199
0.01330524877
0.01370386093
0.006524403723
0.006191194009
0.007756966793
0.009835397166
0.01577714082
0.01334592513
0.01400299509
0.008962263325
0.009459505506
0.01069671075
0.01874370161
0.01806931
0.0110990205
0.01175446836
0.01095968669
0.01146979282
0.01786348254
0.01698633104
0.02570587289
0.01966166447
0.01753498436
0.01989975902
0.02857656795
0.02175106093
0.01979025318
0.01940855723
0.01961082846
0.01234493751
0.01884301722
0.0256640186
0.02665586416
0.02101893955
0.01879507782
0.02096807001
0.02914294284
0.02883219043
0.02147188691
0.02057580695
0.021892866
0.0127562671
0.02509405
0.0274362457
0.02668775476
0.02141461872
0.01916017206
0.02126225717
0.02906773062
0.03049820603
0.02185764036
0.02093712644
0.02263746284
0.01326328779
0.02628782699
0.02780664205
0.02659810238
0.02163643569
0.01936129057
0.0213871833
0.02890326063
0.03095686704
0.02202098122
0.02123714746
0.02300891424
0.01401070217
0.0263611721
0.02786127846
0.02648671763
0.02180121496
0.01953699485
0.02147743948
0.02869348118
0.03109028027
0.02214250442
0.02153207842
0.02334062137
0.01787559507
0.02642200177
0.02783207284
0.02637582578
0.02194491448
0.01970997966
0.02156598037
0.02846628109
0.03109783073
0.0222471329
0.02179022511
0.02363299959
0.01897167779
0.02653334345
0.02778108518
0.02627495437
0.02207517791
0.0198781141
0.02165463173
0.02824639807
0.03102626776
)
;
    }
    inlet
    {
        type            calculated;
        value           nonuniform List<scalar> 
384
(
3.052879819e-08
3.054785702e-08
3.012039664e-08
2.866216316e-08
2.585712824e-08
2.22525891e-08
2.05259489e-08
2.048327628e-08
2.171310364e-08
2.40173284e-08
2.579259646e-08
2.837414355e-08
3.157740803e-08
2.793980965e-08
2.644844082e-08
2.512162346e-08
2.338512337e-08
2.075425423e-08
2.174782269e-08
2.483327142e-08
2.353017486e-08
2.179705082e-08
2.204239034e-08
2.36323808e-08
2.885575239e-08
2.648161504e-08
2.609592368e-08
2.31944761e-08
2.363478961e-08
2.241282559e-08
2.57850355e-08
3.089235858e-08
2.97128721e-08
2.638306923e-08
2.322871835e-08
2.146037235e-08
3.008217462e-08
2.829188131e-08
2.52321438e-08
2.21050273e-08
2.369135995e-08
2.529995077e-08
3.019737275e-08
3.578004408e-08
3.729334612e-08
3.452585747e-08
2.942674283e-08
2.317953221e-08
3.449177898e-08
3.384652801e-08
2.689677188e-08
2.283421836e-08
2.239109018e-08
2.179353865e-08
2.427916051e-08
3.185643978e-08
4.179297323e-08
4.328824683e-08
3.608814325e-08
2.576888322e-08
3.287486095e-08
3.182230814e-08
2.524620857e-08
2.336242661e-08
2.38816856e-08
2.213305519e-08
2.125391602e-08
2.745183843e-08
3.608939355e-08
4.125860448e-08
3.541681542e-08
2.615457736e-08
2.802723031e-08
2.813181998e-08
2.353208918e-08
2.124259818e-08
2.200782865e-08
2.307954728e-08
2.36813261e-08
3.067779171e-08
3.776459631e-08
4.137098479e-08
3.646761965e-08
2.914990105e-08
2.63412973e-08
2.676103682e-08
2.376476462e-08
2.03849582e-08
2.195380574e-08
2.513054558e-08
2.849751368e-08
3.640728468e-08
4.364828265e-08
4.278603046e-08
3.918811167e-08
3.078448351e-08
2.674701935e-08
2.823518424e-08
2.794883019e-08
2.291803544e-08
2.321131061e-08
2.616999625e-08
3.06836979e-08
3.526982668e-08
3.653264367e-08
3.309616053e-08
3.179596207e-08
2.800597601e-08
2.649168607e-08
2.953432051e-08
3.188527629e-08
2.716651372e-08
2.546291393e-08
2.589658419e-08
2.76435044e-08
3.026549471e-08
3.018707321e-08
2.938980375e-08
3.308654765e-08
3.40677721e-08
2.531526392e-08
2.762611343e-08
3.045309893e-08
3.024181503e-08
2.92858566e-08
2.804208585e-08
2.928567411e-08
3.351022288e-08
3.47385199e-08
3.485051733e-08
4.155510335e-08
4.569724948e-08
2.554825893e-08
2.681168749e-08
2.936744804e-08
3.001554546e-08
3.02776638e-08
2.952138028e-08
3.26152766e-08
3.712232272e-08
3.856454598e-08
3.731376377e-08
4.234261723e-08
5.20698471e-08
4.198013292e-08
3.441585027e-08
3.132781067e-08
2.773617798e-08
2.581347547e-08
2.633152691e-08
3.261796198e-08
4.035999023e-08
4.255118352e-08
4.417753496e-08
5.694673101e-08
8.124457674e-08
3.615668295e-08
2.772443317e-08
2.439301231e-08
2.089642081e-08
1.946684333e-08
2.01717366e-08
2.762276834e-08
3.34592571e-08
3.27229099e-08
3.345494582e-08
4.546917094e-08
6.734473655e-08
3.280147759e-08
2.487691278e-08
2.152472953e-08
1.817087894e-08
1.70262444e-08
1.692375469e-08
2.198532487e-08
2.630462117e-08
2.647452433e-08
2.556331136e-08
3.55367193e-08
4.875965149e-08
3.068397919e-08
2.468373425e-08
2.225230373e-08
1.868038156e-08
1.746699056e-08
1.680129219e-08
1.948088992e-08
2.22275647e-08
2.537557849e-08
2.090287913e-08
2.709823128e-08
3.327059831e-08
2.835833241e-08
2.419223864e-08
2.410454297e-08
2.069442153e-08
1.974134691e-08
1.881200069e-08
1.92629502e-08
2.175859738e-08
2.766437004e-08
1.893060117e-08
2.131440443e-08
2.463977018e-08
1.134211097e-07
6.607159705e-08
4.272288483e-08
3.06061734e-08
3.061235467e-08
3.068466255e-08
2.808651995e-08
2.903979526e-08
2.784283595e-08
2.724876228e-08
3.312352385e-08
4.627704596e-08
1.051917899e-07
6.01307468e-08
3.727280432e-08
2.692736978e-08
2.631636552e-08
2.841071519e-08
2.91617385e-08
3.09026606e-08
2.690573625e-08
2.48710355e-08
2.931955905e-08
4.064791453e-08
7.163187781e-08
4.712944062e-08
2.992281011e-08
2.341759626e-08
2.272987796e-08
2.550305643e-08
2.894284987e-08
2.855594532e-08
2.346936044e-08
2.413090425e-08
2.771961754e-08
3.670336819e-08
4.347137862e-08
3.518392033e-08
2.25878143e-08
1.929081835e-08
2.000331391e-08
2.143641486e-08
2.447798724e-08
2.23401113e-08
1.942484652e-08
2.680080624e-08
2.745557912e-08
3.384265816e-08
2.8411828e-08
2.424346462e-08
1.757469368e-08
1.757377321e-08
2.055534865e-08
2.100691508e-08
2.340957925e-08
1.989842137e-08
1.851175145e-08
3.245333654e-08
2.781486546e-08
3.125925021e-08
4.999496336e-08
4.095391525e-08
3.92038636e-08
3.194846595e-08
2.545251158e-08
2.577775131e-08
3.016253799e-08
3.642443721e-08
3.783252922e-08
4.070651831e-08
4.337499425e-08
4.939428227e-08
4.450641759e-08
3.688485584e-08
3.845239607e-08
3.502376517e-08
2.694257375e-08
2.66405988e-08
3.246841065e-08
3.628602756e-08
3.599695277e-08
3.614799134e-08
3.612747523e-08
3.93705827e-08
3.958627175e-08
3.207619069e-08
3.311546282e-08
3.192454105e-08
2.405827034e-08
2.296594028e-08
2.871864965e-08
3.642346176e-08
3.370329933e-08
3.126505971e-08
2.9721172e-08
3.101214008e-08
3.52799428e-08
2.740471651e-08
2.65559603e-08
2.659920301e-08
2.258920614e-08
2.157465579e-08
2.531035818e-08
3.152500089e-08
2.872971668e-08
2.537237798e-08
2.438226182e-08
2.467502527e-08
3.124219905e-08
2.37983016e-08
2.230438846e-08
2.489523491e-08
2.598823386e-08
2.519783941e-08
2.535694157e-08
2.71997412e-08
2.538758397e-08
2.145982578e-08
2.06165374e-08
2.060695832e-08
5.16695724e-08
4.364848477e-08
3.205761423e-08
2.836503476e-08
2.99336674e-08
2.979086274e-08
2.906805331e-08
2.867845912e-08
2.976602313e-08
3.148403922e-08
3.515234142e-08
4.198821126e-08
4.374336354e-08
3.657628456e-08
2.477592817e-08
2.054333186e-08
2.179344627e-08
2.373417499e-08
2.714845211e-08
2.757656435e-08
2.773746542e-08
2.835012976e-08
3.11076771e-08
3.652451237e-08
3.738983086e-08
3.143976691e-08
2.020824457e-08
1.65067051e-08
1.589330084e-08
1.801037619e-08
2.261543329e-08
2.390702693e-08
2.430872428e-08
2.584456352e-08
2.89769696e-08
3.336098094e-08
3.225567289e-08
2.715266427e-08
1.680615201e-08
1.47162708e-08
1.207730058e-08
1.30002753e-08
1.70743118e-08
1.834345903e-08
1.884634387e-08
2.323876647e-08
2.688094195e-08
3.086109626e-08
2.839507175e-08
2.348091742e-08
1.427989126e-08
1.361240187e-08
1.043606136e-08
1.049896158e-08
1.360208534e-08
1.459499499e-08
1.499100197e-08
2.110408687e-08
2.338444624e-08
2.79813227e-08
)
;
    }
    outlet
    {
        type            calculated;
        value           nonuniform List<scalar> 
384
(
0.0262449571
0.02609605116
0.02745293949
0.02710288831
0.02494933974
0.02362435743
0.02422053385
0.02425947569
0.02205677703
0.02174098571
0.02342265297
0.02519443873
0.02508804575
0.02484241256
0.0253550897
0.0245684774
0.02325919243
0.02249043428
0.02405696271
0.02484005541
0.02245513212
0.02161705134
0.02232191159
0.02316248239
0.02373585711
0.02361341462
0.02415950931
0.02306784475
0.02243042395
0.02256402542
0.02380311014
0.02493346579
0.02351180001
0.02407486267
0.02370119699
0.02277303224
0.02384389116
0.0228000499
0.02303833623
0.02348654858
0.0236006514
0.02385339854
0.02545078918
0.0276224387
0.02809651062
0.02827199157
0.02658195251
0.02436545414
0.02306447012
0.02285514974
0.02359584268
0.02523256764
0.02559880353
0.02443709758
0.02441475068
0.02589985394
0.02763307097
0.0288340031
0.02562334183
0.02328562975
0.02411794689
0.02533344572
0.02563946581
0.02676853323
0.02689591761
0.02451603385
0.02329222824
0.02425810451
0.02505137842
0.02602030453
0.0250491816
0.02384415704
0.02420827642
0.02595182703
0.02398568195
0.02574287448
0.02630918442
0.0249216398
0.02496909204
0.02377500796
0.02256674672
0.02403233499
0.02648368483
0.02627699172
0.02376132105
0.02432548128
0.02641287059
0.02668436261
0.02656459456
0.02664834651
0.02720119002
0.02334638092
0.02379071009
0.02398702919
0.02603022897
0.02605319947
0.02704033905
0.0275144487
0.02768002133
0.02635333285
0.0256807779
0.02699902731
0.02755281979
0.0256573266
0.02408212033
0.02382848391
0.0247787165
0.02625064867
0.02719465138
0.02614524101
0.02651600395
0.02592863148
0.02535785522
0.02582930742
0.02376066573
0.02357545502
0.0246644293
0.02572939149
0.02720708263
0.02887948009
0.02657507453
0.02483275444
0.02655951264
0.02639563738
0.02648458576
0.02583408972
0.02334749157
0.02345007299
0.02650539897
0.02741359422
0.02896737908
0.02912992273
0.02684639593
0.0243319326
0.02733721288
0.02653176868
0.02778493499
0.02699794078
0.02428012002
0.02618494356
0.02781545996
0.02755122852
0.02762710871
0.02742601105
0.02661471891
0.02684880484
0.02615542292
0.02465361301
0.02538755781
0.02564899685
0.0254904805
0.02764421344
0.02747330977
0.02600477655
0.02658536287
0.0265422093
0.02678770601
0.02669962648
0.02513836023
0.02381231521
0.02377582404
0.02411076605
0.02485535021
0.02663424654
0.02661068589
0.02504376629
0.02591977117
0.02502350036
0.02765084646
0.02746540173
0.025072461
0.02408894003
0.02318551887
0.02267099943
0.0244691636
0.02521262712
0.02431355181
0.02515231935
0.02478827817
0.02381813226
0.02852401278
0.02844234851
0.02678262955
0.0252063502
0.02407212325
0.02311133991
0.02450349195
0.02651412512
0.02433252376
0.02167575261
0.02291992855
0.02284242286
0.02885528441
0.02962315978
0.02831458532
0.02666268126
0.02548404542
0.02444477403
0.0246009891
0.02811670155
0.02702950584
0.02096209246
0.02316228393
0.02229155317
0.02603683123
0.02783839945
0.02833160878
0.02615459382
0.02510731198
0.02720571396
0.02551908778
0.02512871988
0.02538779111
0.02321957248
0.02412305196
0.02561402708
0.02475048931
0.02590525707
0.02732968291
0.02598040774
0.02523697627
0.02594308063
0.02562562086
0.02613025602
0.02473456951
0.02281090561
0.02535985384
0.02725386744
0.02362474233
0.02385958571
0.02562385692
0.0227364066
0.0259324159
0.0243953805
0.02460838283
0.02489076298
0.0232237518
0.02217960794
0.02673820649
0.02913502242
0.02275298611
0.02246124997
0.02420893751
0.02015817913
0.02699757287
0.02584013935
0.02461931754
0.02252922778
0.02089332545
0.02173986165
0.02792388696
0.03063190353
0.0222471329
0.02179022511
0.02363299959
0.01897167779
0.02653334345
0.02778108518
0.02627495437
0.02207517791
0.0198781141
0.02165463173
0.02824639807
0.03102626776
0.02475141579
0.02289830522
0.0218256221
0.02163850378
0.02313423729
0.0242998078
0.02435172725
0.02633962001
0.02767577478
0.02848771008
0.0258714324
0.02513148375
0.02588108683
0.02398953036
0.02359284
0.02274701596
0.02320996568
0.02487479556
0.02496135196
0.02495643734
0.02539942419
0.02662179071
0.02613009337
0.02507474101
0.02703766947
0.02510126728
0.0250831871
0.02366494375
0.02259636985
0.02399245229
0.02487698759
0.0240760697
0.02202692408
0.02301351695
0.02604790442
0.02516724413
0.0278716963
0.02578133802
0.02390069042
0.02451606171
0.02275078786
0.02384298094
0.0256368751
0.02496188518
0.01584461443
0.01951465784
0.02497548234
0.0252349428
0.02810682934
0.02587550622
0.02375108899
0.02544758411
0.0235716059
0.02518042921
0.02669421428
0.02504417149
0.01449934444
0.01399748078
0.02429948522
0.02518456583
0.02701910693
0.02663534719
0.02306402295
0.02482008914
0.02453257456
0.02544398088
0.02559880481
0.02473493002
0.02611247271
0.02711046871
0.02647929796
0.02574387066
0.0272871098
0.02504506029
0.02041864311
0.02356242776
0.02545485168
0.02536013547
0.02522759569
0.02414103259
0.02618453192
0.02706687795
0.02732858689
0.02603925848
0.02724722047
0.02244615275
0.01761607097
0.02162615605
0.02453803302
0.0249569565
0.02455044631
0.02282106334
0.02596504139
0.02480414575
0.02816531281
0.0272267778
0.02628018542
0.02066441457
0.01740677903
0.02111899424
0.02283410257
0.0236127301
0.02464748545
0.02126758253
0.0247930124
0.02241811315
0.02633300855
0.02799343629
0.02596169354
0.02085131388
0.01976718577
0.02076732888
0.02221047074
0.02257320748
0.02363837122
0.02050186551
0.023167044
0.02020905981
0.02490714695
0.02831533055
)
;
    }
}


// ************************************************************************* //
