/*--------------------------------*- C++ -*----------------------------------*\
  =========                 |
  \\      /  F ield         | OpenFOAM: The Open Source CFD Toolbox
   \\    /   O peration     | Website:  https://openfoam.org
    \\  /    A nd           | Version:  7
     \\/     M anipulation  |
\*---------------------------------------------------------------------------*/
FoamFile
{
    version     2.0;
    format      ascii;
    class       volScalarField;
    location    "2";
    object      alphacavg;
}
// * * * * * * * * * * * * * * * * * * * * * * * * * * * * * * * * * * * * * //

dimensions      [0 0 0 0 0 0 0];

internalField   nonuniform List<scalar> 
6144
(
0.3575098926
0.3575098926
0.1879451883
0.1879451883
0.524934451
0.524934451
0.2082243174
0.2082243174
0.1879450992
0.1879450992
0.1433465689
0.1433465689
0.3575098926
0.3575098926
0.1879451883
0.1879451883
0.524934451
0.524934451
0.2082243174
0.2082243174
0.1879450992
0.1879450992
0.1433465689
0.1433465689
0.02553446189
0.02553446189
0.06911367186
0.06911367186
-0.06206917554
-0.06206917554
0.0896548641
0.0896548641
0.2242614103
0.2242614103
0.5127673194
0.5127673194
0.02553446189
0.02553446189
0.06911367186
0.06911367186
-0.06206917554
-0.06206917554
0.0896548641
0.0896548641
0.2242614103
0.2242614103
0.5127673194
0.5127673194
0.3665794202
0.3665794202
0.08965578158
0.08965578158
0.2570792962
0.2570792962
0.405664258
0.405664258
0.3931036188
0.3931036188
0.366579168
0.366579168
0.3665794202
0.3665794202
0.08965578158
0.08965578158
0.2570792962
0.2570792962
0.405664258
0.405664258
0.3931036188
0.3931036188
0.366579168
0.366579168
0.366579191
0.366579191
0.08965477995
0.08965477995
0.1084958711
0.1084958711
0.4056636835
0.4056636835
0.08965533682
0.08965533682
0.04986932479
0.04986932479
0.366579191
0.366579191
0.08965477995
0.08965477995
0.1084958711
0.1084958711
0.4056636835
0.4056636835
0.08965533682
0.08965533682
0.04986932479
0.04986932479
0.1879450915
0.1879450915
0.2242612185
0.2242612185
0.5448278602
0.5448278602
-0.06206860012
-0.06206860012
0.06911376041
0.06911376041
0.1879450898
0.1879450898
0.1879450915
0.1879450915
0.2242612185
0.2242612185
0.5448278602
0.5448278602
-0.06206860012
-0.06206860012
0.06911376041
0.06911376041
0.1879450898
0.1879450898
0.1433465882
0.1433465882
0.3503563416
0.3503563416
0.04986908956
0.04986908956
0.3665791467
0.3665791467
0.5127671461
0.5127671461
0.2504282706
0.2504282706
0.1433465882
0.1433465882
0.3503563416
0.3503563416
0.04986908956
0.04986908956
0.3665791467
0.3665791467
0.5127671461
0.5127671461
0.2504282706
0.2504282706
0.3575098926
0.3575098926
0.1879451883
0.1879451883
0.524934451
0.524934451
0.2082243174
0.2082243174
0.1879450992
0.1879450992
0.1433465689
0.1433465689
0.3575098926
0.3575098926
0.1879451883
0.1879451883
0.524934451
0.524934451
0.2082243174
0.2082243174
0.1879450992
0.1879450992
0.1433465689
0.1433465689
0.02553446189
0.02553446189
0.06911367186
0.06911367186
-0.06206917554
-0.06206917554
0.0896548641
0.0896548641
0.2242614103
0.2242614103
0.5127673194
0.5127673194
0.02553446189
0.02553446189
0.06911367186
0.06911367186
-0.06206917554
-0.06206917554
0.0896548641
0.0896548641
0.2242614103
0.2242614103
0.5127673194
0.5127673194
0.3665794202
0.3665794202
0.08965578158
0.08965578158
0.2570792962
0.2570792962
0.405664258
0.405664258
0.3931036188
0.3931036188
0.366579168
0.366579168
0.3665794202
0.3665794202
0.08965578158
0.08965578158
0.2570792962
0.2570792962
0.405664258
0.405664258
0.3931036188
0.3931036188
0.366579168
0.366579168
0.366579191
0.366579191
0.08965477995
0.08965477995
0.1084958711
0.1084958711
0.4056636835
0.4056636835
0.08965533682
0.08965533682
0.04986932479
0.04986932479
0.366579191
0.366579191
0.08965477995
0.08965477995
0.1084958711
0.1084958711
0.4056636835
0.4056636835
0.08965533682
0.08965533682
0.04986932479
0.04986932479
0.1879450915
0.1879450915
0.2242612185
0.2242612185
0.5448278602
0.5448278602
-0.06206860012
-0.06206860012
0.06911376041
0.06911376041
0.1879450898
0.1879450898
0.1879450915
0.1879450915
0.2242612185
0.2242612185
0.5448278602
0.5448278602
-0.06206860012
-0.06206860012
0.06911376041
0.06911376041
0.1879450898
0.1879450898
0.1433465882
0.1433465882
0.3503563416
0.3503563416
0.04986908956
0.04986908956
0.3665791467
0.3665791467
0.5127671461
0.5127671461
0.2504282706
0.2504282706
0.1433465882
0.1433465882
0.3503563416
0.3503563416
0.04986908956
0.04986908956
0.3665791467
0.3665791467
0.5127671461
0.5127671461
0.2504282706
0.2504282706
0.4645916949
0.4645916949
0.02553444812
0.02553444812
0.3665792303
0.3665792303
0.3665791632
0.3665791632
0.3503559119
0.3503559119
0.4645914198
0.4645914198
0.4645916949
0.4645916949
0.02553444812
0.02553444812
0.3665792303
0.3665792303
0.3665791632
0.3665791632
0.3503559119
0.3503559119
0.4645914198
0.4645914198
0.5127669913
0.5127669913
0.5345567699
0.5345567699
0.3931033836
0.3931033836
0.393103137
0.393103137
0.224261068
0.224261068
0.3503557992
0.3503557992
0.5127669913
0.5127669913
0.5345567699
0.5345567699
0.3931033836
0.3931033836
0.393103137
0.393103137
0.224261068
0.224261068
0.3503557992
0.3503557992
0.04986885555
0.04986885555
0.3931036662
0.3931036662
0.4056637775
0.4056637775
0.4056637185
0.4056637185
0.08965475171
0.08965475171
0.3665794668
0.3665794668
0.04986885555
0.04986885555
0.3931036662
0.3931036662
0.4056637775
0.4056637775
0.4056637185
0.4056637185
0.08965475171
0.08965475171
0.3665794668
0.3665794668
0.3665792041
0.3665792041
0.6965515718
0.6965515718
0.2570797593
0.2570797593
0.4056633562
0.4056633562
0.08965549304
0.08965549304
0.04986874596
0.04986874596
0.3665792041
0.3665792041
0.6965515718
0.6965515718
0.2570797593
0.2570797593
0.4056633562
0.4056633562
0.08965549304
0.08965549304
0.04986874596
0.04986874596
0.1879456897
0.1879456897
0.379409128
0.379409128
0.3931034564
0.3931034564
0.2413793859
0.2413793859
0.5345566965
0.5345566965
0.5127669443
0.5127669443
0.1879456897
0.1879456897
0.379409128
0.379409128
0.3931034564
0.3931034564
0.2413793859
0.2413793859
0.5345566965
0.5345566965
0.5127669443
0.5127669443
0.2504284258
0.2504284258
0.3503564018
0.3503564018
0.04986924824
0.04986924824
0.5249344589
0.5249344589
0.1879451582
0.1879451582
0.357509794
0.357509794
0.2504284258
0.2504284258
0.3503564018
0.3503564018
0.04986924824
0.04986924824
0.5249344589
0.5249344589
0.1879451582
0.1879451582
0.357509794
0.357509794
0.4645916949
0.4645916949
0.02553444812
0.02553444812
0.3665792303
0.3665792303
0.3665791632
0.3665791632
0.3503559119
0.3503559119
0.4645914198
0.4645914198
0.4645916949
0.4645916949
0.02553444812
0.02553444812
0.3665792303
0.3665792303
0.3665791632
0.3665791632
0.3503559119
0.3503559119
0.4645914198
0.4645914198
0.5127669913
0.5127669913
0.5345567699
0.5345567699
0.3931033836
0.3931033836
0.393103137
0.393103137
0.224261068
0.224261068
0.3503557992
0.3503557992
0.5127669913
0.5127669913
0.5345567699
0.5345567699
0.3931033836
0.3931033836
0.393103137
0.393103137
0.224261068
0.224261068
0.3503557992
0.3503557992
0.04986885555
0.04986885555
0.3931036662
0.3931036662
0.4056637775
0.4056637775
0.4056637185
0.4056637185
0.08965475171
0.08965475171
0.3665794668
0.3665794668
0.04986885555
0.04986885555
0.3931036662
0.3931036662
0.4056637775
0.4056637775
0.4056637185
0.4056637185
0.08965475171
0.08965475171
0.3665794668
0.3665794668
0.3665792041
0.3665792041
0.6965515718
0.6965515718
0.2570797593
0.2570797593
0.4056633562
0.4056633562
0.08965549304
0.08965549304
0.04986874596
0.04986874596
0.3665792041
0.3665792041
0.6965515718
0.6965515718
0.2570797593
0.2570797593
0.4056633562
0.4056633562
0.08965549304
0.08965549304
0.04986874596
0.04986874596
0.1879456897
0.1879456897
0.379409128
0.379409128
0.3931034564
0.3931034564
0.2413793859
0.2413793859
0.5345566965
0.5345566965
0.5127669443
0.5127669443
0.1879456897
0.1879456897
0.379409128
0.379409128
0.3931034564
0.3931034564
0.2413793859
0.2413793859
0.5345566965
0.5345566965
0.5127669443
0.5127669443
0.2504284258
0.2504284258
0.3503564018
0.3503564018
0.04986924824
0.04986924824
0.5249344589
0.5249344589
0.1879451582
0.1879451582
0.357509794
0.357509794
0.2504284258
0.2504284258
0.3503564018
0.3503564018
0.04986924824
0.04986924824
0.5249344589
0.5249344589
0.1879451582
0.1879451582
0.357509794
0.357509794
0.3575102776
0.3575102776
0.5127674147
0.5127674147
0.6832895842
0.6832895842
0.3665793834
0.3665793834
0.1879454454
0.1879454454
0.4645916973
0.4645916973
0.3575102776
0.3575102776
0.5127674147
0.5127674147
0.6832895842
0.6832895842
0.3665793834
0.3665793834
0.1879454454
0.1879454454
0.4645916973
0.4645916973
0.1879455705
0.1879455705
0.3794451911
0.3794451911
0.08965537535
0.08965537535
0.2413795697
0.2413795697
0.5345569971
0.5345569971
0.3503562734
0.3503562734
0.1879455705
0.1879455705
0.3794451911
0.3794451911
0.08965537535
0.08965537535
0.2413795697
0.2413795697
0.5345569971
0.5345569971
0.3503562734
0.3503562734
0.5249352984
0.5249352984
0.5448275323
0.5448275323
0.2570798302
0.2570798302
0.4056641106
0.4056641106
0.2413796983
0.2413796983
0.3665798485
0.3665798485
0.5249352984
0.5249352984
0.5448275323
0.5448275323
0.2570798302
0.2570798302
0.4056641106
0.4056641106
0.2413796983
0.2413796983
0.3665798485
0.3665798485
0.6832896684
0.6832896684
0.2413796659
0.2413796659
0.4056649027
0.4056649027
0.2570806416
0.2570806416
0.544827742
0.544827742
0.683289792
0.683289792
0.6832896684
0.6832896684
0.2413796659
0.2413796659
0.4056649027
0.4056649027
0.2570806416
0.2570806416
0.544827742
0.544827742
0.683289792
0.683289792
0.02553494881
0.02553494881
0.5345572035
0.5345572035
0.5448277776
0.5448277776
0.5448277723
0.5448277723
0.2242619091
0.2242619091
0.1879454755
0.1879454755
0.02553494881
0.02553494881
0.5345572035
0.5345572035
0.5448277776
0.5448277776
0.5448277723
0.5448277723
0.2242619091
0.2242619091
0.1879454755
0.1879454755
0.3575102696
0.3575102696
0.5127670962
0.5127670962
0.3667884108
0.3667884108
0.2082240361
0.2082240361
0.3503561957
0.3503561957
0.3575099818
0.3575099818
0.3575102696
0.3575102696
0.5127670962
0.5127670962
0.3667884108
0.3667884108
0.2082240361
0.2082240361
0.3503561957
0.3503561957
0.3575099818
0.3575099818
0.3575102776
0.3575102776
0.5127674147
0.5127674147
0.6832895842
0.6832895842
0.3665793834
0.3665793834
0.1879454454
0.1879454454
0.4645916973
0.4645916973
0.3575102776
0.3575102776
0.5127674147
0.5127674147
0.6832895842
0.6832895842
0.3665793834
0.3665793834
0.1879454454
0.1879454454
0.4645916973
0.4645916973
0.1879455705
0.1879455705
0.3794451911
0.3794451911
0.08965537535
0.08965537535
0.2413795697
0.2413795697
0.5345569971
0.5345569971
0.3503562734
0.3503562734
0.1879455705
0.1879455705
0.3794451911
0.3794451911
0.08965537535
0.08965537535
0.2413795697
0.2413795697
0.5345569971
0.5345569971
0.3503562734
0.3503562734
0.5249352984
0.5249352984
0.5448275323
0.5448275323
0.2570798302
0.2570798302
0.4056641106
0.4056641106
0.2413796983
0.2413796983
0.3665798485
0.3665798485
0.5249352984
0.5249352984
0.5448275323
0.5448275323
0.2570798302
0.2570798302
0.4056641106
0.4056641106
0.2413796983
0.2413796983
0.3665798485
0.3665798485
0.6832896684
0.6832896684
0.2413796659
0.2413796659
0.4056649027
0.4056649027
0.2570806416
0.2570806416
0.544827742
0.544827742
0.683289792
0.683289792
0.6832896684
0.6832896684
0.2413796659
0.2413796659
0.4056649027
0.4056649027
0.2570806416
0.2570806416
0.544827742
0.544827742
0.683289792
0.683289792
0.02553494881
0.02553494881
0.5345572035
0.5345572035
0.5448277776
0.5448277776
0.5448277723
0.5448277723
0.2242619091
0.2242619091
0.1879454755
0.1879454755
0.02553494881
0.02553494881
0.5345572035
0.5345572035
0.5448277776
0.5448277776
0.5448277723
0.5448277723
0.2242619091
0.2242619091
0.1879454755
0.1879454755
0.3575102696
0.3575102696
0.5127670962
0.5127670962
0.3667884108
0.3667884108
0.2082240361
0.2082240361
0.3503561957
0.3503561957
0.3575099818
0.3575099818
0.3575102696
0.3575102696
0.5127670962
0.5127670962
0.3667884108
0.3667884108
0.2082240361
0.2082240361
0.3503561957
0.3503561957
0.3575099818
0.3575099818
0.2200788776
0.2200788776
0.4117502174
0.4117502174
0.2572330966
0.2572330966
0.3696131161
0.3696131161
0.1921852774
0.1921852774
0.4665146073
0.4665146073
0.2200788776
0.2200788776
0.4117502174
0.4117502174
0.2572330966
0.2572330966
0.3696131161
0.3696131161
0.1921852774
0.1921852774
0.4665146073
0.4665146073
0.1914692865
0.1914692865
0.2268621335
0.2268621335
0.4621025617
0.4621025617
0.2438448244
0.2438448244
0.3820449759
0.3820449759
0.1914487287
0.1914487287
0.1914692865
0.1914692865
0.2268621335
0.2268621335
0.4621025617
0.4621025617
0.2438448244
0.2438448244
0.3820449759
0.3820449759
0.1914487287
0.1914487287
0.4626486383
0.4626486383
0.3936251622
0.3936251622
0.2608917171
0.2608917171
0.468782623
0.468782623
0.3955079228
0.3955079228
0.2139339771
0.2139339771
0.4626486383
0.4626486383
0.3936251622
0.3936251622
0.2608917171
0.2608917171
0.468782623
0.468782623
0.3955079228
0.3955079228
0.2139339771
0.2139339771
0.1125407808
0.1125407808
0.2454973676
0.2454973676
0.5973116567
0.5973116567
0.2748524183
0.2748524183
0.09332755102
0.09332755102
0.5254325342
0.5254325342
0.1125407808
0.1125407808
0.2454973676
0.2454973676
0.5973116567
0.5973116567
0.2748524183
0.2748524183
0.09332755102
0.09332755102
0.5254325342
0.5254325342
0.5631403896
0.5631403896
0.227782042
0.227782042
0.1169156471
0.1169156471
0.09429418413
0.09429418413
0.5365322448
0.5365322448
0.2381784439
0.2381784439
0.5631403896
0.5631403896
0.227782042
0.227782042
0.1169156471
0.1169156471
0.09429418413
0.09429418413
0.5365322448
0.5365322448
0.2381784439
0.2381784439
0.1532455657
0.1532455657
0.5146131184
0.5146131184
0.3705645241
0.3705645241
0.36968837
0.36968837
0.526284433
0.526284433
0.1482347703
0.1482347703
0.1532455657
0.1532455657
0.5146131184
0.5146131184
0.3705645241
0.3705645241
0.36968837
0.36968837
0.526284433
0.526284433
0.1482347703
0.1482347703
0.2200788776
0.2200788776
0.4117502174
0.4117502174
0.2572330966
0.2572330966
0.3696131161
0.3696131161
0.1921852774
0.1921852774
0.4665146073
0.4665146073
0.2200788776
0.2200788776
0.4117502174
0.4117502174
0.2572330966
0.2572330966
0.3696131161
0.3696131161
0.1921852774
0.1921852774
0.4665146073
0.4665146073
0.1914692865
0.1914692865
0.2268621335
0.2268621335
0.4621025617
0.4621025617
0.2438448244
0.2438448244
0.3820449759
0.3820449759
0.1914487287
0.1914487287
0.1914692865
0.1914692865
0.2268621335
0.2268621335
0.4621025617
0.4621025617
0.2438448244
0.2438448244
0.3820449759
0.3820449759
0.1914487287
0.1914487287
0.4626486383
0.4626486383
0.3936251622
0.3936251622
0.2608917171
0.2608917171
0.468782623
0.468782623
0.3955079228
0.3955079228
0.2139339771
0.2139339771
0.4626486383
0.4626486383
0.3936251622
0.3936251622
0.2608917171
0.2608917171
0.468782623
0.468782623
0.3955079228
0.3955079228
0.2139339771
0.2139339771
0.1125407808
0.1125407808
0.2454973676
0.2454973676
0.5973116567
0.5973116567
0.2748524183
0.2748524183
0.09332755102
0.09332755102
0.5254325342
0.5254325342
0.1125407808
0.1125407808
0.2454973676
0.2454973676
0.5973116567
0.5973116567
0.2748524183
0.2748524183
0.09332755102
0.09332755102
0.5254325342
0.5254325342
0.5631403896
0.5631403896
0.227782042
0.227782042
0.1169156471
0.1169156471
0.09429418413
0.09429418413
0.5365322448
0.5365322448
0.2381784439
0.2381784439
0.5631403896
0.5631403896
0.227782042
0.227782042
0.1169156471
0.1169156471
0.09429418413
0.09429418413
0.5365322448
0.5365322448
0.2381784439
0.2381784439
0.1532455657
0.1532455657
0.5146131184
0.5146131184
0.3705645241
0.3705645241
0.36968837
0.36968837
0.526284433
0.526284433
0.1482347703
0.1482347703
0.1532455657
0.1532455657
0.5146131184
0.5146131184
0.3705645241
0.3705645241
0.36968837
0.36968837
0.526284433
0.526284433
0.1482347703
0.1482347703
0.5397405046
0.5397405046
0.4772039241
0.4772039241
0.4068772641
0.4068772641
0.4875374261
0.4875374261
0.4687989086
0.4687989086
0.5965827174
0.5965827174
0.5397405046
0.5397405046
0.4772039241
0.4772039241
0.4068772641
0.4068772641
0.4875374261
0.4875374261
0.4687989086
0.4687989086
0.5965827174
0.5965827174
0.4745463519
0.4745463519
0.4927230197
0.4927230197
0.512402705
0.512402705
0.5913452184
0.5913452184
0.7499298648
0.7499298648
0.2983887898
0.2983887898
0.4745463519
0.4745463519
0.4927230197
0.4927230197
0.512402705
0.512402705
0.5913452184
0.5913452184
0.7499298648
0.7499298648
0.2983887898
0.2983887898
0.4929885505
0.4929885505
0.3643760952
0.3643760952
0.5599981507
0.5599981507
0.5996392446
0.5996392446
0.5367378825
0.5367378825
0.5752842262
0.5752842262
0.4929885505
0.4929885505
0.3643760952
0.3643760952
0.5599981507
0.5599981507
0.5996392446
0.5996392446
0.5367378825
0.5367378825
0.5752842262
0.5752842262
0.4854234211
0.4854234211
0.261798903
0.261798903
0.5216081366
0.5216081366
0.6828702945
0.6828702945
0.5107228282
0.5107228282
0.4902119366
0.4902119366
0.4854234211
0.4854234211
0.261798903
0.261798903
0.5216081366
0.5216081366
0.6828702945
0.6828702945
0.5107228282
0.5107228282
0.4902119366
0.4902119366
0.3874804921
0.3874804921
0.4170943547
0.4170943547
0.5928529237
0.5928529237
0.5914348543
0.5914348543
0.582831262
0.582831262
0.5646060088
0.5646060088
0.3874804921
0.3874804921
0.4170943547
0.4170943547
0.5928529237
0.5928529237
0.5914348543
0.5914348543
0.582831262
0.582831262
0.5646060088
0.5646060088
0.4241401291
0.4241401291
0.4664447138
0.4664447138
0.2383037565
0.2383037565
0.5740841552
0.5740841552
0.4777427843
0.4777427843
0.4796209477
0.4796209477
0.4241401291
0.4241401291
0.4664447138
0.4664447138
0.2383037565
0.2383037565
0.5740841552
0.5740841552
0.4777427843
0.4777427843
0.4796209477
0.4796209477
0.5397405046
0.5397405046
0.4772039241
0.4772039241
0.4068772641
0.4068772641
0.4875374261
0.4875374261
0.4687989086
0.4687989086
0.5965827174
0.5965827174
0.5397405046
0.5397405046
0.4772039241
0.4772039241
0.4068772641
0.4068772641
0.4875374261
0.4875374261
0.4687989086
0.4687989086
0.5965827174
0.5965827174
0.4745463519
0.4745463519
0.4927230197
0.4927230197
0.512402705
0.512402705
0.5913452184
0.5913452184
0.7499298648
0.7499298648
0.2983887898
0.2983887898
0.4745463519
0.4745463519
0.4927230197
0.4927230197
0.512402705
0.512402705
0.5913452184
0.5913452184
0.7499298648
0.7499298648
0.2983887898
0.2983887898
0.4929885505
0.4929885505
0.3643760952
0.3643760952
0.5599981507
0.5599981507
0.5996392446
0.5996392446
0.5367378825
0.5367378825
0.5752842262
0.5752842262
0.4929885505
0.4929885505
0.3643760952
0.3643760952
0.5599981507
0.5599981507
0.5996392446
0.5996392446
0.5367378825
0.5367378825
0.5752842262
0.5752842262
0.4854234211
0.4854234211
0.261798903
0.261798903
0.5216081366
0.5216081366
0.6828702945
0.6828702945
0.5107228282
0.5107228282
0.4902119366
0.4902119366
0.4854234211
0.4854234211
0.261798903
0.261798903
0.5216081366
0.5216081366
0.6828702945
0.6828702945
0.5107228282
0.5107228282
0.4902119366
0.4902119366
0.3874804921
0.3874804921
0.4170943547
0.4170943547
0.5928529237
0.5928529237
0.5914348543
0.5914348543
0.582831262
0.582831262
0.5646060088
0.5646060088
0.3874804921
0.3874804921
0.4170943547
0.4170943547
0.5928529237
0.5928529237
0.5914348543
0.5914348543
0.582831262
0.582831262
0.5646060088
0.5646060088
0.4241401291
0.4241401291
0.4664447138
0.4664447138
0.2383037565
0.2383037565
0.5740841552
0.5740841552
0.4777427843
0.4777427843
0.4796209477
0.4796209477
0.4241401291
0.4241401291
0.4664447138
0.4664447138
0.2383037565
0.2383037565
0.5740841552
0.5740841552
0.4777427843
0.4777427843
0.4796209477
0.4796209477
1
1
1
1
1
1
1
1
1
1
1
1
1
1
1
1
1
1
1
1
1
1
1
1
1
1
1
1
1
1
1
1
1
1
1
1
1
1
1
1
1
1
1
1
1
1
1
1
1
1
1
1
1
1
1
1
1
1
1
1
1
1
1
1
1
1
1
1
1
1
1
1
1
1
1
1
1
1
1
1
1
1
1
1
1
1
1
1
1
1
1
1
1
1
1
1
1
1
1
1
1
1
1
1
1
1
1
1
1
1
1
1
1
1
1
1
1
1
1
1
1
1
1
1
1
1
1
1
1
1
1
1
1
1
1
1
1
1
1
1
1
1
1
1
1
1
1
1
1
1
1
1
1
1
1
1
1
1
1
1
1
1
1
1
1
1
1
1
1
1
1
1
1
1
1
1
1
1
1
1
1
1
1
1
1
1
1
1
1
1
1
1
1
1
1
1
1
1
1
1
1
1
1
1
1
1
1
1
1
1
1
1
1
1
1
1
1
1
1
1
1
1
1
1
1
1
1
1
1
1
1
1
1
1
1
1
1
1
1
1
1
1
1
1
1
1
1
1
1
1
1
1
1
1
1
1
1
1
1
1
1
1
1
1
1
1
1
1
1
1
1
1
1
1
1
1
1
1
1
1
1
1
1
1
1
1
1
1
1
1
1
1
1
1
1
1
1
1
1
1
1
1
1
1
1
1
1
1
1
1
1
1
1
1
1
1
1
1
1
1
1
1
1
1
1
1
1
1
1
1
1
1
1
1
1
1
1
1
1
1
1
1
1
1
1
1
1
1
1
1
1
1
1
1
1
1
1
1
1
1
1
1
1
1
1
1
1
1
1
1
1
1
1
1
1
1
1
1
1
1
1
1
1
1
1
1
1
1
1
1
1
1
1
1
1
1
1
1
1
1
1
1
1
1
1
1
1
1
1
1
1
1
1
1
1
1
1
1
1
1
1
1
1
1
1
1
1
1
1
1
1
1
1
1
1
1
1
1
1
1
1
1
1
1
1
1
1
1
1
1
1
1
1
1
1
1
1
1
1
1
1
1
1
1
1
1
1
1
1
1
1
1
1
1
1
1
1
1
1
1
1
1
1
1
1
1
1
1
1
1
1
1
1
1
1
1
1
1
1
1
1
1
1
1
1
1
1
1
1
1
1
1
1
1
1
1
1
1
1
1
1
1
1
1
1
1
1
1
1
1
1
1
1
1
1
1
1
1
1
1
1
1
1
1
1
1
1
1
1
1
1
1
1
1
1
1
1
1
1
1
1
1
1
1
1
1
1
1
1
1
1
1
1
1
1
1
1
1
1
1
1
1
1
1
1
1
1
1
1
1
1
1
1
1
1
1
1
1
1
1
1
1
1
1
1
1
1
1
1
1
1
1
1
1
1
1
1
1
1
1
1
1
1
1
1
1
1
1
1
1
1
1
1
1
1
1
1
1
1
1
1
1
1
1
1
1
1
1
1
1
1
1
1
1
1
1
1
1
1
1
1
1
1
1
1
1
1
1
1
1
1
1
1
1
1
1
1
1
1
1
1
1
1
1
1
1
1
1
1
1
1
1
1
1
1
1
1
1
1
1
1
1
1
1
1
1
1
1
1
1
1
1
1
1
1
1
1
1
1
1
1
1
1
1
1
1
1
1
1
1
1
1
1
1
1
1
1
1
1
1
1
1
1
1
1
1
1
1
1
1
1
1
1
1
1
1
1
1
1
1
1
1
1
1
1
1
1
1
1
1
1
1
1
1
1
1
1
1
1
1
1
1
1
1
1
1
1
1
1
1
1
1
1
1
1
1
1
1
1
1
1
1
1
1
1
1
1
1
1
1
1
1
1
1
1
1
1
1
1
1
1
1
1
1
1
1
1
1
1
1
1
1
1
1
1
1
1
1
1
1
1
1
1
1
1
1
1
1
1
1
1
1
1
1
1
1
1
1
1
1
1
1
1
1
0.1433465689
0.4136033317
0.4136033317
0.1040530386
0.1040530386
0.1433465689
0.4136033317
0.4136033317
0.4136033317
0.3195191261
0.1033335265
0.1033335265
0.1033335265
0.4136033317
0.3195191261
0.1033335265
0.1033335265
0.1033335265
0.6961936224
0.6961936224
0.2071603237
0.2071603237
0.2071603237
0.1503935547
0.1503935547
0.2071603237
0.2071603237
0.2071603237
0.1503935547
0.1503935547
0.2071600403
0.2071600403
0.2071600403
0.4335962354
0.4335962354
0.2071600403
0.2071600403
0.2071600403
0.4335962354
0.4335962354
0.2314282262
0.2314282262
0.2314282262
0.3923871056
0.3923871056
0.2314282262
0.2314282262
0.2314282262
0.2670042264
-0.02072145089
0.2504282706
0.2670042264
0.2670042264
0.2670042264
-0.02072145089
0.2504282706
0.2670042264
0.2670042264
0.3280398905
0.3280398905
0.1433465689
0.4136033317
0.4136033317
0.1040530386
0.1040530386
0.1433465689
0.4136033317
0.4136033317
0.4136033317
0.3195191261
0.1033335265
0.1033335265
0.1033335265
0.4136033317
0.3195191261
0.1033335265
0.1033335265
0.1033335265
0.6961936224
0.6961936224
0.2071603237
0.2071603237
0.2071603237
0.1503935547
0.1503935547
0.2071603237
0.2071603237
0.2071603237
0.1503935547
0.1503935547
0.2071600403
0.2071600403
0.2071600403
0.4335962354
0.4335962354
0.2071600403
0.2071600403
0.2071600403
0.4335962354
0.4335962354
0.2314282262
0.2314282262
0.2314282262
0.3923871056
0.3923871056
0.2314282262
0.2314282262
0.2314282262
0.2670042264
-0.02072145089
0.2504282706
0.2670042264
0.2670042264
0.2670042264
-0.02072145089
0.2504282706
0.2670042264
0.2670042264
0.3280398905
0.3280398905
0.4645914198
0.1204048168
0.1204048168
0.328039745
0.328039745
0.4645914198
0.1204048168
0.1204048168
0.1204048168
0.3195188218
0.1033332602
0.1033332602
0.1033332602
0.1204048168
0.3195188218
0.1033332602
0.1033332602
0.1033332602
0.3923873315
0.3923873315
0.207160053
0.207160053
0.207160053
0.7167977168
0.7167977168
0.207160053
0.207160053
0.207160053
0.7167977168
0.7167977168
0.3204230588
0.3204230588
0.3204230588
0.2919942325
0.2919942325
0.3204230588
0.3204230588
0.3204230588
0.2919942325
0.2919942325
0.4876189913
0.4876189913
0.4876189913
0.392387292
0.392387292
0.4876189913
0.4876189913
0.4876189913
0.4136034587
0.6597595368
0.357509794
0.4136034587
0.4136034587
0.4136034587
0.6597595368
0.357509794
0.4136034587
0.4136034587
0.3280393939
0.3280393939
0.4645914198
0.1204048168
0.1204048168
0.328039745
0.328039745
0.4645914198
0.1204048168
0.1204048168
0.1204048168
0.3195188218
0.1033332602
0.1033332602
0.1033332602
0.1204048168
0.3195188218
0.1033332602
0.1033332602
0.1033332602
0.3923873315
0.3923873315
0.207160053
0.207160053
0.207160053
0.7167977168
0.7167977168
0.207160053
0.207160053
0.207160053
0.7167977168
0.7167977168
0.3204230588
0.3204230588
0.3204230588
0.2919942325
0.2919942325
0.3204230588
0.3204230588
0.3204230588
0.2919942325
0.2919942325
0.4876189913
0.4876189913
0.4876189913
0.392387292
0.392387292
0.4876189913
0.4876189913
0.4876189913
0.4136034587
0.6597595368
0.357509794
0.4136034587
0.4136034587
0.4136034587
0.6597595368
0.357509794
0.4136034587
0.4136034587
0.3280393939
0.3280393939
0.4645916973
0.2670042793
0.2670042793
0.3280473224
0.3280473224
0.4645916973
0.2670042793
0.2670042793
0.2670042793
0.6597596131
0.4876372126
0.4876372126
0.4876372126
0.2670042793
0.6597596131
0.4876372126
0.4876372126
0.4876372126
0.6961933451
0.6961933451
0.2071609523
0.2071609523
0.2071609523
0.4336155321
0.4336155321
0.2071609523
0.2071609523
0.2071609523
0.4336155321
0.4336155321
0.2071604782
0.2071604782
0.2071604782
0.4335956235
0.4335956235
0.2071604782
0.2071604782
0.2071604782
0.4335956235
0.4335956235
0.3595242015
0.3595242015
0.3595242015
0.6961943287
0.6961943287
0.3595242015
0.3595242015
0.3595242015
0.2670073821
0.6597596829
0.3575099818
0.2670073821
0.2670073821
0.2670073821
0.6597596829
0.3575099818
0.2670073821
0.2670073821
0.3280401532
0.3280401532
0.4645916973
0.2670042793
0.2670042793
0.3280473224
0.3280473224
0.4645916973
0.2670042793
0.2670042793
0.2670042793
0.6597596131
0.4876372126
0.4876372126
0.4876372126
0.2670042793
0.6597596131
0.4876372126
0.4876372126
0.4876372126
0.6961933451
0.6961933451
0.2071609523
0.2071609523
0.2071609523
0.4336155321
0.4336155321
0.2071609523
0.2071609523
0.2071609523
0.4336155321
0.4336155321
0.2071604782
0.2071604782
0.2071604782
0.4335956235
0.4335956235
0.2071604782
0.2071604782
0.2071604782
0.4335956235
0.4335956235
0.3595242015
0.3595242015
0.3595242015
0.6961943287
0.6961943287
0.3595242015
0.3595242015
0.3595242015
0.2670073821
0.6597596829
0.3575099818
0.2670073821
0.2670073821
0.2670073821
0.6597596829
0.3575099818
0.2670073821
0.2670073821
0.3280401532
0.3280401532
0.4665146073
0.7069531219
0.7069531219
0.1097362798
0.1097362798
0.4665146073
0.7069531219
0.7069531219
0.7069531219
-0.01441830874
0.3615570332
0.3615570332
0.3615570332
0.7069531219
-0.01441830874
0.3615570332
0.3615570332
0.3615570332
0.3941511917
0.3941511917
0.4340815433
0.4340815433
0.4340815433
0.3559377043
0.3559377043
0.4340815433
0.4340815433
0.4340815433
0.3559377043
0.3559377043
0.02523965278
0.02523965278
0.02523965278
0.4965256372
0.4965256372
0.02523965278
0.02523965278
0.02523965278
0.4965256372
0.4965256372
0.4887480179
0.4887480179
0.4887480179
0.09421132622
0.09421132622
0.4887480179
0.4887480179
0.4887480179
0.1767148963
0.6605575696
0.1482347703
0.1767148963
0.1767148963
0.1767148963
0.6605575696
0.1482347703
0.1767148963
0.1767148963
0.3580740334
0.3580740334
0.4665146073
0.7069531219
0.7069531219
0.1097362798
0.1097362798
0.4665146073
0.7069531219
0.7069531219
0.7069531219
-0.01441830874
0.3615570332
0.3615570332
0.3615570332
0.7069531219
-0.01441830874
0.3615570332
0.3615570332
0.3615570332
0.3941511917
0.3941511917
0.4340815433
0.4340815433
0.4340815433
0.3559377043
0.3559377043
0.4340815433
0.4340815433
0.4340815433
0.3559377043
0.3559377043
0.02523965278
0.02523965278
0.02523965278
0.4965256372
0.4965256372
0.02523965278
0.02523965278
0.02523965278
0.4965256372
0.4965256372
0.4887480179
0.4887480179
0.4887480179
0.09421132622
0.09421132622
0.4887480179
0.4887480179
0.4887480179
0.1767148963
0.6605575696
0.1482347703
0.1767148963
0.1767148963
0.1767148963
0.6605575696
0.1482347703
0.1767148963
0.1767148963
0.3580740334
0.3580740334
0.5965827174
0.5934194041
0.5934194041
0.5172468643
0.5172468643
0.5965827174
0.5934194041
0.5934194041
0.5934194041
0.4508918919
0.3650764451
0.3650764451
0.3650764451
0.5934194041
0.4508918919
0.3650764451
0.3650764451
0.3650764451
0.5100064627
0.5100064627
0.5029725766
0.5029725766
0.5029725766
0.4381344009
0.4381344009
0.5029725766
0.5029725766
0.5029725766
0.4381344009
0.4381344009
0.6956175267
0.6956175267
0.6956175267
0.5442751828
0.5442751828
0.6956175267
0.6956175267
0.6956175267
0.5442751828
0.5442751828
0.2363205767
0.2363205767
0.2363205767
0.6720466139
0.6720466139
0.2363205767
0.2363205767
0.2363205767
0.7627887338
0.4501314701
0.4796209477
0.7627887338
0.7627887338
0.7627887338
0.4501314701
0.4796209477
0.7627887338
0.7627887338
0.6379909465
0.6379909465
0.5965827174
0.5934194041
0.5934194041
0.5172468643
0.5172468643
0.5965827174
0.5934194041
0.5934194041
0.5934194041
0.4508918919
0.3650764451
0.3650764451
0.3650764451
0.5934194041
0.4508918919
0.3650764451
0.3650764451
0.3650764451
0.5100064627
0.5100064627
0.5029725766
0.5029725766
0.5029725766
0.4381344009
0.4381344009
0.5029725766
0.5029725766
0.5029725766
0.4381344009
0.4381344009
0.6956175267
0.6956175267
0.6956175267
0.5442751828
0.5442751828
0.6956175267
0.6956175267
0.6956175267
0.5442751828
0.5442751828
0.2363205767
0.2363205767
0.2363205767
0.6720466139
0.6720466139
0.2363205767
0.2363205767
0.2363205767
0.7627887338
0.4501314701
0.4796209477
0.7627887338
0.7627887338
0.7627887338
0.4501314701
0.4796209477
0.7627887338
0.7627887338
0.6379909465
0.6379909465
1
1
1
1
1
1
1
1
1
1
1
1
1
1
1
1
1
1
1
1
1
1
1
1
1
1
1
1
1
1
1
1
1
1
1
1
1
1
1
1
1
1
1
1
1
1
1
1
1
1
1
1
1
1
1
1
1
1
1
1
1
1
1
1
1
1
1
1
1
1
1
1
1
1
1
1
1
1
1
1
1
1
1
1
1
1
1
1
1
1
1
1
1
1
1
1
1
1
1
1
1
1
1
1
1
1
1
1
1
1
1
1
1
1
1
1
1
1
1
1
1
1
1
1
1
1
1
1
1
1
1
1
1
1
1
1
1
1
1
1
1
1
1
1
1
1
1
1
1
1
1
1
1
1
1
1
1
1
1
1
1
1
1
1
1
1
1
1
1
1
1
1
1
1
1
1
1
1
1
1
1
1
1
1
1
1
1
1
1
1
1
1
1
1
1
1
1
1
1
1
1
1
1
1
1
1
1
1
1
1
1
1
1
1
1
1
1
1
1
1
1
1
1
1
1
1
1
1
1
1
1
1
1
1
1
1
1
1
1
1
1
1
1
1
1
1
1
1
1
1
1
1
1
1
1
1
1
1
1
1
1
1
1
1
1
1
1
1
1
1
1
1
1
1
1
1
1
1
1
1
1
1
1
1
1
1
1
1
1
1
1
1
1
1
1
1
1
1
1
1
1
1
1
1
1
1
1
1
1
1
1
1
1
1
1
1
1
1
1
1
1
1
1
1
1
1
1
1
1
1
1
1
1
1
1
1
1
1
1
1
1
1
1
1
1
1
1
1
1
1
1
1
1
1
1
1
1
1
1
1
0.2504282706
0.4136038696
0.4136038696
0.3280398905
0.3280398905
0.2504282706
0.4136038696
0.4136038696
0.4136038696
0.31951901
-0.1528575634
-0.1528575634
-0.1528575634
0.4136038696
0.31951901
-0.1528575634
-0.1528575634
-0.1528575634
0.08858053221
0.08858053221
0.09389739947
0.09389739947
0.09389739947
0.5751964545
0.5751964545
0.09389739947
0.09389739947
0.09389739947
0.5751964545
0.5751964545
0.3204229242
0.3204229242
0.3204229242
0.4335954425
0.4335954425
0.3204229242
0.3204229242
0.3204229242
0.4335954425
0.4335954425
0.1033332078
0.1033332078
0.1033332078
0.3923869991
0.3923869991
0.1033332078
0.1033332078
0.1033332078
0.2670042311
0.3195187266
0.1433465882
0.2670042311
0.2670042311
0.2670042311
0.3195187266
0.1433465882
0.2670042311
0.2670042311
0.328039099
0.328039099
0.2504282706
0.4136038696
0.4136038696
0.3280398905
0.3280398905
0.2504282706
0.4136038696
0.4136038696
0.4136038696
0.31951901
-0.1528575634
-0.1528575634
-0.1528575634
0.4136038696
0.31951901
-0.1528575634
-0.1528575634
-0.1528575634
0.08858053221
0.08858053221
0.09389739947
0.09389739947
0.09389739947
0.5751964545
0.5751964545
0.09389739947
0.09389739947
0.09389739947
0.5751964545
0.5751964545
0.3204229242
0.3204229242
0.3204229242
0.4335954425
0.4335954425
0.3204229242
0.3204229242
0.3204229242
0.4335954425
0.4335954425
0.1033332078
0.1033332078
0.1033332078
0.3923869991
0.3923869991
0.1033332078
0.1033332078
0.1033332078
0.2670042311
0.3195187266
0.1433465882
0.2670042311
0.2670042311
0.2670042311
0.3195187266
0.1433465882
0.2670042311
0.2670042311
0.328039099
0.328039099
0.357509794
0.2670039359
0.2670039359
0.3280393939
0.3280393939
0.357509794
0.2670039359
0.2670039359
0.2670039359
-0.02072165509
0.61571418
0.61571418
0.61571418
0.2670039359
-0.02072165509
0.61571418
0.61571418
0.61571418
0.6961935396
0.6961935396
0.2071603557
0.2071603557
0.2071603557
0.4335953192
0.4335953192
0.2071603557
0.2071603557
0.2071603557
0.4335953192
0.4335953192
0.3204228286
0.3204228286
0.3204228286
0.4335955944
0.4335955944
0.3204228286
0.3204228286
0.3204228286
0.4335955944
0.4335955944
0.3595238821
0.3595238821
0.3595238821
0.6961933783
0.6961933783
0.3595238821
0.3595238821
0.3595238821
0.4136034148
0.6597595829
0.2504284258
0.4136034148
0.4136034148
0.4136034148
0.6597595829
0.2504284258
0.4136034148
0.4136034148
0.3280400402
0.3280400402
0.357509794
0.2670039359
0.2670039359
0.3280393939
0.3280393939
0.357509794
0.2670039359
0.2670039359
0.2670039359
-0.02072165509
0.61571418
0.61571418
0.61571418
0.2670039359
-0.02072165509
0.61571418
0.61571418
0.61571418
0.6961935396
0.6961935396
0.2071603557
0.2071603557
0.2071603557
0.4335953192
0.4335953192
0.2071603557
0.2071603557
0.2071603557
0.4335953192
0.4335953192
0.3204228286
0.3204228286
0.3204228286
0.4335955944
0.4335955944
0.3204228286
0.3204228286
0.3204228286
0.4335955944
0.4335955944
0.3595238821
0.3595238821
0.3595238821
0.6961933783
0.6961933783
0.3595238821
0.3595238821
0.3595238821
0.4136034148
0.6597595829
0.2504284258
0.4136034148
0.4136034148
0.4136034148
0.6597595829
0.2504284258
0.4136034148
0.4136034148
0.3280400402
0.3280400402
0.3575099818
0.5602023868
0.5602023868
0.3280401532
0.3280401532
0.3575099818
0.5602023868
0.5602023868
0.5602023868
0.6597596024
0.2314285834
0.2314285834
0.2314285834
0.5602023868
0.6597596024
0.2314285834
0.2314285834
0.2314285834
0.6961935674
0.6961935674
0.2071873537
0.2071873537
0.2071873537
0.2919940905
0.2919940905
0.2071873537
0.2071873537
0.2071873537
0.2919940905
0.2919940905
0.3205209355
0.3205209355
0.3205209355
0.2919945431
0.2919945431
0.3205209355
0.3205209355
0.3205209355
0.2919945431
0.2919945431
0.2314443234
0.2314443234
0.2314443234
0.3923882983
0.3923882983
0.2314443234
0.2314443234
0.2314443234
0.2670050816
0.3195820955
0.3575102696
0.2670050816
0.2670050816
0.2670050816
0.3195820955
0.3575102696
0.2670050816
0.2670050816
0.328063036
0.328063036
0.3575099818
0.5602023868
0.5602023868
0.3280401532
0.3280401532
0.3575099818
0.5602023868
0.5602023868
0.5602023868
0.6597596024
0.2314285834
0.2314285834
0.2314285834
0.5602023868
0.6597596024
0.2314285834
0.2314285834
0.2314285834
0.6961935674
0.6961935674
0.2071873537
0.2071873537
0.2071873537
0.2919940905
0.2919940905
0.2071873537
0.2071873537
0.2071873537
0.2919940905
0.2919940905
0.3205209355
0.3205209355
0.3205209355
0.2919945431
0.2919945431
0.3205209355
0.3205209355
0.3205209355
0.2919945431
0.2919945431
0.2314443234
0.2314443234
0.2314443234
0.3923882983
0.3923882983
0.2314443234
0.2314443234
0.2314443234
0.2670050816
0.3195820955
0.3575102696
0.2670050816
0.2670050816
0.2670050816
0.3195820955
0.3575102696
0.2670050816
0.2670050816
0.328063036
0.328063036
0.1482347703
0.5608728867
0.5608728867
0.3580740334
0.3580740334
0.1482347703
0.5608728867
0.5608728867
0.5608728867
0.6598968857
0.2355732988
0.2355732988
0.2355732988
0.5608728867
0.6598968857
0.2355732988
0.2355732988
0.2355732988
0.3933056333
0.3933056333
0.2100093853
0.2100093853
0.2100093853
0.4360896867
0.4360896867
0.2100093853
0.2100093853
0.2100093853
0.4360896867
0.4360896867
0.2677521853
0.2677521853
0.2677521853
0.4683534005
0.4683534005
0.2677521853
0.2677521853
0.2677521853
0.4683534005
0.4683534005
0.3620008069
0.3620008069
0.3620008069
0.5139611229
0.5139611229
0.3620008069
0.3620008069
0.3620008069
0.472739658
0.3249443936
0.1532455657
0.472739658
0.472739658
0.472739658
0.3249443936
0.1532455657
0.472739658
0.472739658
0.1084826067
0.1084826067
0.1482347703
0.5608728867
0.5608728867
0.3580740334
0.3580740334
0.1482347703
0.5608728867
0.5608728867
0.5608728867
0.6598968857
0.2355732988
0.2355732988
0.2355732988
0.5608728867
0.6598968857
0.2355732988
0.2355732988
0.2355732988
0.3933056333
0.3933056333
0.2100093853
0.2100093853
0.2100093853
0.4360896867
0.4360896867
0.2100093853
0.2100093853
0.2100093853
0.4360896867
0.4360896867
0.2677521853
0.2677521853
0.2677521853
0.4683534005
0.4683534005
0.2677521853
0.2677521853
0.2677521853
0.4683534005
0.4683534005
0.3620008069
0.3620008069
0.3620008069
0.5139611229
0.5139611229
0.3620008069
0.3620008069
0.3620008069
0.472739658
0.3249443936
0.1532455657
0.472739658
0.472739658
0.472739658
0.3249443936
0.1532455657
0.472739658
0.472739658
0.1084826067
0.1084826067
0.4796209477
0.5190270344
0.5190270344
0.6379909465
0.6379909465
0.4796209477
0.5190270344
0.5190270344
0.5190270344
0.3769604165
0.5874083014
0.5874083014
0.5874083014
0.5190270344
0.3769604165
0.5874083014
0.5874083014
0.5874083014
0.6730050716
0.6730050716
0.3047689535
0.3047689535
0.3047689535
0.6174542296
0.6174542296
0.3047689535
0.3047689535
0.3047689535
0.6174542296
0.6174542296
0.6959546648
0.6959546648
0.6959546648
0.4693674122
0.4693674122
0.6959546648
0.6959546648
0.6959546648
0.4693674122
0.4693674122
0.5138120797
0.5138120797
0.5138120797
0.5112129145
0.5112129145
0.5138120797
0.5138120797
0.5138120797
0.6850432717
0.2667814221
0.4241401291
0.6850432717
0.6850432717
0.6850432717
0.2667814221
0.4241401291
0.6850432717
0.6850432717
0.6380510735
0.6380510735
0.4796209477
0.5190270344
0.5190270344
0.6379909465
0.6379909465
0.4796209477
0.5190270344
0.5190270344
0.5190270344
0.3769604165
0.5874083014
0.5874083014
0.5874083014
0.5190270344
0.3769604165
0.5874083014
0.5874083014
0.5874083014
0.6730050716
0.6730050716
0.3047689535
0.3047689535
0.3047689535
0.6174542296
0.6174542296
0.3047689535
0.3047689535
0.3047689535
0.6174542296
0.6174542296
0.6959546648
0.6959546648
0.6959546648
0.4693674122
0.4693674122
0.6959546648
0.6959546648
0.6959546648
0.4693674122
0.4693674122
0.5138120797
0.5138120797
0.5138120797
0.5112129145
0.5112129145
0.5138120797
0.5138120797
0.5138120797
0.6850432717
0.2667814221
0.4241401291
0.6850432717
0.6850432717
0.6850432717
0.2667814221
0.4241401291
0.6850432717
0.6850432717
0.6380510735
0.6380510735
1
1
1
1
1
1
1
1
1
1
1
1
1
1
1
1
1
1
1
1
0.9385947753
0.9385947753
0.9385947753
1
1
0.9385947753
0.9385947753
0.9385947753
1
1
1
1
1
1
1
1
1
1
1
1
0.929575314
0.929575314
0.929575314
1
1
0.929575314
0.929575314
0.929575314
1
1
1
1
1
1
1
1
1
1
1
1
1
1
1
1
1
1
1
1
1
1
1
1
1
1
1
1
1
1
1
1
0.9385947753
0.9385947753
0.9385947753
1
1
0.9385947753
0.9385947753
0.9385947753
1
1
1
1
1
1
1
1
1
1
1
1
0.929575314
0.929575314
0.929575314
1
1
0.929575314
0.929575314
0.929575314
1
1
1
1
1
1
1
1
1
1
1
1
1
1
1
1
1
1
1
1
1
1
1
1
1
1
1
1
1
1
1
1
1
1
1
1
1
1
1
1
1
1
1
1
1
1
1
1
1
1
1
1
1
1
1
1
1
1
1
1
1
1
1
1
1
1
1
1
1
1
1
1
1
1
1
1
1
1
1
1
1
1
1
1
1
1
1
1
1
1
1
1
1
1
1
1
1
1
1
1
1
1
1
1
1
1
1
1
1
1
1
1
1
1
1
1
1
1
1
1
1
1
1
1
1
1
1
1
1
1
1
1
1
1
1
1
1
1
1
1
1
1
1
1
1
1
1
1
1
1
1
1
1
1
1
1
1
1
1
1
1
1
1
1
1
1
1
1
1
1
1
1
1
1
1
1
1
1
1
1
1
1
1
1
1
1
1
1
1
1
1
1
1
1
1
1
1
1
1
1
1
1
1
1
1
1
1
1
1
1
1
1
1
1
1
1
1
1
1
1
1
1
1
1
1
1
1
1
1
1
1
1
1
1
1
1
1
1
1
1
1
1
1
1
1
1
1
1
1
1
1
1
0.1433465882
0.4136036874
0.4136036874
0.328039099
0.328039099
0.1433465882
0.4136036874
0.4136036874
0.4136036874
0.3195186315
0.2314285386
0.2314285386
0.2314285386
0.4136036874
0.3195186315
0.2314285386
0.2314285386
0.2314285386
0.3923874298
0.3923874298
0.0938972461
0.0938972461
0.0938972461
0.575196454
0.575196454
0.0938972461
0.0938972461
0.0938972461
0.575196454
0.575196454
0.09389762992
0.09389762992
0.09389762992
0.5751966731
0.5751966731
0.09389762992
0.09389762992
0.09389762992
0.5751966731
0.5751966731
0.4876190776
0.4876190776
0.4876190776
0.08858048322
0.08858048322
0.4876190776
0.4876190776
0.4876190776
0.2670042736
0.6597593179
0.3575098926
0.2670042736
0.2670042736
0.2670042736
0.6597593179
0.3575098926
0.2670042736
0.2670042736
0.1040526655
0.1040526655
0.1433465882
0.4136036874
0.4136036874
0.328039099
0.328039099
0.1433465882
0.4136036874
0.4136036874
0.4136036874
0.3195186315
0.2314285386
0.2314285386
0.2314285386
0.4136036874
0.3195186315
0.2314285386
0.2314285386
0.2314285386
0.3923874298
0.3923874298
0.0938972461
0.0938972461
0.0938972461
0.575196454
0.575196454
0.0938972461
0.0938972461
0.0938972461
0.575196454
0.575196454
0.09389762992
0.09389762992
0.09389762992
0.5751966731
0.5751966731
0.09389762992
0.09389762992
0.09389762992
0.5751966731
0.5751966731
0.4876190776
0.4876190776
0.4876190776
0.08858048322
0.08858048322
0.4876190776
0.4876190776
0.4876190776
0.2670042736
0.6597593179
0.3575098926
0.2670042736
0.2670042736
0.2670042736
0.6597593179
0.3575098926
0.2670042736
0.2670042736
0.1040526655
0.1040526655
0.2504284258
0.1204054726
0.1204054726
0.3280400402
0.3280400402
0.2504284258
0.1204054726
0.1204054726
0.1204054726
0.6597593519
0.3595235924
0.3595235924
0.3595235924
0.1204054726
0.6597593519
0.3595235924
0.3595235924
0.3595235924
0.6961936174
0.6961936174
0.09389686107
0.09389686107
0.09389686107
0.4336022372
0.4336022372
0.09389686107
0.09389686107
0.09389686107
0.4336022372
0.4336022372
0.09389775008
0.09389775008
0.09389775008
0.4335952364
0.4335952364
0.09389775008
0.09389775008
0.09389775008
0.4335952364
0.4335952364
0.3595234772
0.3595234772
0.3595234772
0.08858071567
0.08858071567
0.3595234772
0.3595234772
0.3595234772
0.1204049639
0.6597594586
0.4645916949
0.1204049639
0.1204049639
0.1204049639
0.6597594586
0.4645916949
0.1204049639
0.1204049639
0.5520265249
0.5520265249
0.2504284258
0.1204054726
0.1204054726
0.3280400402
0.3280400402
0.2504284258
0.1204054726
0.1204054726
0.1204054726
0.6597593519
0.3595235924
0.3595235924
0.3595235924
0.1204054726
0.6597593519
0.3595235924
0.3595235924
0.3595235924
0.6961936174
0.6961936174
0.09389686107
0.09389686107
0.09389686107
0.4336022372
0.4336022372
0.09389686107
0.09389686107
0.09389686107
0.4336022372
0.4336022372
0.09389775008
0.09389775008
0.09389775008
0.4335952364
0.4335952364
0.09389775008
0.09389775008
0.09389775008
0.4335952364
0.4335952364
0.3595234772
0.3595234772
0.3595234772
0.08858071567
0.08858071567
0.3595234772
0.3595234772
0.3595234772
0.1204049639
0.6597594586
0.4645916949
0.1204049639
0.1204049639
0.1204049639
0.6597594586
0.4645916949
0.1204049639
0.1204049639
0.5520265249
0.5520265249
0.3575102696
0.4136035633
0.4136035633
0.328063036
0.328063036
0.3575102696
0.4136035633
0.4136035633
0.4136035633
0.3195191437
0.2314292163
0.2314292163
0.2314292163
0.4136035633
0.3195191437
0.2314292163
0.2314292163
0.2314292163
0.3923875966
0.3923875966
0.3204277282
0.3204277282
0.3204277282
0.1503935204
0.1503935204
0.3204277282
0.3204277282
0.3204277282
0.1503935204
0.1503935204
0.2071807563
0.2071807563
0.2071807563
0.575196542
0.575196542
0.2071807563
0.2071807563
0.2071807563
0.575196542
0.575196542
0.1033335897
0.1033335897
0.1033335897
0.696193505
0.696193505
0.1033335897
0.1033335897
0.1033335897
0.4136086555
0.3195189869
0.3575102776
0.4136086555
0.4136086555
0.4136086555
0.3195189869
0.3575102776
0.4136086555
0.4136086555
0.3280396651
0.3280396651
0.3575102696
0.4136035633
0.4136035633
0.328063036
0.328063036
0.3575102696
0.4136035633
0.4136035633
0.4136035633
0.3195191437
0.2314292163
0.2314292163
0.2314292163
0.4136035633
0.3195191437
0.2314292163
0.2314292163
0.2314292163
0.3923875966
0.3923875966
0.3204277282
0.3204277282
0.3204277282
0.1503935204
0.1503935204
0.3204277282
0.3204277282
0.3204277282
0.1503935204
0.1503935204
0.2071807563
0.2071807563
0.2071807563
0.575196542
0.575196542
0.2071807563
0.2071807563
0.2071807563
0.575196542
0.575196542
0.1033335897
0.1033335897
0.1033335897
0.696193505
0.696193505
0.1033335897
0.1033335897
0.1033335897
0.4136086555
0.3195189869
0.3575102776
0.4136086555
0.4136086555
0.4136086555
0.3195189869
0.3575102776
0.4136086555
0.4136086555
0.3280396651
0.3280396651
0.1532455657
0.2938205869
0.2938205869
0.1084826067
0.1084826067
0.1532455657
0.2938205869
0.2938205869
0.2938205869
0.660515054
0.1651558598
0.1651558598
0.1651558598
0.2938205869
0.660515054
0.1651558598
0.1651558598
0.1651558598
0.3959443121
0.3959443121
0.2549941646
0.2549941646
0.2549941646
0.5766319289
0.5766319289
0.2549941646
0.2549941646
0.2549941646
0.5766319289
0.5766319289
0.3238431724
0.3238431724
0.3238431724
0.576700584
0.576700584
0.3238431724
0.3238431724
0.3238431724
0.576700584
0.576700584
0.109196706
0.109196706
0.109196706
0.3970059608
0.3970059608
0.109196706
0.109196706
0.109196706
0.3268174801
0.6599011278
0.2200788776
0.3268174801
0.3268174801
0.3268174801
0.6599011278
0.2200788776
0.3268174801
0.3268174801
0.3493816167
0.3493816167
0.1532455657
0.2938205869
0.2938205869
0.1084826067
0.1084826067
0.1532455657
0.2938205869
0.2938205869
0.2938205869
0.660515054
0.1651558598
0.1651558598
0.1651558598
0.2938205869
0.660515054
0.1651558598
0.1651558598
0.1651558598
0.3959443121
0.3959443121
0.2549941646
0.2549941646
0.2549941646
0.5766319289
0.5766319289
0.2549941646
0.2549941646
0.2549941646
0.5766319289
0.5766319289
0.3238431724
0.3238431724
0.3238431724
0.576700584
0.576700584
0.3238431724
0.3238431724
0.3238431724
0.576700584
0.576700584
0.109196706
0.109196706
0.109196706
0.3970059608
0.3970059608
0.109196706
0.109196706
0.109196706
0.3268174801
0.6599011278
0.2200788776
0.3268174801
0.3268174801
0.3268174801
0.6599011278
0.2200788776
0.3268174801
0.3268174801
0.3493816167
0.3493816167
0.4241401291
0.6085726534
0.6085726534
0.6380510735
0.6380510735
0.4241401291
0.6085726534
0.6085726534
0.6085726534
0.4454083262
0.3108579709
0.3108579709
0.3108579709
0.6085726534
0.4454083262
0.3108579709
0.3108579709
0.3108579709
0.5122804937
0.5122804937
0.616486554
0.616486554
0.616486554
0.465420033
0.465420033
0.616486554
0.616486554
0.616486554
0.465420033
0.465420033
0.5128020774
0.5128020774
0.5128020774
0.4658520985
0.4658520985
0.5128020774
0.5128020774
0.5128020774
0.4658520985
0.4658520985
0.5882931269
0.5882931269
0.5882931269
0.8355037152
0.8355037152
0.5882931269
0.5882931269
0.5882931269
0.45061492
0.6360351943
0.5397405046
0.45061492
0.45061492
0.45061492
0.6360351943
0.5397405046
0.45061492
0.45061492
0.6404312631
0.6404312631
0.4241401291
0.6085726534
0.6085726534
0.6380510735
0.6380510735
0.4241401291
0.6085726534
0.6085726534
0.6085726534
0.4454083262
0.3108579709
0.3108579709
0.3108579709
0.6085726534
0.4454083262
0.3108579709
0.3108579709
0.3108579709
0.5122804937
0.5122804937
0.616486554
0.616486554
0.616486554
0.465420033
0.465420033
0.616486554
0.616486554
0.616486554
0.465420033
0.465420033
0.5128020774
0.5128020774
0.5128020774
0.4658520985
0.4658520985
0.5128020774
0.5128020774
0.5128020774
0.4658520985
0.4658520985
0.5882931269
0.5882931269
0.5882931269
0.8355037152
0.8355037152
0.5882931269
0.5882931269
0.5882931269
0.45061492
0.6360351943
0.5397405046
0.45061492
0.45061492
0.45061492
0.6360351943
0.5397405046
0.45061492
0.45061492
0.6404312631
0.6404312631
1
0.9193842095
0.9193842095
1
1
1
0.9193842095
0.9193842095
0.9193842095
1
1
1
1
0.9193842095
1
1
1
1
1
1
1
1
1
1
1
1
1
1
1
1
1
1
1
1
1
1
1
1
1
1
1
1
1
1
1
1
1
1
1
1
1
1
1
1
1
1
1
1
1
1
1
0.9193842095
0.9193842095
1
1
1
0.9193842095
0.9193842095
0.9193842095
1
1
1
1
0.9193842095
1
1
1
1
1
1
1
1
1
1
1
1
1
1
1
1
1
1
1
1
1
1
1
1
1
1
1
1
1
1
1
1
1
1
1
1
1
1
1
1
1
1
1
1
1
1
1
1
1
1
1
1
1
1
1
1
1
1
1
1
1
1
1
1
1
1
1
1
1
1
1
1
1
1
1
1
1
1
1
1
1
1
1
1
1
1
1
1
1
1
1
1
1
1
1
1
1
1
1
1
1
1
1
1
1
1
1
1
1
1
1
1
1
1
1
1
1
1
1
1
1
1
1
1
1
1
1
1
1
1
1
1
1
1
1
1
1
1
1
1
1
1
1
1
1
1
1
1
1
1
1
1
1
1
1
1
1
1
1
1
1
1
1
1
1
1
1
1
1
1
1
1
1
1
1
1
1
1
1
1
1
1
1
1
1
1
1
1
1
1
1
1
1
1
1
1
1
1
1
1
1
1
1
1
1
1
1
1
1
1
1
1
1
1
1
1
1
1
1
1
1
1
1
1
1
1
1
1
1
1
1
1
1
1
1
1
1
1
1
1
1
1
1
1
1
1
1
1
1
1
1
1
1
1
1
1
1
1
1
1
1
1
1
1
1
1
1
1
1
1
1
1
1
1
1
1
1
1
1
1
1
1
1
1
1
1
0.3575098926
0.1204049044
0.1204049044
0.1040526655
0.1040526655
0.3575098926
0.1204049044
0.1204049044
0.1204049044
0.6597597483
0.2314280633
0.2314280633
0.2314280633
0.1204049044
0.6597597483
0.2314280633
0.2314280633
0.2314280633
0.3923866639
0.3923866639
0.3204230693
0.3204230693
0.3204230693
0.2919938917
0.2919938917
0.3204230693
0.3204230693
0.3204230693
0.2919938917
0.2919938917
0.09389733833
0.09389733833
0.09389733833
0.4335953001
0.4335953001
0.09389733833
0.09389733833
0.09389733833
0.4335953001
0.4335953001
0.3595235573
0.3595235573
0.3595235573
0.392386717
0.392386717
0.3595235573
0.3595235573
0.3595235573
0.267004904
0.3195189374
0.1433465689
0.267004904
0.267004904
0.267004904
0.3195189374
0.1433465689
0.267004904
0.267004904
0.1040530386
0.1040530386
0.3575098926
0.1204049044
0.1204049044
0.1040526655
0.1040526655
0.3575098926
0.1204049044
0.1204049044
0.1204049044
0.6597597483
0.2314280633
0.2314280633
0.2314280633
0.1204049044
0.6597597483
0.2314280633
0.2314280633
0.2314280633
0.3923866639
0.3923866639
0.3204230693
0.3204230693
0.3204230693
0.2919938917
0.2919938917
0.3204230693
0.3204230693
0.3204230693
0.2919938917
0.2919938917
0.09389733833
0.09389733833
0.09389733833
0.4335953001
0.4335953001
0.09389733833
0.09389733833
0.09389733833
0.4335953001
0.4335953001
0.3595235573
0.3595235573
0.3595235573
0.392386717
0.392386717
0.3595235573
0.3595235573
0.3595235573
0.267004904
0.3195189374
0.1433465689
0.267004904
0.267004904
0.267004904
0.3195189374
0.1433465689
0.267004904
0.267004904
0.1040530386
0.1040530386
0.4645916949
0.4136032716
0.4136032716
0.5520265249
0.5520265249
0.4645916949
0.4136032716
0.4136032716
0.4136032716
0.319519229
0.4876189732
0.4876189732
0.4876189732
0.4136032716
0.319519229
0.4876189732
0.4876189732
0.4876189732
0.3923870012
0.3923870012
-0.0193656945
-0.0193656945
-0.0193656945
0.5751963634
0.5751963634
-0.0193656945
-0.0193656945
-0.0193656945
0.5751963634
0.5751963634
0.3204228684
0.3204228684
0.3204228684
0.433595634
0.433595634
0.3204228684
0.3204228684
0.3204228684
0.433595634
0.433595634
-0.02476185463
-0.02476185463
-0.02476185463
0.6961934547
0.6961934547
-0.02476185463
-0.02476185463
-0.02476185463
0.4136036229
0.3195188372
0.4645914198
0.4136036229
0.4136036229
0.4136036229
0.3195188372
0.4645914198
0.4136036229
0.4136036229
0.328039745
0.328039745
0.4645916949
0.4136032716
0.4136032716
0.5520265249
0.5520265249
0.4645916949
0.4136032716
0.4136032716
0.4136032716
0.319519229
0.4876189732
0.4876189732
0.4876189732
0.4136032716
0.319519229
0.4876189732
0.4876189732
0.4876189732
0.3923870012
0.3923870012
-0.0193656945
-0.0193656945
-0.0193656945
0.5751963634
0.5751963634
-0.0193656945
-0.0193656945
-0.0193656945
0.5751963634
0.5751963634
0.3204228684
0.3204228684
0.3204228684
0.433595634
0.433595634
0.3204228684
0.3204228684
0.3204228684
0.433595634
0.433595634
-0.02476185463
-0.02476185463
-0.02476185463
0.6961934547
0.6961934547
-0.02476185463
-0.02476185463
-0.02476185463
0.4136036229
0.3195188372
0.4645914198
0.4136036229
0.4136036229
0.4136036229
0.3195188372
0.4645914198
0.4136036229
0.4136036229
0.328039745
0.328039745
0.3575102776
0.5602029548
0.5602029548
0.3280396651
0.3280396651
0.3575102776
0.5602029548
0.5602029548
0.5602029548
-0.02061097465
0.1033336017
0.1033336017
0.1033336017
0.5602029548
-0.02061097465
0.1033336017
0.1033336017
0.1033336017
0.08872595329
0.08872595329
0.4336860972
0.4336860972
0.4336860972
0.4335956203
0.4335956203
0.4336860972
0.4336860972
0.4336860972
0.4335956203
0.4335956203
0.2071602284
0.2071602284
0.2071602284
0.4335956506
0.4335956506
0.2071602284
0.2071602284
0.2071602284
0.4335956506
0.4335956506
0.3595242572
0.3595242572
0.3595242572
0.3923877038
0.3923877038
0.3595242572
0.3595242572
0.3595242572
0.2670044657
0.6597610294
0.4645916973
0.2670044657
0.2670044657
0.2670044657
0.6597610294
0.4645916973
0.2670044657
0.2670044657
0.3280473224
0.3280473224
0.3575102776
0.5602029548
0.5602029548
0.3280396651
0.3280396651
0.3575102776
0.5602029548
0.5602029548
0.5602029548
-0.02061097465
0.1033336017
0.1033336017
0.1033336017
0.5602029548
-0.02061097465
0.1033336017
0.1033336017
0.1033336017
0.08872595329
0.08872595329
0.4336860972
0.4336860972
0.4336860972
0.4335956203
0.4335956203
0.4336860972
0.4336860972
0.4336860972
0.4335956203
0.4335956203
0.2071602284
0.2071602284
0.2071602284
0.4335956506
0.4335956506
0.2071602284
0.2071602284
0.2071602284
0.4335956506
0.4335956506
0.3595242572
0.3595242572
0.3595242572
0.3923877038
0.3923877038
0.3595242572
0.3595242572
0.3595242572
0.2670044657
0.6597610294
0.4645916973
0.2670044657
0.2670044657
0.2670044657
0.6597610294
0.4645916973
0.2670044657
0.2670044657
0.3280473224
0.3280473224
0.2200788776
0.2694625009
0.2694625009
0.3493816167
0.3493816167
0.2200788776
0.2694625009
0.2694625009
0.2694625009
0.6599016779
0.6174817621
0.6174817621
0.6174817621
0.2694625009
0.6599016779
0.6174817621
0.6174817621
0.6174817621
0.3978002743
0.3978002743
0.2524438041
0.2524438041
0.2524438041
0.5758913609
0.5758913609
0.2524438041
0.2524438041
0.2524438041
0.5758913609
0.5758913609
0.2104406036
0.2104406036
0.2104406036
0.4357911463
0.4357911463
0.2104406036
0.2104406036
0.2104406036
0.4357911463
0.4357911463
0.1620435271
0.1620435271
0.1620435271
0.6966028068
0.6966028068
0.1620435271
0.1620435271
0.1620435271
0.2722319088
0.6599158372
0.4665146073
0.2722319088
0.2722319088
0.2722319088
0.6599158372
0.4665146073
0.2722319088
0.2722319088
0.1097362798
0.1097362798
0.2200788776
0.2694625009
0.2694625009
0.3493816167
0.3493816167
0.2200788776
0.2694625009
0.2694625009
0.2694625009
0.6599016779
0.6174817621
0.6174817621
0.6174817621
0.2694625009
0.6599016779
0.6174817621
0.6174817621
0.6174817621
0.3978002743
0.3978002743
0.2524438041
0.2524438041
0.2524438041
0.5758913609
0.5758913609
0.2524438041
0.2524438041
0.2524438041
0.5758913609
0.5758913609
0.2104406036
0.2104406036
0.2104406036
0.4357911463
0.4357911463
0.2104406036
0.2104406036
0.2104406036
0.4357911463
0.4357911463
0.1620435271
0.1620435271
0.1620435271
0.6966028068
0.6966028068
0.1620435271
0.1620435271
0.1620435271
0.2722319088
0.6599158372
0.4665146073
0.2722319088
0.2722319088
0.2722319088
0.6599158372
0.4665146073
0.2722319088
0.2722319088
0.1097362798
0.1097362798
0.5397405046
0.6046790247
0.6046790247
0.6404312631
0.6404312631
0.5397405046
0.6046790247
0.6046790247
0.6046790247
0.4483193942
0.5855711705
0.5855711705
0.5855711705
0.6046790247
0.4483193942
0.5855711705
0.5855711705
0.5855711705
0.6740350587
0.6740350587
0.5119418432
0.5119418432
0.5119418432
0.4661273443
0.4661273443
0.5119418432
0.5119418432
0.5119418432
0.4661273443
0.4661273443
0.5745925249
0.5745925249
0.5745925249
0.620029058
0.620029058
0.5745925249
0.5745925249
0.5745925249
0.620029058
0.620029058
0.6572690072
0.6572690072
0.6572690072
0.1823119089
0.1823119089
0.6572690072
0.6572690072
0.6572690072
0.449225317
0.8168516338
0.5965827174
0.449225317
0.449225317
0.449225317
0.8168516338
0.5965827174
0.449225317
0.449225317
0.5172468643
0.5172468643
0.5397405046
0.6046790247
0.6046790247
0.6404312631
0.6404312631
0.5397405046
0.6046790247
0.6046790247
0.6046790247
0.4483193942
0.5855711705
0.5855711705
0.5855711705
0.6046790247
0.4483193942
0.5855711705
0.5855711705
0.5855711705
0.6740350587
0.6740350587
0.5119418432
0.5119418432
0.5119418432
0.4661273443
0.4661273443
0.5119418432
0.5119418432
0.5119418432
0.4661273443
0.4661273443
0.5745925249
0.5745925249
0.5745925249
0.620029058
0.620029058
0.5745925249
0.5745925249
0.5745925249
0.620029058
0.620029058
0.6572690072
0.6572690072
0.6572690072
0.1823119089
0.1823119089
0.6572690072
0.6572690072
0.6572690072
0.449225317
0.8168516338
0.5965827174
0.449225317
0.449225317
0.449225317
0.8168516338
0.5965827174
0.449225317
0.449225317
0.5172468643
0.5172468643
1
1
1
1
1
1
1
1
1
1
1
1
1
1
1
1
1
1
1
1
1
1
1
1
1
1
1
1
1
1
1
1
1
1
1
1
1
1
1
1
1
1
1
1
1
1
1
1
1
1
1
1
1
1
1
1
1
1
1
1
1
1
1
1
1
1
1
1
1
1
1
1
1
1
1
1
1
1
1
1
1
1
1
1
1
1
1
1
1
1
1
1
1
1
1
1
1
1
1
1
1
1
1
1
1
1
1
1
1
1
1
1
1
1
1
1
1
1
1
1
1
1
1
1
1
1
1
1
1
1
1
1
1
1
1
1
1
1
1
1
1
1
1
1
1
1
1
1
1
1
1
1
1
1
1
1
1
1
1
1
1
1
1
1
1
1
1
1
1
1
1
1
1
1
1
1
1
1
1
1
1
1
1
1
1
1
1
1
1
1
1
1
1
1
1
1
1
1
1
1
1
1
1
1
1
1
1
1
1
1
1
1
1
1
1
1
1
1
1
1
1
1
1
1
1
1
1
1
1
1
1
1
1
1
1
1
1
1
1
1
1
1
1
1
1
1
1
1
1
1
1
1
1
1
1
1
1
1
1
1
1
1
1
1
1
1
1
1
1
1
1
1
1
1
1
1
1
1
1
1
1
1
1
1
1
1
1
1
1
1
1
1
1
1
1
1
1
1
1
1
1
1
1
1
1
1
1
1
1
1
1
1
1
1
1
1
1
1
1
1
1
1
1
1
1
1
1
1
1
1
1
1
1
1
1
1
1
1
1
1
1
1
1
1
1
1
1
1
1
1
1
1
1
1
1
1
1
1
1
1
)
;

boundaryField
{
    walls
    {
        type            zeroGradient;
    }
    inlet
    {
        type            zeroGradient;
    }
    outlet
    {
        type            zeroGradient;
    }
}


// ************************************************************************* //
