/*--------------------------------*- C++ -*----------------------------------*\
  =========                 |
  \\      /  F ield         | OpenFOAM: The Open Source CFD Toolbox
   \\    /   O peration     | Website:  https://openfoam.org
    \\  /    A nd           | Version:  7
     \\/     M anipulation  |
\*---------------------------------------------------------------------------*/
FoamFile
{
    version     2.0;
    format      ascii;
    class       volScalarField;
    location    "2";
    object      alpha;
}
// * * * * * * * * * * * * * * * * * * * * * * * * * * * * * * * * * * * * * //

dimensions      [0 0 0 0 0 0 0];

internalField   nonuniform List<scalar> 
6144
(
0.2610339777
0.2676700634
0.2670039115
0.2651145989
0.2771106866
0.2756991358
0.2508586776
0.25
0.25
0.2584755011
0.2714510313
0.2574927653
0.2593719256
0.2501049183
0.25
0.25
0.25
0.2665134387
0.2643570488
0.251384544
0.2621947882
0.2819928064
0.2855394302
0.2606086924
0.25
0.25
0.25
0.25
0.25
0.25
0.2510272698
0.256852626
0.2742442256
0.2878793389
0.2887531575
0.264888357
0.25
0.25
0.25
0.25
0.25
0.25
0.25
0.259127315
0.2840812527
0.2894226357
0.2815844152
0.264379117
0.25
0.25
0.25
0.25
0.25
0.25
0.25
0.2675280568
0.2847832924
0.2889257782
0.2753383048
0.2645720169
0.25
0.25
0.25
0.25
0.25
0.25
0.25
0.25
0.2518060059
0.2655565058
0.2588659169
0.2523404234
0.2630308975
0.25
0.25
0.25
0.25
0.25
0.25
0.25
0.25
0.25
0.25
0.25
0.284029826
0.2628714585
0.25
0.25
0.25
0.25
0.25
0.25
0.25
0.25
0.25
0.25
0.2804236614
0.2583483852
0.25
0.25
0.2513227213
0.2597123084
0.25
0.25
0.25
0.25
0.25
0.2502329658
0.2701939955
0.25
0.25
0.25
0.254664683
0.2628282981
0.25
0.25
0.25
0.25
0.2613251568
0.277018775
0.2589813709
0.25
0.25
0.25
0.25
0.25
0.2576762758
0.2589868355
0.2604549855
0.2700606415
0.2813314146
0.2863593058
0.25
0.25
0.25
0.25
0.25
0.25
0.2583570713
0.2721196578
0.2789393832
0.2797846626
0.2842147702
0.2832768084
0.2807910018
0.2757879064
0.2680710599
0.2671612473
0.2802793883
0.2846863093
0.273143125
0.2569721304
0.2560949685
0.2694798078
0.2810819111
0.2762968114
0.2790868772
0.2655465542
0.2525305151
0.25
0.261441758
0.2796687888
0.2818583722
0.2727649731
0.2751449249
0.2893517011
0.2958855222
0.2835612732
0.2721699273
0.2529179408
0.25
0.25
0.25
0.2567813191
0.2734867633
0.2772767922
0.2863457027
0.2969881345
0.3037440214
0.2920358661
0.2690194214
0.25
0.25
0.25
0.25
0.25
0.2596559344
0.2762345973
0.2901111172
0.2968451352
0.2999248081
0.2966076516
0.2665862783
0.25
0.25
0.25
0.25
0.25
0.266860944
0.2835346696
0.2870562645
0.2901261672
0.2878015858
0.2918643865
0.2636874017
0.25
0.25
0.25
0.25
0.2520375977
0.2640750531
0.270988557
0.2659172029
0.2709081138
0.2681692603
0.2747282517
0.2739329626
0.2575602009
0.254516309
0.25
0.25
0.254543099
0.2604002542
0.2527198657
0.25
0.25
0.25
0.2564889801
0.2904877043
0.2737038731
0.2677675007
0.2645405343
0.2662490631
0.2691127928
0.2594194704
0.25
0.25
0.25
0.2514282444
0.2648392851
0.2884974969
0.2704196
0.2665103482
0.2722092102
0.2782578594
0.282893799
0.265990934
0.25
0.25
0.2559595241
0.2686304584
0.2848333202
0.2824583167
0.2670001456
0.2635417652
0.2721636728
0.2789642648
0.2866934728
0.2775434641
0.2677410512
0.2626899093
0.2765911384
0.2918746342
0.3055159546
0.2749379374
0.2637274964
0.2632552405
0.2700483364
0.2722486501
0.278727893
0.2849598606
0.2863521896
0.2856982537
0.2902686313
0.2986814876
0.3053820977
0.273740352
0.2612703648
0.2631465904
0.2723704176
0.2749401743
0.2762046907
0.2807079733
0.2885648163
0.2934088437
0.2925554956
0.2966526926
0.2991739798
0.3112274355
0.2993591574
0.285949744
0.2814250968
0.2907268795
0.2961963395
0.2944707647
0.2878915275
0.2832262981
0.2897516103
0.3012097471
0.3022233893
0.3122806083
0.3010498438
0.2854003781
0.2774238144
0.2875122788
0.3027529252
0.3059480496
0.2993248194
0.2954381045
0.3052700016
0.3143487689
0.3110750092
0.3083524316
0.2985326126
0.2898888505
0.2832007614
0.2857439803
0.2950749852
0.3036547307
0.3039541864
0.3028267012
0.3115576087
0.3219064958
0.3184968188
0.3002770957
0.2919226605
0.2927660174
0.2938149197
0.2911523264
0.2884539177
0.2918000843
0.2970764033
0.2989652439
0.3071846375
0.3154428296
0.320047377
0.2900995152
0.2825882118
0.291866132
0.3007325297
0.3013357798
0.294802144
0.2951431462
0.2987602313
0.2932217856
0.2958127178
0.3017107456
0.3121892372
0.2846903515
0.2809822171
0.2954626962
0.3064663272
0.3049889679
0.2920912449
0.2920172235
0.2938668696
0.2865052519
0.2856660038
0.2847394656
0.2933064165
0.2954766259
0.2925797034
0.3047366884
0.3117180095
0.3050267004
0.2918393766
0.2880656315
0.2865983069
0.2772253034
0.2756984757
0.2732976392
0.2830009084
0.312187281
0.3078937628
0.3160226016
0.3214239559
0.3141888463
0.3033020315
0.2943084445
0.2880143308
0.2768693038
0.2779957097
0.2822092046
0.2950700763
0.3097997624
0.3020880659
0.3080957002
0.3177562312
0.3179800371
0.3129674476
0.3035783771
0.2969920978
0.2908137853
0.2955012708
0.3023851605
0.316224074
0.3007077926
0.2938397227
0.2982092848
0.306989491
0.3089069632
0.3136347732
0.3086501427
0.3039787207
0.3002817569
0.3099233223
0.3217777592
0.3328385761
0.293994543
0.2917761402
0.296640948
0.2988679547
0.2988662442
0.3070998661
0.3121898824
0.3101728697
0.307514438
0.3124520737
0.3220655298
0.3284761718
0.2980432932
0.2981914531
0.3022439346
0.3029666115
0.302021759
0.3062603829
0.3112293061
0.3136298607
0.3163797168
0.3153259116
0.3198621575
0.3227360221
0.3313929082
0.3282555636
0.3249938773
0.3261473417
0.3284713529
0.3253975448
0.3176774552
0.3086352301
0.3039477827
0.3126340396
0.3217023375
0.3218358154
0.3349439694
0.3339617511
0.3294974119
0.3245238017
0.328200289
0.3331547734
0.3270437088
0.3204825865
0.3174774144
0.3256218587
0.3328622702
0.333331776
0.3374968426
0.3397604927
0.3396926513
0.3342911428
0.3292521508
0.3299487428
0.3280576407
0.3278388396
0.3274004288
0.3331213657
0.3414104444
0.3404759415
0.3310609747
0.3395615605
0.3478447528
0.3464833289
0.3363712998
0.3259327826
0.3203917548
0.3212828999
0.3204643597
0.3272826029
0.3381059424
0.3446332815
0.3199088401
0.3338305381
0.3485847405
0.3512696016
0.3417352244
0.3262556746
0.3182823432
0.3156170368
0.3090339244
0.3153465655
0.330014424
0.339317362
0.3136236786
0.3299970929
0.349655334
0.3524192823
0.3430186368
0.3244964918
0.3142570728
0.3110767517
0.3033910339
0.3105673109
0.3195353851
0.3216888359
0.3218624634
0.3346038104
0.35280672
0.3555722367
0.3453657599
0.3273461687
0.3124108608
0.3060294047
0.3003935513
0.3076130484
0.311200309
0.3122125578
0.3361744133
0.3446012939
0.3619101014
0.3687941327
0.358632961
0.3414846072
0.3249432296
0.3149333974
0.305646663
0.3069548083
0.3126124802
0.3173571015
0.3362409757
0.3438997582
0.3580391049
0.3652272618
0.3594627303
0.3451985115
0.3302133965
0.3206194579
0.3141803488
0.3130588365
0.3198753627
0.3299474759
0.3286340194
0.335802233
0.3416799107
0.3447324049
0.3434714274
0.3426094283
0.3317093135
0.3222301988
0.3173412297
0.3207948889
0.3303787369
0.3422222647
0.3217090951
0.3283020271
0.3292664395
0.3273101088
0.3294677738
0.3382289937
0.334464797
0.3270368103
0.3192674833
0.3212453062
0.3303840731
0.3421437853
0.3231547644
0.3306464518
0.3328901833
0.3307279363
0.331933108
0.3382348313
0.3358814784
0.3325822673
0.3289853934
0.3255148929
0.3302110018
0.3394593841
0.3460514563
0.3504957605
0.3583199851
0.3644111691
0.3640046091
0.3519815624
0.3357761688
0.3260296791
0.3243717611
0.3312709503
0.3368877963
0.3376692592
0.343585276
0.3488992137
0.3567852534
0.3581250487
0.361160342
0.3567055704
0.3428763707
0.3330820895
0.3328188747
0.3386821056
0.3470304088
0.3526123276
0.3436624845
0.3495882718
0.3587371243
0.3567558726
0.3520072191
0.3463177135
0.3413397812
0.3376474688
0.3433016332
0.3505108335
0.3592137932
0.3619332472
0.343537033
0.3551650222
0.3653127509
0.3611131559
0.3510367557
0.3374560155
0.3334678145
0.3349329099
0.3419236528
0.3482024862
0.3590342545
0.3653434354
0.3409728373
0.364501617
0.3759643377
0.3695531176
0.3561034886
0.3363136492
0.3291529031
0.3315619423
0.3329347434
0.3411476038
0.3557294385
0.3631546188
0.3375605847
0.3683550255
0.3820102577
0.3730001958
0.3555593653
0.3339368256
0.3269477953
0.3280058396
0.3274672788
0.3431891533
0.3571732673
0.3550375958
0.3448776206
0.3680379101
0.3789150594
0.3750742022
0.3638829821
0.3424805688
0.3286770072
0.323628204
0.326424888
0.3446606005
0.3547407267
0.3495824919
0.3540143371
0.3651809005
0.379546657
0.3881729055
0.383183066
0.362881593
0.3441671081
0.3332732124
0.3314754737
0.3388599621
0.3454054438
0.3451355725
0.3482221183
0.3596828314
0.3784834722
0.3865481594
0.3844889833
0.3691372978
0.3531070417
0.3384397158
0.3308086934
0.3309604277
0.3362283836
0.3431125539
0.3409349766
0.3553162844
0.3673621765
0.3694686426
0.3711931534
0.3665209902
0.354653091
0.3386197309
0.3298853294
0.3307869743
0.3350035657
0.3478297908
0.3344625074
0.3469102472
0.3529595257
0.3544737625
0.3584409364
0.361434897
0.3521781773
0.3393676026
0.3305366401
0.3286532151
0.3320904632
0.3458595816
0.3324737291
0.3447376184
0.3516039511
0.3553549753
0.3565728936
0.3568815657
0.3473174013
0.3387334529
0.3369992651
0.3339492083
0.3331826895
0.3428264159
0.3546387077
0.3601449077
0.3702161071
0.3777543265
0.3751933511
0.3655754818
0.3562645845
0.3490364443
0.3478001864
0.3516460368
0.3576573793
0.3593591656
0.3471305299
0.3542003286
0.3623477563
0.3689716613
0.3741475748
0.3702878735
0.3598003791
0.3486887632
0.3452872607
0.3514016854
0.3639672935
0.3722031338
0.3424436421
0.3474786372
0.3559376067
0.3611799078
0.3653530479
0.3588302459
0.3523935535
0.3458832899
0.349853589
0.3612938271
0.3730173644
0.3799789699
0.346777091
0.3528800208
0.3603191104
0.3640022412
0.3629102515
0.3471572885
0.3425030256
0.34470314
0.3545100201
0.3642401493
0.3737690555
0.3802029786
0.3531272099
0.3711067257
0.3760916786
0.3739909608
0.3651311965
0.3427762508
0.3375400497
0.3426486573
0.3490751175
0.3609793885
0.3728838089
0.3783690625
0.3545422403
0.3834108985
0.3890340956
0.3779915469
0.3627741762
0.3421736069
0.3389239207
0.3435060698
0.3467707046
0.3627028903
0.3783792116
0.3773644486
0.3598338209
0.3833761705
0.3881921648
0.3797128994
0.370941919
0.3551206348
0.3490903321
0.3458414497
0.348751366
0.3648781934
0.3774414206
0.3724360737
0.3653670661
0.373804205
0.382178737
0.3890876933
0.3875817071
0.3721985881
0.3605620498
0.3524885271
0.3526419024
0.359276743
0.3663803948
0.3656316085
0.3535159978
0.36213881
0.3805467776
0.3904276391
0.3884774668
0.3790844798
0.3662948175
0.3539450343
0.3515576717
0.351016394
0.3504024557
0.3551588162
0.341787987
0.3579184523
0.3768127555
0.3810836698
0.3794850748
0.3771116687
0.370169483
0.3575516109
0.3543020669
0.3520644437
0.3454193619
0.3523783627
0.3343203385
0.3536447933
0.3708651985
0.3748083537
0.3723677914
0.3740437896
0.3701627733
0.3581663973
0.3560975439
0.3515432268
0.3426108502
0.3503743668
0.329174501
0.3483076662
0.3662669901
0.37593036
0.3752358067
0.3740837266
0.3655898402
0.3552394085
0.3563869452
0.3547566997
0.3458668341
0.3502276046
0.3743468315
0.3817351321
0.3909886987
0.3931491942
0.3896668783
0.3863183955
0.3830992378
0.3780521005
0.3755925662
0.3795768961
0.3856907874
0.3891567991
0.3642033329
0.3734897633
0.3818717727
0.3882695801
0.3889499888
0.387115965
0.3791615294
0.3729933128
0.371988432
0.3793678247
0.3912237193
0.3988823976
0.3571080234
0.3636870086
0.370852302
0.3812741957
0.3866348026
0.3830666531
0.3754034013
0.3721247422
0.375542098
0.3879999192
0.397303385
0.3993756053
0.3606867468
0.3638140754
0.3741091238
0.3850983425
0.3888607103
0.3793144561
0.3770187507
0.3791931371
0.3860089047
0.395194928
0.3971245529
0.3972392416
0.3730420823
0.3779768778
0.3836773923
0.3909623433
0.3910180952
0.3776591954
0.3777361176
0.3810233077
0.3846646325
0.3927713719
0.3969355651
0.3947237164
0.3794572664
0.3903877123
0.3926880532
0.3937531321
0.3916899309
0.3796994095
0.3774949034
0.3797609178
0.3814831034
0.3891826585
0.3968405956
0.392827661
0.3796117459
0.3878614593
0.3898722319
0.3883962516
0.393497447
0.3877421503
0.3822898518
0.3785384926
0.3774343071
0.3845284327
0.3922979463
0.3885646515
0.3777473163
0.3751707913
0.3790327919
0.3868893795
0.3955907065
0.3879625165
0.3785658305
0.3730206662
0.3737761346
0.3814254721
0.3844889527
0.3807596972
0.3678682014
0.3693459421
0.3786656834
0.3875699598
0.3891413394
0.385361263
0.3779425261
0.3719085403
0.3759458552
0.3807965007
0.3755948564
0.3713829689
0.3588193538
0.3706895817
0.3815037846
0.3837116884
0.3789700822
0.37938932
0.379621838
0.3775516607
0.3850322893
0.3843458185
0.3742395403
0.3708697575
0.3513218763
0.3694495597
0.3846666591
0.386713653
0.3831166041
0.3878998748
0.3904375672
0.386070217
0.390773137
0.3835036452
0.3697973552
0.3691742141
0.3457025111
0.3672038351
0.3869917252
0.3985445524
0.3998741123
0.4001872529
0.3939610152
0.389284171
0.3953283949
0.3885215235
0.3739019374
0.3712374577
0.4298822736
0.4398308798
0.4461216804
0.440171354
0.4366900056
0.4371972003
0.4383867848
0.4395424496
0.4354156618
0.4371437009
0.4440770896
0.4447908305
0.4184207667
0.4293135644
0.4388621362
0.4418546313
0.4385990941
0.4359596836
0.4316358714
0.4321745522
0.4327550731
0.4433103766
0.4530882999
0.4524736494
0.4091937657
0.4182490725
0.4292929184
0.4396255492
0.4416043112
0.4370229237
0.4286682142
0.4262925919
0.4339404093
0.4511485555
0.4553238974
0.4499148196
0.4104474274
0.4122595832
0.4251488056
0.4354895359
0.4397849529
0.4379365393
0.4343400221
0.4330925629
0.4427922049
0.4565083183
0.453256424
0.4479166918
0.4188451413
0.4174905011
0.4259776077
0.4352078341
0.4385292189
0.4388267136
0.4408694934
0.4405924766
0.4460403178
0.4558240016
0.4515904243
0.4419195873
0.4191319179
0.4174813121
0.4221198912
0.4308181197
0.4378803908
0.4415790792
0.4429673077
0.4427147005
0.4420387355
0.448864049
0.4464688532
0.4352522168
0.414356966
0.4096493612
0.4134663091
0.4183177197
0.4334223225
0.4407151186
0.4387470144
0.4360137679
0.4315592268
0.4372325906
0.4413730024
0.4321516955
0.4077977579
0.3998363543
0.4058120626
0.4151550684
0.432192104
0.4338302065
0.4295608404
0.4291215674
0.4267063706
0.4330222639
0.4375625265
0.4295176208
0.404007669
0.4039584224
0.409531915
0.4162279501
0.4249015158
0.4263476715
0.4250850461
0.4274875545
0.4310873782
0.4355555189
0.4328580664
0.424322843
0.4041101264
0.411206509
0.4150056542
0.4155884622
0.4160951275
0.4212862313
0.4269170502
0.4321491099
0.4402765243
0.438753767
0.430092869
0.4219858696
0.4030645415
0.4144515368
0.4242306769
0.4250458439
0.4238289397
0.432597465
0.4390545584
0.4417684467
0.4471231903
0.4426722181
0.4307033474
0.4226546927
0.4026766501
0.4173589284
0.4330667587
0.4410311223
0.440692134
0.4422282915
0.4399791964
0.4443466364
0.4547511209
0.4503510179
0.4394407433
0.4313283878
0.5341953508
0.5393071582
0.5395389082
0.5290319933
0.5247365595
0.530340508
0.5358967081
0.5432521035
0.5439073223
0.5423265136
0.5421569306
0.5380719913
0.5236107493
0.5303313105
0.5346072029
0.5327563616
0.5298902054
0.5337545705
0.5360517282
0.5415715286
0.5436141035
0.5461092669
0.5477074637
0.5431988883
0.5145613994
0.5198588495
0.5274704974
0.5334069457
0.536070436
0.5395997827
0.5396462993
0.5379785123
0.5438053539
0.5505894558
0.5468719736
0.5400108464
0.5121867691
0.5103406633
0.5165069319
0.5247937747
0.5343708847
0.5419598793
0.5452654106
0.5429815958
0.5486118524
0.5529412599
0.5450172867
0.5388105571
0.5124641612
0.508327536
0.5099007803
0.5179208821
0.5304616614
0.5422829229
0.5482866659
0.5477293284
0.5489091006
0.5530156904
0.5459372187
0.5377643133
0.5065094447
0.5002506614
0.5004611026
0.5107022832
0.5273270478
0.5406275964
0.5499551309
0.5518008846
0.5500235984
0.5530757562
0.5465141514
0.5359845787
0.5010611889
0.4909857886
0.4896107164
0.4982885058
0.5211336334
0.5367914389
0.5455011722
0.5473749709
0.5425836174
0.5434991362
0.5416591074
0.5337617543
0.4953737925
0.4838186416
0.485370121
0.4999520718
0.5222855334
0.5334837798
0.5391714476
0.5413361527
0.5378197273
0.5371318011
0.5367770583
0.5295284284
0.4916008159
0.4863037808
0.48992973
0.5045756406
0.519836784
0.5299159545
0.5352949031
0.5379179859
0.5388871555
0.5367519503
0.5323528007
0.5227856375
0.4937199418
0.4948352975
0.4988825392
0.5083260938
0.5163325625
0.525792487
0.5344416876
0.5389209591
0.54295595
0.5390162953
0.5307091661
0.5192744672
0.4983124454
0.5020023188
0.5078364784
0.5144313956
0.516949502
0.5258498734
0.5346058381
0.5389142801
0.5431255764
0.5420660269
0.5335105467
0.5214082253
0.5029956319
0.505326783
0.5138682026
0.5233245689
0.5245851757
0.5281533072
0.5312164616
0.5385421817
0.548604163
0.5493657145
0.5430760091
0.5327458307
0.6715290949
0.6736571629
0.6724469459
0.6650232939
0.6585802255
0.6623713199
0.6691881193
0.6799553016
0.6831803864
0.6830999995
0.6806797993
0.6717258935
0.6621258779
0.661771085
0.662712931
0.6630390425
0.6622565332
0.6694398912
0.6775826858
0.684876703
0.6868176945
0.6871933799
0.6837314331
0.673496247
0.6574106331
0.6543275257
0.6547271679
0.6593705502
0.666679323
0.6794148769
0.6871921269
0.6876935698
0.6903922721
0.689562283
0.6816868422
0.6716218109
0.6551303825
0.6501620283
0.6472271168
0.6520776264
0.6656237649
0.6836434003
0.6937193736
0.6934035986
0.6952320095
0.6909757338
0.6796841271
0.6731495148
0.650072095
0.6457074429
0.641144809
0.6458299412
0.6617367606
0.6820591547
0.694833637
0.6977191023
0.6967239432
0.691466635
0.6817420818
0.677689729
0.6410821894
0.6364701073
0.633783565
0.6410505994
0.6583124045
0.6764303528
0.6918993326
0.6986556336
0.6977187473
0.6939485884
0.6848912967
0.6794135254
0.6356481978
0.6303834536
0.6291365862
0.6379271741
0.6574105103
0.6740411225
0.6894502039
0.6950421482
0.6922020098
0.6886889819
0.6828967619
0.6782016491
0.6311243758
0.6252301353
0.6287021876
0.6423239209
0.660090752
0.6740943966
0.6882581899
0.6938899835
0.6900087405
0.6833211369
0.6789198531
0.6723784322
0.6247884644
0.6222450446
0.6286441466
0.6443879544
0.6598761069
0.6728384096
0.6851880532
0.6909739554
0.688893049
0.6807829285
0.6747121468
0.6651583277
0.6244604552
0.6256248667
0.6326508097
0.6452964271
0.6549910264
0.6667791446
0.6780957498
0.684586871
0.6855051884
0.6794414903
0.6725789779
0.6619669593
0.6287519616
0.6305255989
0.6354996482
0.6429771994
0.6469987406
0.6570137651
0.6679132941
0.6739870019
0.6771898145
0.6772655434
0.6728981253
0.6644191536
0.6325549029
0.6323202497
0.6351339986
0.6427500268
0.6447182933
0.6513355976
0.6578341231
0.6664643263
0.6740036469
0.6768767468
0.6767482828
0.6726633625
0.8129560202
0.8136148838
0.8124702168
0.8084717004
0.8045406937
0.8064783196
0.811329759
0.818296573
0.8211527885
0.821455135
0.8189643938
0.8123169858
0.8070321143
0.8050264322
0.8046531096
0.8051990538
0.8059735673
0.8115061303
0.8181065672
0.823296606
0.8248946949
0.8244664521
0.8207206136
0.8130629815
0.8045249948
0.8004602505
0.798988652
0.8017284859
0.8080288353
0.8183375477
0.8256247536
0.8275451707
0.828431874
0.8261125834
0.819923248
0.8125910629
0.8027136065
0.7983695946
0.794981577
0.7976596583
0.807563068
0.8215175974
0.8303587453
0.8318706399
0.8318851226
0.8272262105
0.8193566571
0.8143888739
0.7983976287
0.7950066805
0.7914127703
0.7941528025
0.8052665716
0.820338797
0.8309613602
0.8344628838
0.8334739549
0.8280763765
0.8210788406
0.8182304093
0.7921084256
0.7894340551
0.7876444376
0.7919426826
0.8032371519
0.8166073378
0.8284487657
0.834233418
0.8338553819
0.8296244643
0.823304091
0.8201483462
0.7880351144
0.7860480724
0.7862203897
0.7921660962
0.803836349
0.8155795609
0.8271654567
0.8322839694
0.8311201017
0.827417072
0.8226683959
0.8197037877
0.7846221629
0.7830189598
0.7863358446
0.7949633943
0.8058044247
0.8161819381
0.827187527
0.8321163906
0.829931246
0.8245026132
0.8202148032
0.8161024766
0.779871816
0.7798229594
0.7851009709
0.7952455233
0.8054862204
0.8151821203
0.8249719035
0.8298656996
0.8282008567
0.8221620551
0.817312537
0.8116385526
0.7782590189
0.7798003124
0.7852667201
0.793822056
0.8011418098
0.8098254461
0.8183679649
0.8234546159
0.8236844466
0.819695856
0.8153649768
0.8094618495
0.7791994866
0.7809490693
0.7843817313
0.7894364077
0.7934962414
0.8008222191
0.8086662139
0.8137550283
0.816115295
0.8163127173
0.8145318629
0.810596839
0.7802553043
0.7810782745
0.7819606329
0.7857175292
0.78860306
0.794083571
0.7994762546
0.8058800594
0.8110731647
0.8138157043
0.815168172
0.8144787279
0.9112586728
0.9113518308
0.9106514428
0.908882222
0.9072672678
0.9081706442
0.9106481263
0.9138613721
0.9154162394
0.9155500224
0.9140227624
0.9107146212
0.9083572508
0.9070069107
0.906530487
0.9067824615
0.9076316994
0.9105779318
0.9140851794
0.9167580587
0.9176798389
0.9172175211
0.9149675551
0.9111152595
0.9070253155
0.904642148
0.9036137173
0.9048891284
0.9083626607
0.9137671948
0.9179343799
0.9195168036
0.9197967416
0.9182570139
0.9149688504
0.9112031274
0.9058797196
0.9034427648
0.9017231888
0.9030904416
0.9081950521
0.9153811074
0.9203912863
0.9218594392
0.9216302683
0.9190159838
0.915105617
0.9123033511
0.9035436257
0.9016514712
0.9000449143
0.9015511564
0.9071973081
0.9149202261
0.920772404
0.9230704673
0.9225931185
0.919664115
0.9160931956
0.9142651649
0.9004078774
0.8991239555
0.8984788179
0.9006920664
0.906329231
0.9133604123
0.9196376216
0.9228467026
0.9227365702
0.9203164679
0.9171345954
0.9153787841
0.8981131686
0.8974797101
0.8980153047
0.9011276272
0.906761422
0.9129819561
0.9190464546
0.9220339983
0.9216901424
0.91953357
0.9169359418
0.915283496
0.896099399
0.8959561289
0.8979583751
0.902232196
0.9076272998
0.9132542444
0.9190138255
0.9218272491
0.9210098024
0.9182512624
0.9157502503
0.9137292725
0.8935636076
0.8941039868
0.8970254766
0.9019670283
0.9071857601
0.9124531666
0.917667482
0.9204074088
0.91973282
0.9168478007
0.9142283436
0.9117068946
0.8921357604
0.8932773208
0.8962114781
0.9004665285
0.9045419463
0.9092343451
0.9138269056
0.9166375627
0.9168592503
0.9150815177
0.9130050786
0.9105608611
0.8916295383
0.8928917766
0.8947764888
0.8974006618
0.9000758222
0.9040517923
0.9081989708
0.9111684437
0.9126102479
0.912828884
0.9122215416
0.9108222383
0.8914597488
0.8924007768
0.8928545235
0.8944267056
0.8965048652
0.8996291757
0.9027563616
0.9063280326
0.9092714743
0.9110109501
0.9120136616
0.9121625421
0.9633830065
0.9633425029
0.9630085504
0.9623388172
0.961808566
0.962192627
0.9632180277
0.9644481089
0.9650967476
0.9651168412
0.9644139866
0.9630870554
0.9621861616
0.9615649568
0.9612929342
0.96137987
0.9618624291
0.9631254398
0.9646127797
0.9657384246
0.9661478915
0.9658798695
0.9648604601
0.9632923411
0.9615525373
0.9605220006
0.9600660471
0.9605770883
0.9620758984
0.9643287577
0.9661774
0.9670235671
0.967128661
0.9664165984
0.9650210023
0.9634437578
0.9609687036
0.9599111235
0.9592704372
0.959889185
0.9620207775
0.9649838536
0.9672060189
0.9680425003
0.9679319543
0.9668269489
0.9652313145
0.9639562454
0.9599529219
0.9591247263
0.9585857244
0.9593082122
0.9616654168
0.9648658887
0.9674144172
0.9685336782
0.9683768366
0.967168657
0.9656838688
0.9647539365
0.9586591757
0.9581418651
0.958002386
0.9590007006
0.9613597216
0.9643570044
0.9670366252
0.9684503874
0.9684408513
0.9674061813
0.9660849661
0.9652465521
0.9576078564
0.9574350791
0.9578104073
0.9591798032
0.9615215002
0.9642246666
0.9668004448
0.9681559392
0.9680937858
0.9671549615
0.9660218647
0.9652508317
0.9566447002
0.9567567809
0.9576953341
0.959490756
0.9617849712
0.9642692293
0.9667053182
0.9679716166
0.967751209
0.9666527335
0.9655432753
0.9647034065
0.95551711
0.9559087855
0.9571983221
0.9592261308
0.9614604851
0.963787625
0.9660212119
0.9672445216
0.9670730509
0.9659867306
0.9648853445
0.9639438132
0.9546856159
0.9552910455
0.9565695074
0.9583427709
0.9601881692
0.9622650176
0.964267033
0.9655281344
0.965713848
0.965092259
0.9642866643
0.963445296
0.9541217588
0.9547851717
0.9556537893
0.9568088641
0.9581409131
0.9599133348
0.9617264206
0.9631081234
0.9638350775
0.9640039803
0.9638379814
0.9634304034
0.9537999238
0.9543551506
0.9546296791
0.9552628107
0.956307631
0.957734712
0.9592041922
0.9608465802
0.9622321284
0.963098632
0.9636048337
0.963786007
0.9863880226
0.9863480772
0.9862136921
0.9859886611
0.9858384178
0.9859863119
0.9863552717
0.986773464
0.9870025915
0.9869948827
0.9867246857
0.9862592951
0.9859504172
0.9857141818
0.9855986881
0.9856269492
0.9858351845
0.9863042382
0.9868506217
0.9872640987
0.9874172177
0.9872995591
0.9869109392
0.9863517162
0.9856852913
0.9853103549
0.9851479376
0.9853334868
0.9858879343
0.9867016289
0.9874009915
0.9877598794
0.9878042844
0.9875336395
0.9870216733
0.9864435415
0.985432917
0.9850449111
0.9848459973
0.9850947917
0.9858700787
0.9869322615
0.9877741043
0.9881424398
0.9881129392
0.9877178738
0.9871458152
0.9866473794
0.9850461454
0.9847405933
0.9845932608
0.9848960778
0.9857592327
0.9869156411
0.9878695666
0.9883240414
0.9882885201
0.9878643023
0.9873247281
0.9869319586
0.9845720684
0.9843920306
0.9843887402
0.9847899065
0.9856633618
0.9867740031
0.9877667605
0.9883051961
0.988317995
0.9879455705
0.9874633296
0.987118214
0.9841546155
0.9841166585
0.9843009216
0.9848332138
0.9857045674
0.9867272771
0.9876817295
0.9882064411
0.9882109731
0.9878694159
0.9874440305
0.9871340623
0.9837579247
0.9838428241
0.9842182858
0.9848899355
0.9857562984
0.9867082157
0.9876090743
0.988099645
0.9880616681
0.9876875621
0.9872737728
0.9869647773
0.9833118007
0.9835011535
0.9839945813
0.9847369162
0.9855823576
0.9864753848
0.9873093944
0.9877835102
0.9877662032
0.987416478
0.9870251739
0.9867120065
0.9829266658
0.983188129
0.9836757931
0.9843342167
0.9850579883
0.9858593519
0.9866199373
0.9871137971
0.9872241907
0.9870439376
0.9867774964
0.98652235
0.9826112897
0.9828942334
0.9832453287
0.9836979987
0.9842506179
0.9849402911
0.9856376532
0.9861916195
0.9865067561
0.9866047178
0.9865742256
0.9864755032
0.9824142525
0.9826594042
0.982802729
0.9830509426
0.9834800794
0.9840436296
0.9846419487
0.9853000269
0.9858650597
0.9862323136
0.9864464624
0.9865439509
0.995234683
0.9952134
0.9951646066
0.9950945144
0.9950560167
0.9951090305
0.9952313635
0.9953642362
0.9954377591
0.9954302901
0.9953366495
0.9951852227
0.9950855714
0.9950043899
0.9949623574
0.9949720559
0.9950501518
0.9952102655
0.9953949662
0.9955349876
0.9955868663
0.9955423951
0.9954082654
0.9952231044
0.9949840355
0.9948603468
0.9948092809
0.9948732286
0.9950611665
0.9953320703
0.9955733621
0.9957073545
0.9957262243
0.99563422
0.9954617294
0.9952655102
0.9948853289
0.9947568438
0.9947022028
0.9947946627
0.9950551697
0.9954068987
0.9956978586
0.995839218
0.9958361084
0.995707938
0.9955177458
0.9953399568
0.9947481465
0.9946470516
0.9946139388
0.9947299555
0.9950230568
0.9954093982
0.9957365774
0.9959029583
0.9958998388
0.9957640935
0.9955828131
0.9954348834
0.9945848714
0.9945285592
0.9945436034
0.9946932097
0.9949943194
0.9953737269
0.9957126898
0.9959015412
0.995912672
0.9957914358
0.995628403
0.9954996341
0.994431991
0.9944271031
0.994504145
0.9946965146
0.9949998836
0.9953563666
0.9956834576
0.9958692907
0.9958802583
0.995768748
0.99562292
0.9955095977
0.9942819516
0.9943226995
0.9944602541
0.9946953077
0.9949998571
0.9953354823
0.9956445928
0.9958194883
0.9958210923
0.9957056724
0.9955665935
0.9954611791
0.9941163257
0.9941934701
0.9943680161
0.9946231363
0.9949206024
0.9952363539
0.9955250279
0.9956951794
0.9957059477
0.9956047351
0.9954797067
0.9953825112
0.9939590905
0.9940596152
0.9942324333
0.9944618324
0.9947227876
0.9950082372
0.9952758061
0.9954551402
0.9955090343
0.9954652935
0.9953867852
0.9953156783
0.9938197386
0.9939268521
0.9940579254
0.9942236778
0.9944303109
0.9946783
0.9949276745
0.9951319085
0.9952565303
0.9953043797
0.9953053751
0.9952866847
0.9937284958
0.9938221028
0.993887075
0.993982104
0.9941408666
0.9943459527
0.994569847
0.9948127976
0.9950240126
0.9951657843
0.9952489325
0.9952914253
0.9980687073
0.9980576254
0.9980377144
0.9980128742
0.9980021426
0.9980238053
0.9980700261
0.9981185235
0.9981451725
0.9981405782
0.9981040365
0.9980475757
0.9980103513
0.9979788372
0.9979621081
0.9979663595
0.9979988202
0.9980610146
0.9981321166
0.9981861366
0.9982060226
0.9981875874
0.998135352
0.9980650694
0.9979663649
0.9979203609
0.9979027082
0.9979283682
0.9980008646
0.9981037816
0.9981981138
0.9982537559
0.9982629531
0.9982279845
0.9981618966
0.9980857291
0.9979228495
0.9978751959
0.9978591483
0.9978982859
0.9979983508
0.9981314577
0.9982454424
0.9983055121
0.9983077286
0.9982608961
0.9981885894
0.9981167784
0.9978667658
0.9978295856
0.9978233276
0.9978736
0.9979876313
0.9981352169
0.9982628109
0.9983314595
0.9983341822
0.9982851446
0.9982156197
0.9981533984
0.9978015345
0.9977822042
0.997794443
0.9978581618
0.9979773179
0.998125243
0.9982573247
0.9983329604
0.9983404292
0.9982961199
0.9982332058
0.9981791562
0.9977374271
0.9977387945
0.9977742618
0.997853997
0.9979754754
0.9981171814
0.9982454294
0.9983203865
0.9983285993
0.998288033
0.9982315246
0.9981847925
0.9976726537
0.9976927068
0.9977501568
0.9978449503
0.997967746
0.9981026455
0.9982243672
0.9982956654
0.9983021403
0.9982624845
0.9982101195
0.9981690982
0.997601628
0.9976361283
0.9977069251
0.997808288
0.9979283467
0.9980557909
0.998170487
0.9982406087
0.9982517731
0.9982197823
0.9981753512
0.9981408756
0.9975301889
0.9975734727
0.9976438421
0.9977361959
0.997843447
0.9979596465
0.9980676194
0.9981423934
0.9981704753
0.9981609352
0.998135924
0.9981138622
0.9974644758
0.9975098388
0.9975656784
0.9976354692
0.9977226718
0.997824671
0.9979270893
0.9980130645
0.9980688818
0.9980940342
0.9980995116
0.9980976821
0.9974199516
0.9974595621
0.9974915756
0.997534068
0.9976007233
0.9976861138
0.9977815048
0.99788379
0.9979735393
0.9980355826
0.9980725354
0.998092803
0.25
0.25
0.2553532369
0.2677205937
0.2770239372
0.25
0.25
0.25
0.2576630677
0.2705640227
0.25
0.25
0.25
0.2559778615
0.2602781774
0.2522943318
0.25
0.260188681
0.2693870871
0.2663404299
0.2559873642
0.2511098504
0.2543501153
0.2531180612
0.25
0.25
0.2554761837
0.2699054585
0.2808723658
0.2738202403
0.25
0.25500353
0.284036761
0.3044631371
0.3026753417
0.25
0.2711099147
0.3028601288
0.3239928287
0.3237879691
0.2702866106
0.2968586989
0.3150706825
0.321819129
0.3147596636
0.2958137286
0.3098289932
0.3143892138
0.3117819357
0.3045454792
0.2922818552
0.2895749718
0.2858992569
0.2858731478
0.2876048597
0.2802069891
0.2778751779
0.2811511992
0.2882245089
0.2941022875
0.2675500716
0.2695051388
0.2784610993
0.2905342651
0.2995200529
0.2653723392
0.2583934483
0.263988998
0.278568508
0.2904506331
0.2752980402
0.2625904183
0.2634762791
0.2732755206
0.277416521
0.2885988129
0.2815495143
0.2865892388
0.2956349989
0.2943023829
0.2895135746
0.2859984136
0.2914442418
0.2925480644
0.279047981
0.2803098824
0.2886751441
0.3063314619
0.3190647377
0.3138045734
0.2721276386
0.2959429763
0.3219252226
0.3365736133
0.3349062055
0.283535078
0.3100922196
0.3359196187
0.3494558591
0.3475268957
0.3027503415
0.3231520657
0.33746588
0.3416760799
0.3340803053
0.318652872
0.3271120361
0.3303914923
0.3292197714
0.3233086912
0.3105620286
0.3083118489
0.3062100395
0.3069655142
0.3079799827
0.2993653029
0.2992480049
0.3043599959
0.3124548362
0.3185500541
0.292649483
0.292521347
0.3002504596
0.3117680343
0.3203541031
0.2940746592
0.283102488
0.2832689165
0.2933109623
0.3028752201
0.3038041693
0.2882858688
0.284538815
0.2907409518
0.2934379864
0.3156810545
0.308087229
0.3122058769
0.3217387046
0.3214499129
0.3145090812
0.3158386666
0.3273971243
0.3389380696
0.3347874584
0.3046827657
0.3186222459
0.344480171
0.3651055599
0.3667847151
0.3016712613
0.3251862945
0.3514075107
0.3683104942
0.3704792329
0.3108107051
0.331612743
0.3535511964
0.3624166839
0.3579526017
0.3298531464
0.3468642492
0.3621846868
0.3663929846
0.3587399367
0.3445011197
0.3552752199
0.3638737439
0.3671105483
0.3647722068
0.3356290058
0.3383008653
0.3412019699
0.3459742787
0.3504020041
0.3272215798
0.3300454365
0.3367496363
0.3459263644
0.3527368248
0.3134153381
0.3103177912
0.314366662
0.3226884321
0.329511163
0.3214630018
0.309815498
0.3052587608
0.3099965975
0.3168022211
0.329937445
0.3167880296
0.3110812027
0.3148483507
0.3169322925
0.3413587748
0.3332489038
0.3355071812
0.3465752059
0.3491534849
0.3404300114
0.3401620515
0.3508334148
0.3675515983
0.3699089869
0.3282799792
0.3421914453
0.3642131353
0.3819777287
0.3820382757
0.3216278952
0.3400354318
0.3619714912
0.3760310438
0.3768579282
0.3249171999
0.3400166858
0.3589276115
0.368382098
0.3626514896
0.3396852353
0.3573092612
0.3757026019
0.3863773267
0.383724979
0.3556455629
0.3722880652
0.3891825109
0.4016198093
0.4071157188
0.3544730711
0.3648603061
0.3746546062
0.3842138942
0.3922444564
0.3509875312
0.3577602955
0.3659577848
0.3749510857
0.3816338917
0.3333476212
0.329461839
0.3317021187
0.3379456248
0.3434104786
0.3484255386
0.3389465723
0.3341927935
0.3366069299
0.3418046704
0.3606122735
0.3519809616
0.3472736009
0.350404523
0.3525384053
0.3698456567
0.3666811364
0.3673747278
0.375398899
0.3765014865
0.3654634236
0.3633027229
0.3670802129
0.3775023695
0.3752881927
0.3532448359
0.3565073809
0.3666588531
0.3789285356
0.3761095842
0.3443138591
0.3482088932
0.3615783013
0.3762950777
0.379384117
0.3408845277
0.3484470682
0.3637602364
0.3726605308
0.366207045
0.3482693583
0.3652825033
0.3840335077
0.3970247109
0.3973593129
0.361684711
0.3794243864
0.3969563901
0.4120597292
0.4209580004
0.3615551367
0.3743056057
0.387837518
0.4024130342
0.4138006094
0.3593450623
0.370235739
0.3834838817
0.396551161
0.405311204
0.3568793593
0.3531887162
0.3537009943
0.357417529
0.3612039513
0.3738738107
0.3673622635
0.3630248684
0.3641116931
0.3681465346
0.3879412516
0.3865437796
0.3840429464
0.3850387825
0.3850420783
0.3932109834
0.3972620348
0.3978753423
0.3969341659
0.389027871
0.3863717375
0.3864107197
0.3849148675
0.3841909822
0.3729043476
0.3757038395
0.3728652072
0.3736502365
0.3763811832
0.3680261812
0.3634174934
0.3597639461
0.363779881
0.3717084881
0.3730084322
0.3573111028
0.3585801875
0.3659404694
0.369533557
0.3602242159
0.3571741338
0.3699891662
0.3847855415
0.3923005436
0.3867605126
0.3619231979
0.3757944461
0.3928843952
0.4086348937
0.4152843918
0.3611174464
0.3730150163
0.3906792424
0.4102306807
0.4234033313
0.3629422918
0.3769876456
0.3956304674
0.4135186648
0.424713874
0.3905666249
0.3878994618
0.3868856475
0.3879739034
0.3898898508
0.4033938029
0.402248637
0.3993695207
0.3972039792
0.3971266602
0.4075751203
0.4112430355
0.4113805718
0.4081065914
0.4022149138
0.4090983935
0.4146375244
0.4165071337
0.411288083
0.398490759
0.4032803797
0.4050445722
0.4046750001
0.3990465666
0.3833801842
0.3949850506
0.3953693351
0.3966464656
0.3930505936
0.3801051699
0.3816412208
0.3782818995
0.3856023153
0.3920907127
0.3914936378
0.3709732366
0.3720204075
0.3830967087
0.3905579265
0.3862037145
0.370215762
0.3816598513
0.3948689162
0.3996744062
0.3917669768
0.3741942604
0.3855932358
0.4002370919
0.413769362
0.4191419223
0.3722647599
0.3796683757
0.3928860125
0.4097466416
0.4221880068
0.3761225928
0.3874063764
0.4040224258
0.4209739145
0.4317841015
0.4433963099
0.4403607569
0.438631055
0.4385841094
0.4395353391
0.4506185398
0.4485121468
0.4464048313
0.4439328736
0.4418164318
0.4505201805
0.447719145
0.4447813852
0.4417365346
0.4361317794
0.452518016
0.4524567651
0.4494505914
0.4444754505
0.434924865
0.4453001704
0.4467613445
0.4463253702
0.4400998776
0.4268987791
0.4351060647
0.437942882
0.4407366158
0.4375346436
0.4268490037
0.4262363168
0.4264139627
0.4392907989
0.4500415036
0.4523498342
0.4212930264
0.4242078606
0.4372636508
0.4432721065
0.4391374043
0.4227422261
0.4308691772
0.4398483296
0.4392406184
0.4279906309
0.4222776052
0.4271135898
0.4345096458
0.4424349993
0.4441204841
0.4206391844
0.4228692404
0.4299767884
0.4410424859
0.4494365464
0.4290593818
0.43591263
0.4471757943
0.4592351546
0.4669958608
0.5322330167
0.527713942
0.5262877691
0.5271979699
0.5285633677
0.5379961751
0.5326673362
0.5299716476
0.5299844503
0.5304403348
0.5363520079
0.529507611
0.5242835822
0.5237682663
0.5225671269
0.538256171
0.5342996896
0.5285826511
0.52629111
0.5242565177
0.5368802081
0.5360201426
0.5328656371
0.5277233408
0.5216286503
0.5337565407
0.5356462555
0.535626208
0.5306337259
0.5223237572
0.5314921862
0.5351812658
0.5444952783
0.5500308704
0.5512324669
0.52697655
0.5306842466
0.5409488036
0.5460988542
0.544289586
0.5208661903
0.5252207403
0.5343076515
0.5395495947
0.5365980304
0.5145450508
0.515533145
0.5231598718
0.5337566051
0.5384109961
0.5165193384
0.5190561046
0.5259688803
0.5345470214
0.539582342
0.5294306676
0.5354670444
0.5437036614
0.5515333543
0.5559805077
0.6646345734
0.6607979154
0.6594267394
0.6594100617
0.6596140512
0.6665027005
0.6614833299
0.6598021979
0.6598368823
0.6595704091
0.6658888073
0.6582741605
0.6537033808
0.6532071743
0.6524690394
0.6703563143
0.66358106
0.6571700363
0.6548173449
0.6543939384
0.67547147
0.6721429113
0.6679510941
0.6642489705
0.6625193278
0.6755698886
0.6738028127
0.6724979095
0.6689142685
0.6636795462
0.6761947932
0.6772959193
0.6819354629
0.6824973875
0.6806613748
0.6717220044
0.6750066625
0.6828170939
0.6861525462
0.6845626401
0.6640332804
0.6681682182
0.6767371351
0.6837086247
0.6860705628
0.6580586974
0.6593369505
0.6665698262
0.6767611068
0.6829685182
0.6603138015
0.6629164085
0.6682003984
0.6737965831
0.6767588211
0.6713671881
0.6760717269
0.6808766515
0.6846237421
0.6865645141
0.8075386733
0.8051268197
0.8039719386
0.8035855379
0.8034566132
0.8078993072
0.8046437457
0.8032495775
0.8028561488
0.8025082107
0.8078793592
0.8029878113
0.7999272595
0.7989728974
0.798376642
0.8113541517
0.8065446041
0.8023390152
0.8004061086
0.7999585578
0.8160694626
0.8132191569
0.8103427564
0.8082951178
0.8076842943
0.817395584
0.8154047921
0.8140467095
0.8120126213
0.8095953029
0.8181678595
0.8181397502
0.8196447065
0.8191271193
0.8175403741
0.8156302608
0.8175284748
0.8215805371
0.8234256826
0.8228312089
0.8110281005
0.8135779177
0.8187476934
0.8234113694
0.8257621055
0.8076077007
0.8088547303
0.8132679615
0.8190864289
0.8229478103
0.8087974591
0.8103624889
0.813214924
0.8160716677
0.8176490777
0.8143723865
0.8167962716
0.8191125828
0.8207748206
0.8215863736
0.9083518151
0.9071392216
0.9064365824
0.9061083632
0.90597227
0.9084013896
0.9067180976
0.9058097995
0.9054079355
0.9051787165
0.9085502111
0.9061498556
0.904527159
0.9037784486
0.9033991545
0.9103316538
0.9079139096
0.9058552966
0.9047428848
0.9043842235
0.9128505352
0.9112628811
0.9098129508
0.9088518244
0.908553802
0.9139337092
0.9127954263
0.9119613208
0.9110128244
0.9100960857
0.914401756
0.9142038524
0.9145280405
0.9141639902
0.9134422598
0.9133814864
0.9141725114
0.9157953232
0.9166548862
0.9165790153
0.9114099946
0.9125557801
0.9148669412
0.9170664669
0.9182887916
0.9099156158
0.9106368054
0.9126358725
0.9151148415
0.9167971386
0.9102911705
0.9110079802
0.9122340306
0.913439707
0.9141378865
0.9123305102
0.9133103613
0.9142608849
0.914945991
0.9152823228
0.9621222526
0.9616060618
0.961269496
0.9610871879
0.9610063735
0.9621346852
0.9614006827
0.9609441833
0.9607037075
0.9605835069
0.962259578
0.9612620244
0.9605457691
0.9601503248
0.9599588961
0.9629950503
0.9619888335
0.9611447997
0.9606399712
0.9604450143
0.9640395959
0.9633331798
0.9627228595
0.9623233132
0.9621803533
0.9646054148
0.9641033359
0.9637165917
0.9633394707
0.9630318718
0.9648360483
0.9647025587
0.9647326851
0.9645799352
0.9643338043
0.9645103006
0.9647712933
0.9653206399
0.965661518
0.9656987872
0.9638173287
0.9642372632
0.965087034
0.9659241244
0.9664096518
0.9632637367
0.9635742036
0.9643197962
0.9652016711
0.965799936
0.9633237322
0.9636018404
0.9640544468
0.9644958194
0.9647586408
0.9639169022
0.9642599752
0.9646041322
0.9648605286
0.9649904406
0.9859128927
0.9857186211
0.9855817475
0.9855008201
0.9854633138
0.9859216859
0.9856404673
0.9854494781
0.9853388213
0.9852851364
0.9859895084
0.9856205354
0.9853444811
0.9851769245
0.9850957944
0.9862561753
0.985885251
0.9855775381
0.9853816254
0.9852977873
0.986629871
0.9863566687
0.9861286529
0.9859782943
0.9859181313
0.986864904
0.986672554
0.9865215265
0.9863883277
0.9862930591
0.9869641539
0.9868994809
0.9868864564
0.9868346283
0.9867637249
0.9868774435
0.9869490722
0.987114415
0.9872327762
0.9872631591
0.9866636979
0.9867973428
0.9870705685
0.9873465531
0.987510915
0.986479225
0.986590655
0.9868342623
0.987112306
0.9872993373
0.9864675934
0.9865638685
0.9867138758
0.9868590845
0.9869466853
0.9866082404
0.986717837
0.9868311832
0.9869185093
0.9869641469
0.9950697981
0.9950019221
0.9949513767
0.9949196705
0.9949044787
0.9950756328
0.9949761572
0.9949044626
0.994860245
0.9948387042
0.9951060188
0.9949786683
0.994880646
0.9948177104
0.9947868636
0.995196348
0.9950686146
0.9949635849
0.9948940645
0.9948623897
0.9953199362
0.9952222086
0.9951425622
0.9950894579
0.9950665578
0.9954063059
0.9953376953
0.9952839804
0.9952400647
0.9952117313
0.9954454643
0.9954182912
0.9954081645
0.9953922229
0.9953737006
0.9954261109
0.9954426381
0.9954886498
0.9955261358
0.9955398907
0.9953652046
0.9954039494
0.9954847086
0.9955679819
0.9956185791
0.9953070131
0.9953429524
0.9954163684
0.9954978752
0.9955521076
0.9952922519
0.9953234054
0.995369975
0.9954146561
0.9954417334
0.9953178168
0.9953511842
0.9953864348
0.9954143163
0.9954292367
0.9980035282
0.9979763833
0.9979552839
0.9979414644
0.9979346739
0.9980073071
0.9979671918
0.9979369803
0.9979174773
0.9979078439
0.9980220029
0.9979715309
0.997931865
0.9979054393
0.9978923059
0.998057349
0.9980067157
0.9979653797
0.9979373275
0.9979240124
0.9981042538
0.9980642262
0.998032177
0.998010603
0.9980008199
0.9981397533
0.9981115396
0.9980897886
0.9980731069
0.9980632265
0.9981572209
0.9981445548
0.998138837
0.9981332055
0.998127786
0.9981533902
0.9981568391
0.9981711744
0.9981844507
0.9981905021
0.9981337258
0.9981462192
0.9981731257
0.998201421
0.9982189189
0.9981123447
0.9981253166
0.9981504009
0.9981776108
0.9981955094
0.9981025319
0.9981141126
0.998130699
0.9981464365
0.9981559737
0.9981046799
0.9981165222
0.9981291764
0.9981393758
0.9981449292
0.2810484716
0.2839344977
0.2922107436
0.3034376879
0.3120421206
0.2769339472
0.2771739205
0.2824208139
0.2906055262
0.2968201447
0.2686238294
0.2615195868
0.2574956829
0.2537878785
0.25
0.2705206995
0.2609900047
0.2565610144
0.2511665813
0.25
0.2713464644
0.2758208905
0.2894230598
0.3031596374
0.3002920303
0.2641928152
0.2787989057
0.3040642092
0.3262304628
0.3260303458
0.259762625
0.2843276644
0.312355095
0.3278253431
0.3230268187
0.2518444887
0.264406525
0.2787583477
0.2799192471
0.2677789115
0.25
0.25
0.2587071631
0.2680015589
0.2665601883
0.25
0.25
0.257468922
0.2702564075
0.2744991586
0.25
0.2502503855
0.2707301791
0.2916282195
0.3050003018
0.2617870946
0.2846805471
0.309905051
0.3325713621
0.3463140167
0.2984875604
0.3036629227
0.313977069
0.326532034
0.3354640759
0.2919873534
0.2941971588
0.301103568
0.3114676276
0.3189611682
0.2850142978
0.283141701
0.2830576519
0.2830650986
0.2790378072
0.2876024513
0.2867545023
0.2919051307
0.2957390686
0.2908202001
0.2868997822
0.2952900292
0.3162628369
0.3359940021
0.3392413061
0.2800907623
0.2923189625
0.31923254
0.3453622573
0.350729805
0.280814199
0.2978361825
0.3239624857
0.3480480843
0.3526302527
0.2799856121
0.2877401626
0.3042475334
0.3190537048
0.3199542611
0.273913266
0.279152354
0.2927191241
0.3059597051
0.3109963193
0.2672610134
0.2760513687
0.2878207151
0.2990862784
0.3044929732
0.2677422215
0.2789732733
0.2934329909
0.3087278042
0.3196474753
0.2835852291
0.2991727722
0.3169613586
0.3335216856
0.3441304115
0.3221023326
0.327178828
0.3369195726
0.3482266887
0.3562336882
0.3196637792
0.323094033
0.3320428895
0.3437975617
0.351552146
0.3184036366
0.3225468329
0.3264938092
0.3290551818
0.3281386879
0.322749972
0.332756897
0.3438575009
0.3512363781
0.3525620202
0.3161156944
0.328099046
0.3475789611
0.3631011199
0.3641807088
0.3093362449
0.3173831077
0.3380369928
0.3566791383
0.3600966339
0.3088716855
0.319846643
0.3385998559
0.3562934881
0.3565388037
0.308797124
0.3170210375
0.3323180345
0.3459010279
0.3443594998
0.3087263928
0.3178872234
0.3314506912
0.3435362862
0.3464222576
0.3086096535
0.3179951232
0.3267122268
0.3338980617
0.3382127975
0.3068454799
0.3151459479
0.3230443845
0.3321728231
0.3401881993
0.3102963706
0.3199204635
0.3313935474
0.3431389781
0.3512096634
0.3419326371
0.3493241919
0.3592575968
0.369522074
0.3765735889
0.3388312132
0.3486440616
0.3620443745
0.3761811435
0.3846344919
0.3398813423
0.3547705761
0.3695026863
0.3800293611
0.3828080937
0.3431269869
0.3607813299
0.3796863329
0.3927565914
0.3953030569
0.3359997732
0.3468850527
0.3646098804
0.3752316415
0.3701196694
0.3309817172
0.3332815891
0.3463658347
0.3547537393
0.3484136344
0.3367260303
0.3406561849
0.351478066
0.3573848727
0.3483055332
0.3389484693
0.3458877725
0.3570996269
0.3604635146
0.3506371107
0.3399390868
0.349119212
0.3609052083
0.3682100408
0.3663054678
0.3408021942
0.3472666165
0.3522176658
0.3550017243
0.3546223679
0.3363582549
0.340094956
0.343821106
0.349003929
0.3543619057
0.3309272326
0.3347585329
0.3415225238
0.3500513964
0.3566621479
0.3528220807
0.3657639114
0.3812146626
0.3956135589
0.4049148794
0.3488333333
0.3655814248
0.3882707759
0.4111539977
0.4253283548
0.3500813463
0.3680824506
0.3902033533
0.4110846473
0.4203955607
0.3480258848
0.3631012433
0.3824653242
0.4005300298
0.404519611
0.3398900322
0.3478257493
0.3611771536
0.3699454095
0.3628228559
0.339709518
0.3398181516
0.3483418687
0.3492466889
0.3378202791
0.3486782606
0.34865047
0.3570265377
0.3565523737
0.3446367458
0.3567540492
0.3590133693
0.363843483
0.3594673666
0.3460500868
0.3579473627
0.3614439099
0.36735136
0.3687871508
0.3616481904
0.3538592551
0.3556053583
0.3583544426
0.3592073062
0.3559828196
0.3457625247
0.3453174771
0.3472125024
0.3526233591
0.3581345355
0.3351840919
0.3359826736
0.3418016967
0.3505042801
0.3573370491
0.3647411566
0.3811523188
0.4013416605
0.4202475356
0.4320936589
0.3614045866
0.3805201584
0.4066584579
0.4329959381
0.4493370845
0.3643427523
0.3793321605
0.4013865267
0.4228749844
0.4319313669
0.3613156689
0.3717285388
0.3878287665
0.4053864542
0.4094095037
0.3530831981
0.3563039246
0.3665703064
0.375450539
0.3684675765
0.3543385769
0.3521371294
0.3580001042
0.360816452
0.3503920591
0.3626485749
0.3579344476
0.3640961762
0.3672194059
0.3607714813
0.3703442288
0.364904538
0.3684494977
0.3700636547
0.3614372986
0.3720779991
0.3690179599
0.3748994731
0.3789667521
0.3733867997
0.3619174711
0.3609720069
0.365718647
0.369667932
0.3680171794
0.3466745226
0.3474606786
0.3526591351
0.3608386566
0.3677501832
0.3322978731
0.3335436011
0.3388757439
0.3467028559
0.3531203254
0.3868011083
0.4029052607
0.4235853864
0.443524135
0.4561933585
0.3867535009
0.4043787734
0.4295194732
0.4545259516
0.4700486138
0.3937246299
0.4027955015
0.4196455666
0.4379937487
0.4456444907
0.3978409007
0.4016932317
0.4100128346
0.4203140126
0.4194313988
0.3873335298
0.3873203791
0.3948483808
0.4008500144
0.3924203635
0.3849770073
0.3819241604
0.3876179649
0.3928937891
0.3838210257
0.3936900679
0.3877791204
0.3915705066
0.3981044236
0.3931122563
0.399125844
0.3928491128
0.3976148265
0.405109608
0.4016495586
0.398796447
0.3962757541
0.404200732
0.4124551054
0.4107624314
0.3870236244
0.388175323
0.3970073698
0.4042764726
0.4048150022
0.3704662476
0.3741306077
0.3829809981
0.392922153
0.3996739217
0.3511645048
0.3522909482
0.3576178799
0.3650588979
0.37120349
0.444294875
0.4555242038
0.4710365292
0.4865047153
0.4966934851
0.4490057335
0.4614264518
0.4809865989
0.5011331989
0.5136107112
0.4540704971
0.4581322371
0.4701409282
0.4862405246
0.4945358123
0.4564302463
0.4573493188
0.462439061
0.4700244249
0.4690233515
0.4406806155
0.4389413754
0.4467537558
0.4548793371
0.4507882307
0.4315603019
0.4295251607
0.4404692131
0.4516191374
0.4491679023
0.4388733091
0.4377365801
0.4467848835
0.4574411119
0.4569916962
0.4467325608
0.4497728072
0.4603490819
0.4684894901
0.4680490051
0.4489684511
0.4541297517
0.4628924241
0.4665808473
0.4618554518
0.4381583461
0.4410195924
0.4486225372
0.4547082433
0.456063054
0.421998281
0.4256943068
0.4332724658
0.4410977428
0.4454500764
0.4078024639
0.4103623677
0.4161039956
0.4229997889
0.4282109834
0.5436794431
0.5507399141
0.5609466619
0.5710419174
0.5773230629
0.5497867072
0.5562138055
0.5660465488
0.5764453313
0.582302232
0.5521545158
0.5546726636
0.5606975851
0.5694457383
0.5749756867
0.5493443059
0.5522820925
0.5590557977
0.56589566
0.5681142035
0.5331251637
0.5317959462
0.5415185148
0.5522071561
0.5558852096
0.5232251714
0.5198596413
0.5292970382
0.5440557516
0.5515024492
0.5286411101
0.5298193215
0.5380468499
0.5479925358
0.5529195954
0.5342689947
0.5420055318
0.5527297836
0.5584839666
0.5579713965
0.534731785
0.5424420741
0.5496065375
0.5514246806
0.5472466396
0.5223874906
0.5272618935
0.5334569906
0.5380957316
0.5384740817
0.5131097014
0.5200871239
0.5277046949
0.5337226767
0.5360246422
0.5104487208
0.5161459176
0.5224516429
0.5286616522
0.5328066563
0.679501644
0.684502274
0.6896081786
0.6935705581
0.695552743
0.6795691788
0.684001804
0.6888039145
0.6930134303
0.6949443
0.6778958723
0.6815997132
0.6869257782
0.693557124
0.6987596425
0.6731120593
0.6779918208
0.6880042339
0.6982666752
0.7046556626
0.6595771638
0.6598785834
0.6701736982
0.6828738737
0.6910625154
0.6500018041
0.6465912686
0.652139925
0.6648013274
0.6733335686
0.6521796982
0.6541680212
0.6581580007
0.6618288858
0.6652253842
0.6518678837
0.6592339242
0.6669478762
0.6684466328
0.6671935065
0.6501629318
0.656812086
0.6632510082
0.6634877597
0.6604356658
0.6416954979
0.6484399702
0.6548182064
0.6567813118
0.6556282714
0.6405085444
0.6487338488
0.6554117388
0.6590147875
0.6597430969
0.6401863958
0.6448621761
0.6493575043
0.6536811698
0.6566098586
0.8175826299
0.8201499247
0.8223909779
0.8238519646
0.8244625728
0.8161857684
0.8186050993
0.8209495686
0.8226994187
0.8234676256
0.8137698258
0.8164267443
0.8202541115
0.8245483715
0.8278117487
0.8094013091
0.8126281917
0.8196289931
0.8274406687
0.8326688413
0.8003427979
0.8000999204
0.8060614087
0.8151472666
0.8216086958
0.7929473502
0.7892264099
0.7906635798
0.7986502808
0.8048937855
0.7923313378
0.7920842324
0.7933498706
0.7956027735
0.7978465446
0.7900044043
0.7927811456
0.7969608081
0.7985265288
0.7985205129
0.7868363816
0.7893445123
0.794043714
0.7958788726
0.7954483015
0.7838603776
0.7879530311
0.7925673744
0.7944886924
0.7943502213
0.7851250945
0.7899925981
0.7941702511
0.7966008804
0.7974120706
0.7842739233
0.7863196334
0.7884516673
0.7907040495
0.792329348
0.913283878
0.9143328153
0.9152283295
0.9157957962
0.9160313337
0.9123180352
0.913380276
0.9144343938
0.9152042
0.9155696931
0.9107217454
0.9120221555
0.9140178397
0.9161719511
0.9177166081
0.907977295
0.9093802543
0.9127483018
0.9167391419
0.919463123
0.9031103045
0.9026651342
0.9052088685
0.9096621985
0.9129572853
0.8988002508
0.8964316585
0.8966448725
0.9002112256
0.9032682782
0.8975179847
0.8966005578
0.8969057935
0.8982219086
0.8994631942
0.8957072456
0.8961750315
0.8979038169
0.8991232336
0.899580428
0.8936443742
0.8942581278
0.8964912536
0.8980190231
0.8984320379
0.8928901392
0.8945247165
0.8968042074
0.8981670387
0.8985167392
0.8937097896
0.8956937695
0.8976625853
0.8990216812
0.8996519098
0.8928673877
0.8935183021
0.8943185706
0.8952186165
0.895890549
0.9641282801
0.964498594
0.9648261251
0.965043584
0.9651408334
0.9636697816
0.9640685251
0.9644916132
0.9648146637
0.9649799768
0.9628856547
0.9633905207
0.9642190034
0.9651043645
0.9657125565
0.9615370556
0.9620090907
0.9633037861
0.9649026411
0.9660030094
0.9593525634
0.9590491695
0.9599450699
0.9616564812
0.9629526659
0.9573282109
0.9562276613
0.9562196448
0.9574852679
0.9586339489
0.9564269313
0.9557843052
0.9558252027
0.9564115007
0.9569546606
0.9554880288
0.9553811404
0.9559556088
0.9565711794
0.9568994432
0.9545682365
0.9546315071
0.9554431033
0.9561921856
0.9565256478
0.9543773734
0.9548759767
0.9557521427
0.9564211036
0.9566993933
0.9546450968
0.9552833881
0.9560317733
0.9566288091
0.9569531724
0.954159707
0.954315388
0.9545609516
0.9548534634
0.955076849
0.9866346732
0.9867528623
0.9868632085
0.9869410349
0.986978338
0.9864498463
0.9865828963
0.9867351588
0.9868579846
0.9869239584
0.9861238356
0.9862907425
0.9865841756
0.9868986456
0.9871087911
0.985562889
0.9856935554
0.986120824
0.986665336
0.9870416761
0.9847071487
0.9845597979
0.9848330461
0.9853908763
0.9858198175
0.9838915199
0.98346548
0.9834396228
0.9838236187
0.9841854065
0.9834420976
0.9831338498
0.9831204686
0.9833292551
0.9835249428
0.9830446831
0.9829173497
0.9830746424
0.983310696
0.9834586722
0.9827036116
0.9826687469
0.9829147357
0.9831950549
0.9833468812
0.982638059
0.9827582119
0.983041341
0.9832986567
0.9834294905
0.9826874127
0.9828581199
0.9830993154
0.9833154193
0.9834439083
0.9824753338
0.9824973537
0.9825582182
0.9826381978
0.9827012527
0.9953123187
0.9953477461
0.995382845
0.9954089893
0.9954221589
0.9952429771
0.995283912
0.9953345475
0.9953774997
0.9954013045
0.9951188535
0.9951681328
0.9952619797
0.9953635927
0.9954303367
0.9949071641
0.9949369882
0.9950644111
0.9952316292
0.9953475068
0.9945985214
0.9945372956
0.9946115832
0.9947748132
0.9949017683
0.9942984034
0.9941483435
0.9941316824
0.9942361286
0.9943377012
0.994108972
0.9939842953
0.993968882
0.9940319364
0.9940932511
0.9939571285
0.9938883174
0.9939228915
0.9939987038
0.9940517398
0.9938400504
0.9938098281
0.9938746346
0.9939640527
0.9940185451
0.9938108543
0.9938313834
0.9939121911
0.9939969754
0.9940454724
0.9938081244
0.9938459059
0.9939144576
0.9939826843
0.9940259036
0.9937280362
0.9937244927
0.9937353821
0.9937537742
0.9937693026
0.9980973482
0.9981094854
0.9981222948
0.9981323016
0.9981375253
0.9980672073
0.9980813326
0.9981003419
0.9981172219
0.9981267895
0.9980132758
0.9980290501
0.9980624701
0.9980992666
0.9981231749
0.9979229174
0.997928633
0.9979706335
0.9980276961
0.9980673369
0.99779605
0.9977679079
0.9977892366
0.9978418054
0.9978831795
0.9976707142
0.9976103942
0.997600184
0.9976308785
0.9976620073
0.9975835797
0.9975282696
0.9975172277
0.9975368789
0.9975574368
0.9975177282
0.9974818442
0.9974873944
0.9975128086
0.9975324941
0.9974707925
0.9974518292
0.9974692055
0.9974996555
0.9975200406
0.9974546277
0.9974547157
0.9974792987
0.9975092352
0.9975279466
0.9974454646
0.9974523913
0.9974730304
0.9974961726
0.9975116941
0.9974120656
0.9974064022
0.9974066842
0.9974104278
0.9974142596
0.2757381259
0.293363901
0.3126695442
0.3297210952
0.3401420987
0.2790180374
0.2954043721
0.3112280053
0.3239925657
0.3321610664
0.2845277057
0.2959069921
0.3104560789
0.3241089992
0.3323167636
0.2909912906
0.2965136453
0.3082416678
0.3249846862
0.3304544482
0.284507853
0.284446726
0.3014722597
0.3293475535
0.3387904296
0.2637019269
0.2657981293
0.2921386017
0.3266812265
0.3366321337
0.2557563695
0.264728693
0.2926197596
0.3252725524
0.3358719703
0.2625816577
0.2809080707
0.3035194594
0.3224953328
0.3239384827
0.2689232892
0.29108301
0.307086052
0.3076444195
0.295350844
0.2709632
0.2887750711
0.3010915416
0.3085215544
0.3089630058
0.2733534783
0.2800728397
0.2863608279
0.2967504801
0.3064537409
0.2661268991
0.2672611542
0.2735790673
0.2840376624
0.29283337
0.2907857857
0.3041608648
0.3190837396
0.3328214901
0.3414688034
0.2894100856
0.3003000247
0.3111926141
0.3212020662
0.3270954678
0.2964346256
0.3054219051
0.3160688656
0.3275649631
0.3328700971
0.2992538187
0.3055809334
0.3176376537
0.3360140023
0.3431166501
0.2924102397
0.2960888966
0.3146938803
0.3437885799
0.3555765052
0.2749896044
0.2802206235
0.308725966
0.3432299481
0.3552130424
0.2685188465
0.2774360083
0.3076697617
0.3417858206
0.3572836381
0.2790145673
0.2931118766
0.316910482
0.3405348039
0.3490154388
0.2889440089
0.3070615967
0.3239984854
0.3306256643
0.3283349565
0.2912330721
0.3066889034
0.3219465911
0.3338793683
0.3392182736
0.29163594
0.3016444482
0.312955649
0.3262732027
0.337021303
0.2922853404
0.3005806076
0.3119927226
0.3247144966
0.3339433797
0.3059135941
0.3151751947
0.3273444991
0.3398795415
0.3481575529
0.3031983826
0.3087595143
0.316206804
0.3262611544
0.3340256704
0.3114227953
0.3180815033
0.3275520948
0.3396869775
0.3460155599
0.3152179036
0.3197828875
0.3297639505
0.3470186672
0.3540458738
0.3079167104
0.3079206817
0.3212982225
0.3443469797
0.3513231066
0.2900605348
0.2923411359
0.3153405753
0.3457444306
0.3560607443
0.2830804909
0.2899371642
0.3172868971
0.3492648005
0.3627660444
0.2936575718
0.3049190396
0.3265244707
0.3469846244
0.351858061
0.3070664898
0.3194550862
0.3342906817
0.3401099088
0.3371852778
0.3146524208
0.3240011432
0.3355522938
0.3449091403
0.3485568859
0.3177329715
0.3260112262
0.3379475828
0.3508905129
0.3604792285
0.3223485819
0.333745304
0.3479791347
0.3619454498
0.3712573846
0.3183371486
0.3207100062
0.3274218714
0.3363829851
0.343122816
0.3188795639
0.3171245717
0.320421766
0.3294657201
0.3381761056
0.3275488004
0.3282319467
0.3339364042
0.3462752743
0.354205526
0.3308108778
0.3299988364
0.3332064005
0.3429012395
0.3436820062
0.3248532336
0.3211382827
0.3250728653
0.3343981422
0.3310855565
0.3096828811
0.3098119737
0.3236577381
0.3395237088
0.3399577117
0.3028883156
0.3091627509
0.3337702918
0.3591873012
0.3695379591
0.3150126128
0.3239614001
0.3444411998
0.3610492842
0.3617028556
0.3298852532
0.3383959517
0.3521152923
0.3578402152
0.3533060706
0.3362446645
0.3400004215
0.3484113794
0.3554731472
0.3583949847
0.3358681491
0.3404795593
0.3510646091
0.3633381748
0.3724771781
0.3375689111
0.3467936771
0.3609481429
0.3756343217
0.3853612794
0.3228440095
0.3210820178
0.3241764534
0.3304691524
0.3357555441
0.3268244247
0.3234206221
0.3256518035
0.3325862014
0.3393692397
0.3341700522
0.3322455326
0.3377888871
0.3490003065
0.355305964
0.3404819507
0.3353455696
0.3353497924
0.3397245487
0.3359223524
0.3394630439
0.3322943061
0.3327129804
0.3335799341
0.3252617591
0.3243379726
0.3229007826
0.3364911298
0.3461179728
0.3450038202
0.3185294276
0.3256638605
0.3512246622
0.3747277153
0.3822430096
0.3288604002
0.3381059103
0.3611053892
0.3787236551
0.3790739986
0.336044061
0.3431033736
0.3598643106
0.3715111036
0.3705661511
0.3395899211
0.344248924
0.3526618827
0.3599494364
0.3617517573
0.3435772979
0.3480483911
0.3560083264
0.3655749881
0.3731659479
0.3463749904
0.3512201182
0.3604408177
0.3714539394
0.3793931009
0.3207864334
0.3183999729
0.3205261374
0.3255705026
0.3300539752
0.328741398
0.32731352
0.3313381899
0.3386017324
0.344700793
0.3369439177
0.3374516092
0.3489125515
0.3643725047
0.3736273274
0.3484941575
0.3438937025
0.3482586726
0.3544075296
0.3510259279
0.3550889367
0.3507113569
0.353925468
0.3511312494
0.3402316041
0.340565176
0.3398403385
0.3546537156
0.3593306117
0.3523525876
0.3334495289
0.3378557794
0.3630513471
0.3828453913
0.3841532724
0.337112722
0.3432406707
0.3670590655
0.3896759645
0.3948241792
0.3389548509
0.3439182077
0.361879865
0.3823386934
0.3898826545
0.3404799713
0.3459162754
0.3564988161
0.3682758638
0.3733032837
0.3463957409
0.3515193193
0.3604803387
0.3711919851
0.379647812
0.3525035247
0.3569764413
0.3644881016
0.3738561651
0.3810074737
0.3376828977
0.3358350643
0.3379975247
0.3431162436
0.3477618173
0.3459384515
0.3464580204
0.3526992703
0.3614893525
0.3690607416
0.3544623614
0.357336137
0.3729874207
0.3921508162
0.4050202516
0.3678322981
0.3685724758
0.3812821566
0.3939699901
0.3947136507
0.3775087683
0.3790251048
0.3922716964
0.3994125058
0.3934855734
0.3722946385
0.3733769534
0.3897007266
0.3984322288
0.391067295
0.3699477492
0.3730561548
0.3917918242
0.4089205256
0.4085786547
0.3678342863
0.3765645192
0.3971762948
0.4189403771
0.4280492144
0.3618549603
0.3701037962
0.3877763303
0.4094759844
0.4191808317
0.3593070421
0.3681904192
0.3828931999
0.4000295759
0.4091202447
0.3653215548
0.3733176425
0.3860313567
0.4004285318
0.4109611992
0.3749450656
0.3820334939
0.3920560053
0.4032082858
0.411208195
0.3972336164
0.398011938
0.4018234464
0.407091714
0.411176277
0.3994907872
0.4013185486
0.408347613
0.4175002797
0.423885143
0.4053859748
0.4117650901
0.4279596351
0.4481005718
0.4608206108
0.4128851612
0.4240122131
0.4431914367
0.460288855
0.4648130288
0.4191765696
0.4304814379
0.451047904
0.4686347317
0.4728874929
0.4202648541
0.4281152319
0.4447754202
0.4594656705
0.4581890215
0.4248182409
0.4340844875
0.4483153661
0.4641490115
0.4651412273
0.4265455096
0.4412805768
0.4587455198
0.4777546382
0.4858258171
0.4219354131
0.4369339558
0.4549804131
0.4757413008
0.4860166109
0.4184459407
0.4330926125
0.4514694613
0.4722700872
0.4855187324
0.4247324838
0.4353058387
0.4484672494
0.4634154151
0.4746633626
0.4324736897
0.4388077405
0.4482401132
0.4590161047
0.4667807154
0.5028424302
0.5070408699
0.5119146268
0.5166840998
0.5197609872
0.4971537866
0.5011241779
0.5078120819
0.5154902316
0.520262327
0.497579004
0.5045722053
0.5178758411
0.5334305621
0.5422404284
0.5031871424
0.5140833562
0.530017793
0.5450861271
0.5509813248
0.5107731548
0.5234805757
0.5396096531
0.5541569868
0.5616073213
0.5141942456
0.5252443376
0.5371095392
0.5483239486
0.5506559089
0.5182909529
0.5301562252
0.5410554772
0.5528473535
0.555592397
0.5251707517
0.5411405437
0.5552844729
0.5656790421
0.5684833792
0.5262073207
0.5425574994
0.5604430045
0.5774580752
0.5871602186
0.5259502816
0.5415377565
0.55941808
0.5763444741
0.5875340242
0.531280051
0.5422344209
0.5540246055
0.5657073342
0.5736845637
0.5381970127
0.5441529499
0.5516259267
0.5595991942
0.5649908126
0.6323907343
0.6354567358
0.6392359941
0.6429640166
0.6451582885
0.6278779455
0.6298460337
0.6335890947
0.6395084563
0.6439810602
0.6272582968
0.6324857469
0.6404976022
0.6502055716
0.655728405
0.6312982008
0.6386602053
0.6483249952
0.6577627808
0.6620686043
0.6400823142
0.6496295439
0.6593755768
0.6677642893
0.6720500515
0.6446054481
0.6539290363
0.6612674441
0.665719534
0.6679918206
0.6506903362
0.6611630528
0.6688947053
0.6754441795
0.6793910007
0.6604714035
0.6727343936
0.6834487794
0.6889218143
0.6902131291
0.6656730072
0.6792097955
0.6940653041
0.7057200948
0.7122283379
0.6683544335
0.6807324874
0.6926189001
0.7014132318
0.7069290591
0.6705129882
0.6782055127
0.6854219425
0.6916663182
0.6959835008
0.6747610738
0.6785631217
0.6819524698
0.685017947
0.6868728204
0.77846642
0.7785545373
0.7796034323
0.7813867212
0.7826646288
0.7783390536
0.7781286324
0.779186342
0.7820563809
0.7846336423
0.7793399348
0.7814917689
0.7850565059
0.7896659011
0.7926090047
0.7825085123
0.7859736252
0.790526972
0.795030131
0.7973528686
0.7885305627
0.7933692762
0.7981358683
0.8019849445
0.8039455194
0.7924398997
0.7975145806
0.801251916
0.8030541369
0.8041917892
0.7974624367
0.8034963677
0.8079709937
0.8111939254
0.8135011894
0.8044915786
0.8115812324
0.8177278895
0.8208577086
0.8218060017
0.8092159941
0.8172538893
0.8256615095
0.831905496
0.8352856702
0.8114916127
0.8185306165
0.8247420749
0.8288727204
0.8312245407
0.8123718874
0.8165876055
0.8200961842
0.8227915916
0.8245592152
0.8148340933
0.8167791871
0.8180552334
0.8188885091
0.8192893627
0.8900619204
0.8895164498
0.889496666
0.8899344622
0.8903296999
0.8909319672
0.8903449457
0.8904409474
0.8914011224
0.8923952171
0.8923200892
0.892880024
0.8941387052
0.895900866
0.897152534
0.8944017807
0.8956648841
0.8974346237
0.8992165288
0.9002308223
0.8975259919
0.8994429554
0.9013867316
0.902914177
0.9037126828
0.8999215122
0.9020701275
0.903695632
0.9044899061
0.9049545693
0.902809128
0.9055145499
0.9076186663
0.9090428875
0.9100047182
0.9064425015
0.909736536
0.9125873779
0.9141850065
0.9147746547
0.9091281221
0.9128838156
0.9166227703
0.9193757694
0.9208431369
0.910393942
0.9135883119
0.9163188741
0.9181112187
0.9190704549
0.9108707903
0.9127738508
0.9142536468
0.9152911512
0.9159155371
0.9121391937
0.9130143733
0.9135051611
0.9137238814
0.913781236
0.9531259708
0.9527636097
0.952599446
0.9526154926
0.9526721685
0.9537245035
0.953356656
0.9532696921
0.9534990056
0.9537871451
0.954630367
0.9547019081
0.9550681323
0.9556363703
0.9560759211
0.9557243601
0.9561056565
0.9566995836
0.957315082
0.9576931504
0.9570975275
0.9577445481
0.9584337765
0.9589785134
0.9592734467
0.9582608195
0.9590416499
0.9596659825
0.9600014453
0.9601781241
0.9595904565
0.9606276689
0.9614715838
0.9620364884
0.9623798535
0.9611348274
0.9624417343
0.963577563
0.9642721172
0.9645601828
0.9623273257
0.9638133352
0.965239009
0.966292398
0.9668511328
0.9629088336
0.9641522023
0.9652055067
0.9659103811
0.9662794479
0.9631723495
0.9639174287
0.9644808649
0.9648545719
0.9650616492
0.9637413121
0.9640974884
0.9642957329
0.9643708026
0.9643796446
0.982155831
0.9819945706
0.9818952978
0.9818552291
0.9818442371
0.9824338833
0.982269062
0.9822006832
0.9822329558
0.9822981362
0.9828645877
0.982845372
0.9829331961
0.9830923257
0.9832253343
0.9833463341
0.9834443555
0.983621876
0.9838132613
0.9839381032
0.9838855665
0.9840809259
0.984301125
0.9844794725
0.9845794053
0.9843681486
0.9846247507
0.9848422294
0.9849709146
0.985035059
0.9848966304
0.985254272
0.9855558272
0.9857596577
0.9858731245
0.9854739026
0.9859363514
0.9863412428
0.9866051266
0.9867227746
0.9859293174
0.9864518173
0.9869410098
0.9873044785
0.9874972716
0.9861659949
0.9865999115
0.9869676576
0.9872197917
0.9873515111
0.9862937496
0.9865568715
0.9867550759
0.9868833886
0.9869502977
0.986520092
0.9866531651
0.9867322317
0.986764393
0.986769386
0.9936401008
0.9935790844
0.9935358563
0.9935108771
0.993499219
0.9937507313
0.9936870441
0.9936532688
0.9936495662
0.9936601446
0.9939254217
0.9939061697
0.9939222146
0.993961659
0.9939977373
0.9941157418
0.9941369651
0.9941856178
0.9942408968
0.9942788885
0.9943144266
0.9943693451
0.9944352452
0.9944904575
0.9945224057
0.994497388
0.994577056
0.9946483473
0.994694114
0.9947166674
0.9946906039
0.9948066159
0.9949072716
0.9949765366
0.9950129746
0.9948915089
0.9950442428
0.9951791859
0.9952712516
0.9953143645
0.9950519149
0.9952231079
0.9953810164
0.9954989656
0.9955616367
0.9951418459
0.9952837807
0.9954046274
0.9954892785
0.9955336744
0.9951972826
0.9952848294
0.9953514165
0.9953943966
0.9954159887
0.995280709
0.9953278091
0.9953582557
0.9953724556
0.9953759593
0.9973858354
0.9973603012
0.9973406479
0.9973276315
0.9973208499
0.9974347454
0.997407438
0.9973906164
0.9973842731
0.9973845573
0.997512575
0.9975006683
0.9975018824
0.9975119256
0.9975225039
0.9975968931
0.9976008158
0.9976154923
0.9976334499
0.9976464632
0.9976813673
0.9976988205
0.9977213688
0.9977410259
0.9977527642
0.9977602559
0.9977888368
0.9978157509
0.9978342544
0.9978434936
0.9978409307
0.9978843342
0.9979229482
0.9979500926
0.9979639531
0.9979214253
0.9979792757
0.9980309196
0.998067393
0.9980851102
0.9979862279
0.9980505069
0.9981093048
0.9981534368
0.998176934
0.9980254954
0.9980789113
0.9981247028
0.9981573564
0.9981745589
0.9980521754
0.9980858546
0.9981119166
0.9981288991
0.998137264
0.9980872867
0.9981065684
0.9981200908
0.9981272282
0.9981295456
0.2561428277
0.2504741164
0.2503005525
0.2555259402
0.261120599
0.273215088
0.2710535413
0.2720204302
0.2801614091
0.2903533708
0.2775865433
0.2861560123
0.2995755078
0.3154596413
0.3257927016
0.2737142263
0.2772524063
0.2917399197
0.3118209296
0.3239144428
0.2782636591
0.2744375272
0.2821503745
0.2954348074
0.2964679734
0.2699379976
0.272313504
0.2815592305
0.2887561228
0.2850048736
0.25
0.2553856525
0.2828477954
0.3041322007
0.3057076414
0.25
0.2533303368
0.2950421572
0.3283541084
0.3388602515
0.25
0.2625923007
0.2925785673
0.3181867328
0.3313119269
0.2599675319
0.2735883428
0.2878924814
0.2997777353
0.3045429818
0.2678605371
0.2707619968
0.2782686141
0.288493677
0.2971917859
0.2561221259
0.2564658284
0.2632180341
0.2731400725
0.2809672643
0.2802623217
0.2825665682
0.2882040792
0.2959107064
0.3020822335
0.2830742601
0.2869345106
0.2942007906
0.30561321
0.3164029531
0.2820543131
0.2949877535
0.3123741463
0.331093801
0.3423454527
0.2790119641
0.2923847842
0.314809303
0.3347682717
0.3423507605
0.2850083747
0.2916365349
0.3104135246
0.3268442702
0.327084573
0.2856138723
0.295881169
0.3156647175
0.3288486879
0.3281967062
0.2708315211
0.2843734039
0.3115509798
0.3324365788
0.3367320871
0.2572269738
0.277075212
0.3119054929
0.3435557637
0.3550033193
0.2586474586
0.2764323262
0.3040844981
0.3279204042
0.3367743609
0.2693901273
0.2797208024
0.2947147529
0.3067142431
0.310352281
0.2758226206
0.2781931088
0.2855789721
0.2958712322
0.3044819828
0.2715358442
0.2727841987
0.2797055292
0.2894151034
0.2968927065
0.3155183037
0.3247736909
0.3363666584
0.3481330824
0.3558505952
0.3062613314
0.3155844728
0.325810772
0.337780039
0.3467999401
0.2991407283
0.3174498187
0.3339838907
0.3467540987
0.3517141554
0.2910009212
0.3147859639
0.3413039926
0.3571894231
0.3608252429
0.2914114915
0.3086969088
0.3390772657
0.3602644372
0.3630546874
0.2941481998
0.3104427451
0.3423077726
0.3674050101
0.3767071815
0.291451896
0.3058089281
0.3351860559
0.3613293711
0.3707451801
0.2855098095
0.2972364055
0.3259821587
0.3550371746
0.3647238389
0.2813329302
0.2910733207
0.3139177043
0.3374385483
0.3455904788
0.2856335879
0.2929305591
0.3063408348
0.3186908631
0.3225320052
0.2947395928
0.2975764889
0.3050685942
0.3149195946
0.3228881243
0.2963560344
0.2975542393
0.3040313783
0.3133922031
0.3206430824
0.3362936514
0.3445152802
0.3568691287
0.3699050123
0.3784289007
0.3326841934
0.3398316976
0.3485646986
0.3580350542
0.3638086167
0.3313350317
0.3431377089
0.3534392063
0.3577396236
0.3548435601
0.3303871061
0.3458019567
0.3620277879
0.3683307598
0.3636900266
0.3253964082
0.3374154244
0.3610712044
0.3800969611
0.3822764439
0.3213398292
0.3341137615
0.3632396448
0.3888291363
0.3973248005
0.3144156937
0.3261548418
0.3530314425
0.3737641497
0.3782547268
0.3061550532
0.3168638284
0.3437530675
0.367298839
0.3733672618
0.3015986419
0.3119820022
0.3339682257
0.3570889645
0.3659751325
0.3087836428
0.3167543507
0.3298661736
0.3426992845
0.3475043087
0.3174428883
0.3209108427
0.3286593601
0.3388901252
0.3471891612
0.3191314287
0.3208254803
0.3272904835
0.3364753131
0.3437233901
0.3492629879
0.3549666321
0.3644499851
0.3749431695
0.3820931173
0.3501071718
0.3527011722
0.3587039717
0.3642568819
0.366683992
0.3568324026
0.3569347343
0.3598369204
0.3599666164
0.3545315699
0.3642572127
0.3666053262
0.3687050053
0.3671579313
0.3587424114
0.3615628825
0.3675931957
0.3790206089
0.3897178372
0.3885615467
0.3485368599
0.3620969028
0.3841933914
0.3986447475
0.3973496413
0.3323629336
0.345458295
0.3688263671
0.3837538944
0.3815789787
0.3239852137
0.3346421227
0.358224059
0.3774928066
0.3820147103
0.3242707335
0.3343219188
0.3549800627
0.375177879
0.3814514964
0.3332634777
0.3442069094
0.3593079648
0.3732856216
0.3790441949
0.3391402312
0.34476924
0.3537046748
0.3656677356
0.3753281453
0.3386786751
0.3414426362
0.3491313947
0.3594719697
0.3673076054
0.3600574782
0.3646722359
0.3715693529
0.3794889745
0.3855008079
0.364166565
0.3688760754
0.376958011
0.3849757921
0.3899778805
0.3743233564
0.3768905228
0.3822305297
0.3842297557
0.380480279
0.3827722619
0.3845983764
0.3835244685
0.3778977915
0.3677072646
0.3773790723
0.3824789795
0.3904320173
0.3945540333
0.388196931
0.3645507041
0.3766293887
0.3960246849
0.4050111476
0.4001123122
0.3527144486
0.3619442731
0.3832545782
0.3964528216
0.3921822871
0.3500649782
0.357073055
0.3753026882
0.3923907574
0.3940877858
0.3527602111
0.3608613588
0.3796316012
0.3993990445
0.4053996109
0.3600819681
0.3710470086
0.3875067912
0.4055055947
0.4153205943
0.3639043002
0.3707876887
0.3817310007
0.3954886864
0.4066039481
0.3624303974
0.3649814399
0.370967362
0.3788933409
0.3853260734
0.3805005041
0.3836646574
0.3895503881
0.3973518222
0.4034474688
0.3911323236
0.3959049709
0.4024758333
0.4112291952
0.4188372131
0.4043452215
0.4138605203
0.4220298049
0.4273668088
0.4281152546
0.4048777252
0.4150600977
0.4208952887
0.4197968728
0.4127099227
0.3960831951
0.4040216181
0.4170243371
0.4236605191
0.4179496696
0.3872013717
0.3950737042
0.4166521932
0.4326614657
0.4331236568
0.3812155891
0.3841658392
0.4043149619
0.4232181901
0.4258994917
0.3799704482
0.381838886
0.3987019029
0.4195238363
0.4260628827
0.3808217813
0.3858205616
0.4036232351
0.4266886199
0.4372879503
0.3865063348
0.3958727852
0.4130151926
0.4328324833
0.4445146727
0.3914604284
0.3990792687
0.4108947955
0.4256806888
0.4372284564
0.3917621836
0.3942563421
0.3986456782
0.4043858092
0.4092945907
0.4352237475
0.437921328
0.4437687691
0.4512367142
0.4569098824
0.4472059286
0.4506637182
0.4567590649
0.4650979491
0.4721108699
0.4556085803
0.4643480661
0.4718053661
0.478652172
0.4812481888
0.4462430587
0.4558447245
0.4644153999
0.4714692409
0.4733367846
0.4377017895
0.4423760924
0.4547324476
0.4666241676
0.4672220678
0.4337215428
0.4374551547
0.4554752869
0.4734890933
0.4774389517
0.4351739452
0.43763394
0.4561863997
0.4745693293
0.4830844287
0.4398655084
0.4418122654
0.4571976907
0.475601296
0.4858876785
0.4388279393
0.4425284859
0.4559519619
0.473614975
0.482713325
0.4402072555
0.4465054214
0.4599800041
0.4780103825
0.4911281815
0.443835021
0.4471735956
0.4561391535
0.4688383181
0.4794754456
0.4413357621
0.4413500837
0.4440150361
0.4482405655
0.4520520675
0.5393385857
0.5431091936
0.548854692
0.5548721853
0.5589032121
0.5466361384
0.5514271821
0.5587169472
0.566951
0.5722627645
0.5481921027
0.5580060628
0.5670690042
0.5744975517
0.5768143609
0.5346089322
0.5442669546
0.5550054674
0.5642970966
0.5678179726
0.5269034739
0.5316995995
0.541354751
0.5505126291
0.5527316512
0.5292254895
0.5323753967
0.5428886507
0.5534754603
0.5556283502
0.5360847866
0.5399029892
0.5510849334
0.5610330472
0.5654209898
0.5439805116
0.5473440166
0.5574763725
0.5687346976
0.5745399623
0.5448242914
0.5475346871
0.5554306775
0.562980263
0.5657071824
0.5442812657
0.5484736076
0.5580906345
0.5705921498
0.5797283223
0.5417750147
0.5425449346
0.5480618134
0.5569130134
0.5642348145
0.5339265765
0.5313946323
0.5321031961
0.5349736845
0.5375963163
0.6804703232
0.683335858
0.6858807138
0.6880614792
0.6893470472
0.685863341
0.6936738033
0.7001656762
0.7053699128
0.7082944421
0.6835708871
0.6946181957
0.7028480644
0.7068815932
0.7069230391
0.6711608069
0.6794983748
0.6871903112
0.6910815821
0.6917569018
0.6617096391
0.665746045
0.6694762689
0.6689039873
0.6654979149
0.663943318
0.6664012771
0.6678634139
0.6678231606
0.6657782524
0.6699844615
0.6726072825
0.6751723069
0.6773269281
0.6779543173
0.6791785455
0.679648396
0.6831093872
0.6883343433
0.6912146608
0.682197196
0.6811835312
0.6816600983
0.6808246574
0.6786669522
0.6827590403
0.6819966993
0.6839087624
0.6887785076
0.6933549545
0.6782088909
0.6746628814
0.6757242871
0.6804979585
0.6853102971
0.6667762165
0.6627660187
0.6625815094
0.6644464629
0.6663269921
0.8194484431
0.8214944216
0.8227267864
0.8234205285
0.8237541418
0.8225664627
0.8283891006
0.8326328431
0.8354505145
0.8369199558
0.8204932539
0.8278395909
0.8329315635
0.8350288716
0.8349535997
0.8130068561
0.8181116338
0.8218501359
0.8228553603
0.8223535563
0.8065709008
0.80865235
0.809082913
0.8064170482
0.8030091952
0.8071600543
0.8079678169
0.8067795844
0.8041873485
0.8017125485
0.8108833908
0.8114214829
0.8110198704
0.8104321381
0.8098538832
0.8167361208
0.8160303113
0.8163294776
0.8177064327
0.8186397412
0.8193285432
0.817499205
0.8158350065
0.8137189524
0.8117120085
0.8198534101
0.8180251383
0.8173424191
0.8183388317
0.8197445579
0.8165854819
0.8137432789
0.8132551039
0.8149179852
0.8169271536
0.8093869012
0.8067249798
0.8060301826
0.8065603739
0.807286735
0.9144705082
0.9156267021
0.9162891581
0.9165996505
0.9167280429
0.9158189945
0.9187981264
0.9209457521
0.922296898
0.9229838319
0.9147170467
0.9182742035
0.92071675
0.9217644575
0.9218506644
0.9112670994
0.9136472137
0.915123581
0.9153092036
0.9148851116
0.9081610202
0.9089257343
0.9086203828
0.9069353198
0.9051580191
0.9081321164
0.9081223784
0.9070611147
0.9052951833
0.9038593755
0.9099089776
0.9096579634
0.9089571443
0.9081838801
0.907648018
0.9126329005
0.9119277207
0.91152597
0.9115822936
0.9117212595
0.9140348306
0.9128004172
0.9115538285
0.9102800727
0.909296129
0.9142760194
0.9130627135
0.912295739
0.9122246774
0.9124643442
0.9126611653
0.9112483462
0.9107227741
0.911072082
0.9116586899
0.909435623
0.9081793463
0.9076398431
0.9076271206
0.9077843821
0.9646681261
0.9651976845
0.9655215293
0.9656820473
0.9657499551
0.9651351801
0.9663616941
0.9672642831
0.9678350652
0.9681251365
0.9646664181
0.9660797438
0.9670653495
0.9675307313
0.9676257581
0.9633352318
0.9642538514
0.964770684
0.9648006092
0.9646129097
0.9621187325
0.962336969
0.9620985894
0.9613760192
0.96067755
0.9620272009
0.9618727985
0.9613288002
0.9605286715
0.9599146263
0.9627314334
0.9624509826
0.9620306452
0.9615970179
0.9613153399
0.9637826571
0.9633675081
0.9630493079
0.9628992242
0.9628574689
0.9643729041
0.9637723936
0.9631762072
0.9626275552
0.9622498628
0.9644556115
0.9638836968
0.9634723226
0.9633059566
0.9632904531
0.9638106881
0.963239961
0.9629536346
0.9629615118
0.9630834312
0.9626075093
0.9621133745
0.9618380551
0.961750155
0.9617536304
0.9868379746
0.9870459122
0.9871833106
0.9872581992
0.987291784
0.9869742536
0.9874130639
0.9877450228
0.9879600308
0.9880702008
0.9867990873
0.9872908898
0.9876424226
0.9878245059
0.9878779226
0.986344481
0.9866552873
0.986822576
0.9868307121
0.9867681367
0.9859292447
0.9859784618
0.9858708333
0.9856166623
0.9853839512
0.9858803751
0.9857782529
0.9855564004
0.98525929
0.9850390994
0.9861247829
0.9859697356
0.9857812918
0.9855966687
0.9854802316
0.9864830989
0.9862919884
0.9861347435
0.9860356331
0.9859932317
0.9866955406
0.9864520849
0.9862195442
0.9860195454
0.9858921867
0.9867194069
0.9864941681
0.9863231197
0.9862310928
0.9861994375
0.9864945631
0.9862897336
0.9861680642
0.9861355979
0.9861490072
0.9860942614
0.9859205263
0.9858073658
0.9857540855
0.9857394546
0.9953808204
0.9954552001
0.9955078243
0.9955389139
0.9955535319
0.9954153864
0.9955601019
0.9956726684
0.9957476258
0.9957864218
0.9953543891
0.9955125673
0.9956288211
0.9956939507
0.9957171663
0.9952099683
0.9953070419
0.995358943
0.9953631592
0.9953456042
0.9950793132
0.9950871753
0.9950474659
0.9949673353
0.9948968672
0.9950603602
0.9950128175
0.9949323536
0.9948330607
0.9947615744
0.9951385606
0.9950709225
0.9949972941
0.9949284249
0.9948859026
0.9952520768
0.9951750829
0.9951104512
0.9950656424
0.9950441657
0.9953219192
0.9952325855
0.9951506175
0.99508358
0.9950432567
0.9953280827
0.9952474349
0.9951844998
0.9951461993
0.9951297638
0.9952555305
0.9951863692
0.9951406002
0.9951207845
0.995117738
0.9951305501
0.9950729684
0.9950314648
0.9950082102
0.9949993769
0.9981230783
0.9981531785
0.9981757452
0.9981899454
0.9981968589
0.9981319807
0.99818637
0.9982298169
0.9982595381
0.9982750698
0.9981075655
0.9981655425
0.9982094074
0.9982356719
0.9982462634
0.9980550547
0.9980895178
0.998108296
0.998110961
0.9981058583
0.9980083055
0.9980083391
0.9979924764
0.9979642081
0.9979402014
0.9980006743
0.9979779222
0.997945222
0.9979078159
0.9978816399
0.9980291083
0.9979976784
0.9979657411
0.9979371064
0.9979197599
0.9980702218
0.9980358736
0.9980069109
0.9979860098
0.9979754406
0.9980962442
0.998059156
0.9980263482
0.9980005943
0.997985781
0.9980979761
0.9980651757
0.9980392027
0.998022329
0.9980144185
0.9980712143
0.9980441523
0.9980248638
0.9980145077
0.9980110986
0.9980262487
0.9980041091
0.9979869882
0.9979764034
0.9979718343
)
;

boundaryField
{
    walls
    {
        type            zeroGradient;
    }
    inlet
    {
        type            zeroGradient;
    }
    outlet
    {
        type            zeroGradient;
    }
}


// ************************************************************************* //
