/*--------------------------------*- C++ -*----------------------------------*\
  =========                 |
  \\      /  F ield         | OpenFOAM: The Open Source CFD Toolbox
   \\    /   O peration     | Website:  https://openfoam.org
    \\  /    A nd           | Version:  7
     \\/     M anipulation  |
\*---------------------------------------------------------------------------*/
FoamFile
{
    version     2.0;
    format      ascii;
    class       volScalarField;
    location    "2";
    object      C2H3;
}
// * * * * * * * * * * * * * * * * * * * * * * * * * * * * * * * * * * * * * //

dimensions      [0 0 0 0 0 0 0];

internalField   nonuniform List<scalar> 
6144
(
8.375917562e-39
7.532158008e-39
2.995963857e-38
5.51577994e-38
1.540245457e-37
7.773778632e-38
2.250813859e-39
1.723941783e-40
1.670032439e-40
1.193121593e-42
2.242126976e-41
1.750202954e-38
5.019174708e-38
4.348536659e-38
8.387135511e-38
1.239248257e-37
3.946937787e-37
8.550281151e-38
1.286276373e-39
2.998769886e-41
1.716793255e-42
1.002608592e-41
3.037823411e-42
1.211057556e-39
1.091463865e-37
6.104029208e-38
9.36333401e-37
3.109532903e-36
1.21991347e-35
1.572512842e-36
2.513303688e-38
1.34036583e-40
4.584848232e-42
1.791410774e-43
1.108188629e-42
1.081454988e-40
1.557854733e-37
1.336680091e-36
1.536349026e-35
8.503610078e-36
2.265253396e-34
4.539442861e-35
4.672793231e-37
2.408713708e-39
2.24352999e-40
1.404772973e-42
1.423484249e-43
6.167458383e-43
6.946591725e-37
7.045582156e-36
5.961840607e-36
7.819113636e-36
2.617351345e-35
2.807450156e-34
2.391438413e-36
1.326726843e-38
6.161058317e-41
1.250167328e-42
1.431807427e-42
1.140454713e-42
1.517832062e-37
2.53772577e-37
7.457814928e-36
2.846047915e-35
2.136404527e-35
3.991266276e-34
3.604884131e-36
1.383318593e-38
4.208180944e-41
2.939105795e-40
2.922395927e-40
1.056902843e-41
1.096952118e-38
2.909765512e-39
1.023949454e-37
4.532493136e-36
3.230902349e-37
5.485799697e-36
2.711649864e-37
1.232289727e-38
3.266975329e-40
1.348286581e-40
4.074844887e-40
1.255529329e-40
2.280209685e-37
2.645304636e-38
8.073817968e-39
5.679673773e-37
2.434241064e-38
6.9847244e-38
4.445756158e-39
2.993183284e-40
1.325722386e-40
1.434664883e-40
8.286640991e-40
2.053222599e-39
5.071154173e-36
5.795153036e-37
4.149526935e-38
1.39510711e-38
1.020690648e-38
2.997224946e-37
2.455026269e-38
2.156384184e-39
7.273478049e-39
1.912818736e-39
1.38381095e-38
3.275860978e-38
9.542610606e-35
8.243459849e-36
4.082074826e-37
3.149073227e-38
7.664193802e-39
9.985156925e-38
3.031406608e-37
3.459046323e-38
2.222097901e-37
2.195190783e-38
1.238784697e-37
3.101071606e-37
1.633912088e-36
1.382834481e-37
7.191610939e-39
1.509622305e-39
8.822620499e-38
2.271197453e-36
4.090791373e-36
4.11720771e-37
3.253599492e-36
1.093267301e-37
3.693295499e-37
5.792169162e-37
4.825147812e-38
3.385646713e-39
3.311267633e-40
2.574135284e-38
1.748201948e-36
3.206065557e-35
7.545897003e-35
1.894995914e-36
5.338474453e-38
4.943108133e-39
3.477118538e-38
9.222878711e-38
3.90942606e-36
3.111371526e-36
1.339312497e-35
3.604392758e-35
5.427169116e-35
3.218564601e-35
6.324062654e-37
1.059352681e-37
1.137678795e-37
0
4.795072517e-39
6.056937196e-36
2.145133796e-35
1.729629613e-35
3.459461652e-35
4.775539798e-35
1.559224695e-34
3.229782745e-35
2.603822617e-37
6.381198415e-39
3.569768792e-40
2.771319719e-39
0
5.534192318e-37
3.911936764e-35
2.334319104e-35
3.822406478e-34
1.186620523e-33
5.524779188e-33
6.083553794e-34
5.345037777e-36
2.584682113e-38
1.212155062e-39
6.196328276e-41
2.606391346e-40
3.677357457e-38
7.923069313e-35
6.674347712e-34
7.290070739e-33
3.305942384e-33
1.073892423e-31
1.973066173e-32
1.475436084e-34
5.314410393e-37
1.097686989e-37
3.419335252e-40
0
4.701065117e-43
3.320640864e-34
3.141719207e-33
3.920558406e-33
4.913822646e-33
1.073045544e-32
1.267999196e-31
7.046962831e-34
2.510471067e-36
7.969223647e-39
2.63800668e-40
2.763627646e-40
0
7.722555319e-35
1.072166269e-34
3.726933953e-33
1.41989695e-32
9.333492156e-33
1.754592952e-31
1.061655176e-33
2.623559724e-36
9.801561884e-40
1.567888536e-37
1.466800815e-37
1.842988328e-39
4.592976728e-36
9.8116203e-37
3.060988921e-35
2.184903546e-33
9.407358124e-35
1.567257307e-33
8.621033317e-35
4.295037938e-36
1.028848328e-37
6.31163734e-38
1.86282568e-37
5.10637257e-38
1.037249308e-34
1.146271269e-35
2.859130854e-36
2.403769669e-34
5.311971706e-36
1.189769681e-35
1.183100877e-36
9.961195073e-38
9.344700237e-38
6.594017824e-38
3.841378386e-37
8.379375287e-37
2.46047551e-33
2.718183562e-34
1.735540675e-35
6.053958916e-36
4.358679773e-36
1.499610349e-34
8.689374266e-36
8.59923412e-37
5.181651831e-36
7.528471668e-37
5.942387256e-36
1.093568972e-35
4.778840762e-32
3.955997077e-33
1.827976266e-34
1.630952192e-35
2.801442214e-36
2.770676552e-35
8.561861767e-35
1.458772642e-35
1.428462548e-34
7.479367623e-36
4.623178996e-35
1.018631014e-34
6.96826916e-34
5.832101141e-35
2.769845831e-36
4.707362001e-37
2.539011387e-35
5.6078284e-34
1.567751747e-33
1.688944425e-34
1.950016539e-33
3.704756403e-35
1.282406882e-34
2.288488725e-34
1.918662628e-35
1.336446513e-36
9.577577722e-38
6.621226123e-36
4.289506319e-34
7.752777535e-33
4.760867392e-32
7.907722217e-34
1.762175575e-35
1.30870863e-36
1.057834475e-35
3.250984153e-35
1.68357228e-33
1.184487064e-33
5.808248553e-33
2.527130789e-32
1.709441556e-32
1.289524692e-32
6.649939854e-35
2.125851321e-34
2.524284106e-34
0
7.329506298e-37
0
8.650132623e-33
6.273551429e-33
1.342097299e-32
1.654817958e-32
5.707446227e-32
1.146397837e-32
5.433074705e-35
0
2.235293372e-37
0
0
5.356494655e-34
1.326950371e-32
8.177701461e-33
1.47905465e-31
3.902360143e-31
2.365046981e-30
2.21591723e-31
1.349730074e-33
3.315954652e-36
3.566686295e-37
2.840793841e-38
0
0
3.65956884e-32
2.978676549e-31
3.229594426e-30
1.167880004e-30
4.82769349e-29
8.253371866e-30
3.890198578e-32
1.52807299e-34
1.630278123e-34
1.414914646e-37
0
0
1.520879681e-31
1.316888457e-30
2.346884646e-30
3.021195556e-30
3.465807455e-30
5.809074664e-29
1.661389847e-31
0
6.28063811e-37
6.376076661e-37
3.304005533e-37
0
3.769109877e-32
4.224773539e-32
1.764648579e-30
6.470926516e-30
2.836878667e-30
6.844799422e-29
2.337243984e-31
0
0
2.209441482e-34
1.565700934e-34
0
1.352343568e-33
2.28700651e-34
1.002320649e-32
9.722136652e-31
1.816609374e-32
3.867880391e-31
1.947815509e-32
1.349896824e-33
2.698079153e-35
1.830992858e-35
7.977734155e-35
1.714118981e-35
3.398899268e-32
2.644007706e-33
1.408094054e-33
9.729185973e-32
9.888806209e-34
3.388500018e-33
2.008975844e-34
2.759680079e-35
6.020487237e-35
2.747518439e-35
1.498248315e-34
2.532304033e-34
8.786557115e-31
8.2321392e-32
3.157132533e-33
2.473700511e-33
1.289467416e-33
6.601947573e-32
2.515404088e-33
2.847123495e-34
2.778876171e-33
2.257143765e-34
1.940695004e-33
2.531874401e-33
1.856997109e-29
1.266000421e-30
4.551390889e-32
1.016978769e-32
8.147513009e-34
4.356395722e-33
1.938658621e-32
4.919927004e-33
6.72053655e-32
1.884906298e-33
1.4039026e-32
2.468426883e-32
2.08981912e-31
1.54372546e-32
5.676730707e-34
2.223787478e-34
4.123039463e-33
6.815426646e-32
5.7236875e-31
6.248077852e-32
1.023267538e-30
1.104108506e-32
3.848626039e-32
8.166887588e-32
4.526000626e-33
2.733181193e-34
1.398748797e-35
8.193593368e-34
5.052252206e-32
1.04304811e-30
2.39157697e-29
3.350338047e-31
5.571989418e-33
3.006073316e-34
2.918605551e-33
9.868210112e-33
6.817125364e-31
4.021172496e-31
2.371966249e-30
1.736532924e-29
4.311115873e-30
4.872766002e-30
4.820596911e-32
6.438069333e-31
7.673711903e-31
0
0
0
3.343631446e-30
2.05110726e-30
4.675758396e-30
4.396704438e-30
1.875088811e-29
3.652069153e-30
6.071856908e-33
0
4.647521149e-34
0
0
1.627726921e-30
4.396584644e-30
2.339604483e-30
5.107871281e-29
9.004641382e-29
9.152965821e-28
7.278531828e-29
2.286971847e-31
9.984749664e-34
5.619137457e-34
5.370652842e-35
0
0
1.550504008e-29
1.164606149e-28
1.25119415e-27
2.912407454e-28
1.957429454e-26
3.272206593e-27
5.378927194e-30
4.17555279e-31
4.875110623e-31
2.587631518e-34
0
0
6.480290009e-29
4.813566703e-28
1.199445913e-27
1.683065271e-27
7.694930232e-28
2.694620982e-26
3.849126475e-29
0
1.576820419e-33
1.675677171e-33
8.401538885e-34
0
1.738352303e-29
1.407323921e-29
7.504369615e-28
2.612390835e-27
4.465690362e-28
2.271789766e-26
0
0
0
6.623638275e-31
4.625024445e-31
0
1.92079668e-31
2.239140741e-32
1.114211898e-29
3.323391789e-28
0
6.613042051e-29
2.120821095e-30
4.034470741e-31
6.095743561e-33
0
3.169196228e-32
2.82128851e-33
5.706643031e-30
0
3.927650462e-30
3.55758928e-29
0
2.744773903e-30
5.178830023e-32
4.282577646e-33
2.146655634e-32
7.824940279e-33
2.889253601e-32
4.485555144e-32
1.681665742e-28
1.050705836e-29
0
9.21809532e-31
2.087210421e-31
2.55760717e-29
6.1320523e-31
4.980207897e-32
7.715394093e-31
3.200548097e-32
4.470634865e-31
4.158312042e-31
4.447463672e-27
1.949751268e-28
7.007061481e-30
8.886178069e-30
2.479213349e-31
2.114371007e-31
3.311386161e-30
1.107784152e-30
2.101025713e-29
2.971958877e-31
3.594837765e-30
4.532406488e-30
3.547800316e-29
1.845988293e-30
2.126143383e-32
6.37360706e-31
4.418480418e-31
0
1.613298481e-28
1.847314675e-29
4.787402134e-28
2.761318523e-30
9.696530332e-30
2.597626283e-29
5.053931471e-31
1.33150131e-32
1.599049753e-33
1.992030693e-32
9.219858342e-30
4.847357041e-30
8.144137237e-27
1.046573766e-28
1.332087462e-30
6.390176785e-32
7.287001695e-31
2.39217026e-30
2.64806949e-28
1.205788039e-28
9.230346751e-28
1.116514657e-26
8.307710944e-28
1.70005024e-27
1.376442512e-28
1.952450411e-27
2.322225895e-27
0
9.294872536e-29
0
1.235288901e-27
6.36601949e-28
1.524546894e-27
7.699019385e-28
5.511968746e-27
9.909594056e-28
0
0
9.057718904e-31
0
0
4.957292242e-27
1.468794747e-27
5.872397441e-28
1.646096778e-26
1.15315744e-26
3.151579736e-25
2.267554772e-26
9.641045381e-30
2.202241595e-30
1.047886334e-30
2.000060325e-31
0
0
6.057152423e-27
4.067230529e-26
4.453263534e-25
6.974725663e-26
7.573297286e-24
1.248273673e-24
0
1.257757061e-27
1.445382494e-27
3.055134543e-31
0
0
2.503609726e-26
1.536769932e-25
5.295302833e-25
8.443290861e-25
1.345813304e-25
1.29288809e-23
8.896417747e-26
0
4.474403577e-30
4.225576606e-30
2.181905526e-30
0
7.452932874e-27
3.317142445e-27
2.961149638e-25
9.980394189e-25
4.783027604e-26
6.611980228e-24
0
0
0
1.946902083e-27
1.354946339e-27
0
4.978225351e-29
5.837139303e-29
3.206697369e-26
0
0
0
2.320810182e-27
2.20812763e-28
1.179474371e-30
0
1.704084959e-29
0
0
0
1.185780815e-26
1.260341136e-26
0
7.879396724e-27
1.432111093e-28
1.802407772e-30
3.127637373e-30
1.908912085e-30
8.207345499e-31
4.040730432e-30
2.874802585e-28
0
0
3.020551474e-28
3.47768296e-29
9.835935132e-27
1.492420643e-28
4.092300119e-30
9.016679551e-29
0
8.904516778e-29
4.392241482e-29
1.364356925e-25
4.569933116e-28
1.789757476e-26
9.281872246e-27
9.257441262e-29
0
2.423863039e-28
1.296947658e-28
3.974257841e-27
0
7.753825833e-28
1.242969794e-27
9.858159467e-28
0
2.611553202e-29
1.88869647e-27
2.508690291e-28
0
1.891184918e-26
3.999696295e-27
2.399604826e-25
4.754722538e-28
2.035066037e-27
6.701881406e-27
1.009102679e-29
1.496608933e-29
4.464932731e-30
4.850618e-29
2.756453384e-26
0
1.309893939e-24
1.626482778e-26
2.451861772e-28
1.181253175e-29
1.690868201e-28
7.223483124e-28
9.606481436e-26
3.52624746e-26
3.519628866e-25
6.413804919e-24
4.349453873e-25
6.27843224e-25
4.035677422e-25
5.859266578e-24
6.966297621e-24
0
1.269455406e-24
0
3.56958857e-25
2.317087174e-25
4.634916416e-25
0
7.861451793e-25
1.548444247e-25
0
0
1.385891088e-27
0
0
1.513863708e-23
4.987406492e-25
1.955578408e-25
3.253157762e-24
0
6.885697226e-23
4.038394305e-24
1.70331651e-26
4.493298497e-27
1.600212734e-27
2.093891363e-28
0
0
2.497417805e-24
1.465808033e-23
1.564475679e-22
1.000716614e-23
2.917355938e-21
4.45413543e-22
0
3.829731883e-24
4.313260935e-24
0
0
6.811273412e-28
9.24812443e-24
3.981749102e-23
1.795489017e-22
3.266312907e-22
9.318554018e-23
5.955117709e-21
2.294257765e-22
0
3.03877712e-26
1.003240499e-26
5.589741949e-27
0
2.948420464e-24
0
1.12132651e-22
3.383512498e-22
7.44978003e-24
1.725364537e-21
0
0
0
5.796058969e-24
4.044603676e-24
0
1.426108494e-25
2.594018276e-25
9.70638897e-23
1.799611384e-21
0
0
7.065538631e-24
6.528417032e-25
6.01156109e-28
0
2.89093784e-26
5.406595575e-28
0
0
3.644243869e-23
4.87639154e-24
0
2.384297586e-23
3.609048714e-25
3.898344476e-27
2.038430059e-27
4.838053974e-28
6.575762684e-28
6.359100005e-29
0
0
0
1.134285315e-25
8.040545791e-27
1.022178569e-23
4.268425056e-26
4.568645441e-28
3.465795694e-27
0
6.538080911e-26
1.493514997e-26
1.529517823e-23
0
5.438108651e-23
1.618860013e-23
6.117116187e-26
0
0
1.493431481e-27
1.106768145e-24
3.60201532e-26
1.355850263e-25
3.005776333e-24
1.077503437e-24
0
5.671925122e-26
5.637632117e-24
2.296121431e-25
0
0
2.283245651e-24
3.462348373e-22
1.334483367e-25
3.233880806e-25
0
1.263545468e-26
1.917458867e-26
1.305034822e-26
1.135971445e-25
8.306230194e-23
0
0
0
3.874648066e-25
0
3.894390264e-26
1.308435957e-24
2.945279646e-23
2.745609724e-23
1.241006803e-22
3.086716881e-21
1.276221834e-21
6.039441847e-22
2.340797776e-24
6.531475208e-25
0
0
4.775270952e-21
9.183793599e-19
0
2.527197261e-22
1.923801233e-22
0
4.937337742e-22
0
0
3.326616141e-25
0
6.173896695e-22
0
1.459709911e-20
1.731791744e-22
4.367158078e-22
0
0
0
2.7361613e-21
4.424829802e-23
7.221385739e-24
9.003296208e-26
7.757985974e-25
1.257123951e-23
0
2.97248792e-21
1.47113954e-20
5.597668932e-20
0
1.062998102e-18
1.161774527e-19
0
0
7.561839611e-24
0
0
2.948156929e-24
6.098826038e-21
0
0
0
2.612812117e-19
2.34031511e-18
5.897979829e-19
2.598821083e-20
1.156679206e-22
1.094918903e-24
0
0
1.029336325e-21
1.058046426e-20
3.74045588e-20
0
1.658260552e-20
3.458117918e-19
0
0
0
5.01205374e-23
5.644036141e-25
0
4.206049893e-22
5.666596315e-22
2.291853979e-21
7.188764496e-19
0
0
2.000706759e-20
1.804629766e-21
2.926043409e-24
2.384575471e-22
8.104299578e-23
2.613808935e-25
0
8.304922788e-23
1.860945241e-22
1.03803677e-21
2.27052099e-22
6.958036845e-20
7.17712152e-22
1.44066111e-23
5.851093391e-24
1.086376813e-25
0
7.17564455e-27
0
1.891324641e-22
0
0
1.546048859e-23
1.822090377e-22
0
8.799034853e-25
1.275716086e-24
0
1.02760529e-22
4.386362918e-25
2.615732118e-20
0
5.652910885e-24
4.11752704e-24
6.897439005e-23
7.704540511e-23
0
0
7.619491338e-22
8.04328926e-24
1.544728759e-23
6.934306514e-23
3.191301339e-21
0
9.322131052e-23
7.768823243e-24
0
0
0
3.940753241e-22
5.587901729e-22
0
3.343778273e-23
1.233136008e-25
2.802148333e-23
1.856252478e-23
3.853334519e-23
2.3286555e-22
0
1.511810835e-19
0
0
7.201695181e-22
6.255175027e-23
1.131253053e-23
0
6.558013454e-21
6.16397141e-20
0
9.970000512e-19
3.405326152e-19
3.454413348e-20
1.666792551e-21
0
0
1.126854109e-18
2.638133333e-18
1.541223662e-16
6.054934634e-20
5.155195739e-19
0
0
1.051725549e-18
0
0
0
8.245193645e-21
1.327437874e-19
0
0
1.009316804e-19
8.141974656e-19
0
0
4.436921719e-17
1.541071614e-18
2.981306185e-20
2.721402604e-21
1.54499732e-22
9.225033679e-22
3.943250618e-21
0
5.23261243e-18
3.564874717e-17
3.250638597e-17
0
3.101780098e-16
1.443824972e-17
1.445551024e-17
8.976442657e-19
0
5.261599201e-22
0
6.308252608e-21
1.428682781e-17
1.216926222e-16
6.71842294e-16
1.234369961e-15
6.22457839e-16
6.120616951e-16
1.288127931e-16
3.775950897e-19
7.552972852e-20
1.975067575e-21
1.071076851e-21
1.164102141e-20
0
0
0
9.267098541e-16
4.184109899e-17
6.151023367e-17
2.346099324e-16
2.809842198e-17
0
1.561977412e-20
0
0
1.425267382e-19
5.448660886e-19
4.999646369e-18
2.229684416e-16
0
0
4.059382666e-17
5.672919355e-19
1.710529444e-20
3.723960052e-22
4.266754111e-23
7.096885274e-23
0
6.160636967e-20
4.426201355e-19
1.951558674e-18
4.855078698e-19
2.60107252e-17
6.937035771e-19
0
4.131923274e-21
2.210904668e-23
9.619079052e-24
0
6.90489129e-18
5.771827991e-20
6.777296366e-20
0
3.579848356e-20
0
0
2.215821147e-21
1.941747259e-22
9.648511681e-23
1.521353358e-22
3.280186092e-22
4.111244739e-18
0
0
0
2.333851301e-21
1.252939347e-20
0
1.175118193e-20
7.709459668e-22
1.361314264e-21
7.961882505e-22
3.341995295e-21
7.736343028e-18
0
2.602039213e-20
1.758084248e-20
0
1.104370941e-20
0
0
2.59787102e-20
1.661823255e-20
2.343661812e-21
5.59703004e-22
4.961805833e-20
4.764566173e-20
8.401608369e-21
9.431779649e-20
1.864241344e-20
3.974112297e-18
1.090896502e-16
6.853579698e-18
1.204021878e-19
1.64770249e-20
5.706579705e-21
7.207329765e-22
6.446577981e-19
6.400265764e-18
4.526280464e-17
1.619410542e-16
4.256099389e-17
4.137440301e-18
1.690848515e-19
4.46519967e-19
7.866840731e-18
1.738637425e-16
3.340585885e-16
2.763250992e-16
7.212064113e-18
7.593399948e-17
5.192626788e-16
1.923463374e-15
7.227047734e-16
1.065066755e-16
5.087392452e-18
2.416484902e-19
1.023703756e-18
1.70534551e-17
1.272699967e-16
6.015053099e-16
7.090023614e-17
5.977685166e-16
4.097029182e-15
1.266272775e-14
5.929842665e-15
1.246462665e-15
1.244558013e-17
1.969704476e-18
1.349099997e-19
7.132088084e-19
5.861622348e-18
1.590135102e-17
4.808993223e-16
4.930886919e-15
3.420133394e-14
2.295639554e-14
5.792518755e-14
1.112991287e-14
1.726983652e-15
6.73319181e-17
8.474398291e-19
7.545631285e-20
6.193734221e-19
4.682895795e-18
1.345429536e-15
1.643056067e-14
1.261858225e-13
2.48675664e-13
8.134903592e-13
9.443800785e-14
1.171772769e-14
6.984710046e-17
9.989249522e-18
2.316358752e-19
1.115313012e-19
1.769878047e-18
3.603807248e-16
6.348927275e-15
3.94816982e-14
1.839352145e-13
5.265194542e-14
7.753276887e-14
1.9860419e-14
2.009821652e-15
1.681418637e-16
2.983283777e-18
4.84114745e-20
3.863613513e-19
2.769973805e-17
5.608480597e-16
5.775226202e-15
3.698379902e-14
6.761798858e-15
1.684505169e-14
3.755266103e-15
3.645258854e-16
2.3004335e-17
3.829479186e-19
5.470497057e-21
1.470403063e-20
5.173807632e-17
5.313418144e-17
4.711027836e-16
2.168334334e-15
5.83837456e-16
2.48754237e-15
5.670584101e-16
4.518709217e-17
1.084526565e-18
1.93195033e-20
4.671768198e-22
1.320247205e-21
1.221074136e-15
5.727344416e-17
1.397093981e-17
5.677983168e-17
3.802383071e-17
2.100883281e-16
3.714486778e-17
2.35690765e-18
1.170847015e-19
6.806080979e-21
2.508050496e-21
1.362515013e-20
3.068706774e-15
4.64830046e-16
1.123633595e-17
1.477872734e-18
2.761986931e-18
1.566507151e-17
1.828359256e-17
3.351427612e-18
1.861128255e-18
1.333232514e-19
4.280261493e-20
2.02876363e-19
9.175762692e-15
2.406368421e-16
4.548721034e-18
2.181241963e-18
2.265438172e-17
1.589939139e-16
1.698536896e-15
3.583562529e-16
2.839010013e-17
2.140872552e-18
1.956034436e-19
4.968983943e-19
3.822206575e-17
8.789685863e-18
1.105932027e-18
1.733051643e-17
5.08473265e-17
2.491983684e-15
4.844292835e-14
5.809177507e-15
3.846109848e-16
2.935786412e-17
1.814964658e-18
1.617031068e-19
1.023571433e-17
1.036333898e-16
9.489283384e-16
5.746348389e-15
1.038350911e-15
1.025054404e-16
6.725747473e-18
2.05118828e-17
3.884173764e-16
1.08439007e-14
2.540567288e-13
3.267836857e-12
1.198709329e-16
1.398884053e-15
1.494874197e-14
9.727212887e-14
2.285503343e-14
2.561823555e-15
1.341317019e-16
6.602194486e-18
3.351840876e-17
8.675216168e-16
9.757948991e-15
6.616489447e-14
1.600031319e-15
1.696961534e-14
1.831386657e-13
1.237532353e-12
2.457782083e-13
3.124005974e-14
1.823409986e-15
9.623843134e-17
3.96419509e-18
2.872186752e-17
3.485268454e-16
1.075981717e-15
1.289614538e-14
2.280310147e-13
2.776390837e-12
2.524386564e-11
3.172352483e-12
3.160055788e-13
1.923489508e-14
7.312117634e-16
2.890709718e-17
2.451020656e-18
1.976231859e-17
1.634902804e-16
3.973306982e-14
7.753391916e-13
1.283079301e-11
3.000512672e-10
8.636314266e-11
3.980910384e-12
1.862107408e-13
6.64942395e-15
3.355483497e-16
1.055932293e-17
4.622059412e-18
7.616611448e-17
1.23749358e-14
3.414044224e-13
3.581588592e-12
1.940686569e-11
3.850234728e-12
1.078450165e-12
2.041894864e-13
1.714664415e-14
1.353377684e-15
3.916166463e-17
1.637593995e-18
1.142713034e-17
7.497585041e-16
2.464651634e-14
4.104394875e-13
2.792741097e-12
3.458276886e-13
3.474861744e-13
5.797674575e-14
5.094017471e-15
3.261945865e-16
8.723930736e-18
2.598788842e-19
6.286585831e-19
2.575067752e-15
2.028687108e-15
2.885317074e-14
1.25931548e-13
2.170993326e-14
4.935886675e-14
9.338305584e-15
8.585801233e-16
3.907408121e-17
9.588505733e-19
2.639720057e-20
7.16525323e-20
1.011610068e-13
3.274733842e-15
7.74240257e-16
2.723305626e-15
1.339687188e-15
4.118625233e-15
8.592782846e-16
8.038634304e-17
3.108196629e-18
1.068717727e-19
7.443150087e-20
9.703710014e-19
2.339232718e-12
3.906755672e-14
6.668115784e-16
7.013906941e-17
8.750662498e-17
3.300927839e-16
2.999455649e-15
5.128965709e-16
3.763449041e-17
2.766687415e-18
1.677960714e-18
1.642728757e-17
8.522756897e-13
1.463543465e-14
2.533553323e-16
1.007934863e-16
1.489636545e-15
6.251654893e-15
5.759246442e-14
9.622536632e-15
7.574439303e-16
4.319126363e-17
4.974230037e-18
2.665316901e-17
2.535341566e-14
6.736898862e-16
6.464303758e-17
1.204773667e-15
2.629124901e-14
2.231691552e-13
1.355501949e-12
1.575084978e-13
7.766420507e-15
4.051284731e-16
2.197270207e-17
6.494018818e-18
3.596759224e-17
4.090078258e-16
4.457259417e-15
2.639756685e-14
5.816140878e-15
9.38003063e-16
1.035582122e-16
2.20506787e-16
6.134906333e-15
1.599696276e-13
1.84729976e-12
3.710856273e-11
5.423572342e-16
7.967409797e-15
1.179120779e-13
6.229517144e-13
1.379978363e-13
1.954866528e-14
1.595302181e-15
8.364954639e-17
3.612368574e-16
1.013234707e-14
1.285398056e-13
5.875805097e-13
9.944771089e-15
1.754392442e-13
2.734228455e-12
1.228034108e-11
2.152283722e-12
2.343717603e-13
1.316400929e-14
8.885637712e-16
5.164399218e-17
3.551085439e-16
6.406801393e-15
2.018421689e-14
9.43321536e-14
3.346394383e-12
7.071484814e-11
1.409398923e-09
3.811284545e-11
3.199296428e-12
1.089272419e-13
4.71512195e-15
1.633297942e-16
5.055150987e-17
2.608870382e-16
3.216536326e-15
1.80412053e-13
7.078098483e-12
1.811110277e-10
2.318101884e-08
5.754264088e-09
9.913766181e-11
2.004483516e-12
5.471351391e-14
1.735290265e-15
2.786844451e-16
6.053085128e-17
6.654903263e-16
1.648990227e-13
7.809423872e-12
1.766876145e-10
8.587695942e-10
1.570035555e-10
7.283218553e-12
2.04842245e-12
1.49709747e-13
8.155930371e-15
3.057549884e-16
2.449430697e-17
5.302680495e-17
1.23023165e-14
4.349595366e-13
1.109443975e-11
9.961889261e-11
7.581753738e-12
4.840597144e-12
6.352156864e-13
5.041477462e-14
2.771368837e-15
9.199132303e-17
4.185824725e-18
5.249335276e-18
1.660514918e-14
2.653507986e-14
5.13980714e-13
2.925279672e-12
3.159678451e-13
4.856097399e-13
5.585420085e-14
4.706873609e-15
4.189289661e-16
1.447140382e-17
6.039688549e-19
2.773179204e-18
4.790673139e-13
2.493910539e-14
1.294306649e-14
5.741685985e-14
1.161845669e-14
2.551995833e-14
4.036271726e-15
3.67066044e-16
2.254318443e-17
1.513709538e-18
3.59190212e-18
6.072112356e-17
6.432628769e-12
1.95388251e-13
4.567710021e-15
1.243743281e-15
6.167310938e-16
1.822518498e-15
5.330362504e-15
1.254945507e-15
1.347554082e-16
1.944832451e-17
5.65591167e-17
1.191640834e-15
2.239167919e-12
7.902096663e-14
1.904320164e-15
8.516045345e-16
8.801259295e-15
3.078936923e-14
1.491891195e-13
3.970461053e-14
4.383181849e-15
3.287094408e-16
9.630575172e-17
1.053721948e-15
1.099758357e-13
6.151438027e-15
7.756164291e-16
9.313493915e-15
1.485155431e-13
9.31991904e-13
4.627392823e-12
7.434197119e-13
5.470586568e-14
2.908109015e-15
1.618803001e-16
1.934098217e-16
8.236265262e-17
8.963460287e-16
8.115619376e-15
4.225421246e-14
1.441247019e-14
2.600563913e-15
4.357973942e-16
1.472408675e-15
2.762094574e-14
4.613596868e-13
3.798266405e-12
1.829491327e-11
1.202690912e-15
1.540690958e-14
1.525704982e-13
9.148055677e-13
3.425975948e-13
5.055606564e-14
5.055966381e-15
4.054928897e-16
1.812837161e-15
3.407188421e-14
3.092875561e-13
9.733204521e-13
1.584960982e-14
2.132468565e-13
1.257675217e-12
1.585072985e-11
6.711607912e-12
5.96579953e-13
4.076438637e-14
2.998232156e-15
3.989499001e-16
1.563671675e-15
2.243684745e-14
9.526880554e-14
1.157278931e-13
1.435180663e-12
1.384990099e-10
1.414697445e-09
1.60231333e-10
6.734652944e-12
3.312967853e-13
1.829327563e-14
1.861441804e-15
5.608546241e-16
1.361914485e-15
2.769302031e-14
2.772201869e-13
7.27639335e-12
1.018547595e-09
1.655100513e-08
5.007982111e-09
4.871807336e-11
3.82976594e-12
1.985475683e-13
2.482296822e-14
5.308040756e-15
5.197026195e-16
3.840198911e-15
6.606596263e-13
2.663532413e-11
1.157808584e-10
3.046363698e-09
7.675633854e-10
1.984274106e-09
3.69849479e-11
1.139069259e-12
5.186199272e-14
2.17239286e-15
1.487024005e-16
3.636904799e-16
5.344890219e-14
1.402377423e-12
1.903825054e-11
1.779079821e-10
6.209561776e-12
7.913518931e-11
4.505616801e-12
2.796005834e-13
1.617063642e-14
5.721557496e-16
2.271405565e-17
5.41487513e-17
4.30054095e-14
8.416072399e-14
1.108984478e-12
6.111924111e-12
8.814875097e-13
2.991918901e-12
2.977754941e-13
2.243367981e-14
1.946345931e-15
8.040683977e-17
7.946755133e-18
9.057356305e-17
7.072822904e-13
6.070607547e-14
4.02599114e-14
1.712662016e-13
4.711275228e-14
1.229542448e-13
1.522422655e-14
1.368133491e-15
1.162817879e-16
1.373470339e-17
1.65857777e-16
3.158743951e-15
3.056847847e-12
2.899326637e-13
1.130294007e-14
4.936170812e-15
2.799616143e-15
7.693379869e-15
1.113182198e-14
2.999030499e-15
4.676655756e-16
1.394558323e-16
2.674990206e-15
7.164977318e-14
2.098131104e-12
1.613613222e-13
5.874214251e-15
2.730566923e-15
1.584438345e-14
8.00062525e-14
3.074473037e-13
9.052356463e-14
1.315190735e-14
1.394653156e-15
2.594487069e-15
1.584111974e-14
2.487727328e-13
2.034491045e-14
3.186643658e-15
2.158599915e-14
6.467808658e-14
1.189026262e-12
8.110310618e-12
1.544650826e-12
1.463925808e-13
1.073829696e-14
1.161756717e-15
5.665442675e-15
1.575526837e-16
1.536054395e-15
1.177543963e-14
4.542725996e-14
2.656272038e-14
4.851424766e-15
9.512754448e-16
4.500120013e-15
5.745006001e-14
6.118563575e-13
2.680944769e-12
1.934757207e-11
1.943398653e-15
2.013278951e-14
1.724322933e-13
3.79322404e-13
5.101212413e-13
8.033155146e-14
9.197142901e-15
1.089891966e-15
5.631264249e-15
6.902352356e-14
4.777410438e-13
1.610679879e-12
1.670691039e-14
1.088958838e-13
1.433387233e-12
1.541576144e-11
7.994066157e-12
8.112423039e-13
7.496846098e-14
6.443921954e-15
3.816765311e-15
4.683122857e-15
4.685706758e-14
2.330739338e-13
2.793962321e-14
9.240677819e-13
1.1003816e-10
1.320794711e-09
8.43354524e-11
3.519097009e-12
5.815625133e-13
5.465325751e-14
5.662725234e-14
1.192352897e-14
4.415316064e-15
6.228119845e-14
3.239548777e-13
1.163216947e-11
1.108473401e-09
8.904665862e-09
2.890410738e-09
4.369159795e-11
7.089336463e-12
6.292163847e-13
7.98654147e-13
2.496133659e-13
8.576394303e-15
1.150076787e-14
7.596083156e-13
8.199182119e-12
1.398320522e-10
2.251496959e-09
8.11269232e-10
1.841816008e-09
7.792003458e-11
3.559807843e-12
2.625400836e-13
1.665998253e-14
7.230349076e-16
1.618906533e-15
7.51077178e-14
3.896320543e-13
1.456644016e-11
2.019784606e-10
8.808302422e-12
4.851184081e-11
1.645794286e-12
5.4627595e-13
4.809422427e-14
2.025907456e-15
8.786605099e-17
3.206946856e-16
6.099179156e-14
1.011499153e-13
5.617507771e-13
2.743225265e-12
5.841083339e-13
8.313195928e-13
4.499398504e-13
5.139286919e-14
4.852441523e-15
2.350255894e-16
1.504228321e-16
2.410330202e-15
3.646553077e-13
8.559008851e-14
5.244899437e-14
4.969248179e-14
7.360942505e-14
1.78509736e-13
3.118411158e-14
3.156647048e-15
3.216256992e-16
1.943511646e-16
5.564863179e-15
1.065540908e-13
2.730870567e-12
2.991580524e-13
1.683712389e-14
7.563874013e-15
6.933375947e-15
1.648796165e-14
2.262815938e-14
6.822803098e-15
1.464669554e-15
2.432495216e-15
9.363435148e-14
2.580078135e-12
8.204564566e-13
1.852298591e-13
1.053794673e-14
1.313592699e-15
3.350114677e-14
8.570365398e-14
7.100676369e-13
1.58921613e-13
2.558323601e-14
7.287691599e-15
9.756606681e-14
1.820968066e-12
3.847126674e-13
3.811662762e-14
7.580561311e-15
4.362258262e-14
3.149210321e-13
3.623964865e-12
1.731222718e-11
2.472776604e-12
2.164886088e-13
2.214658518e-14
1.250178205e-14
1.335279576e-13
2.480703484e-16
2.113815596e-15
1.137774152e-14
1.046439616e-14
3.706950745e-14
7.087634368e-15
1.528354662e-15
5.572854212e-15
2.540545756e-14
1.440593872e-13
1.14486577e-12
1.203196494e-11
2.319015743e-15
2.029155025e-14
4.377960607e-14
2.703221931e-13
5.380115996e-13
9.223630506e-14
1.224965705e-14
2.001079882e-15
9.374253397e-15
7.340636185e-14
1.269819823e-13
2.09328752e-12
3.619201643e-15
4.670698236e-14
1.604731132e-12
2.049122025e-11
2.235471092e-12
3.296904296e-13
9.137716245e-14
1.236927884e-14
3.447950979e-14
3.921054984e-15
6.558398891e-14
4.328908322e-13
2.327943202e-14
3.46416033e-12
1.034398112e-10
1.075837274e-09
6.683536091e-11
1.305416171e-12
6.552368926e-13
1.816460685e-13
1.000619983e-12
3.12320234e-13
1.625092685e-14
9.05760543e-14
3.806280034e-13
1.682933929e-11
9.820319641e-10
4.184091613e-09
2.047826873e-09
4.765679384e-11
1.875449357e-12
2.191566575e-12
4.096615278e-12
1.634154432e-11
2.302680382e-13
2.671739457e-14
7.77488184e-13
4.770168485e-12
1.577061817e-10
1.537190182e-09
8.471038629e-10
1.530523503e-09
3.031344256e-11
9.33833538e-13
1.450847827e-12
3.13641784e-13
9.064906744e-15
5.259202749e-15
3.574237612e-14
1.592169385e-13
1.24758802e-11
2.14066059e-10
1.859941319e-11
4.220592139e-11
7.221897677e-13
5.849854918e-13
1.179701995e-13
8.30850858e-15
3.686728439e-16
9.846595559e-16
1.643454754e-14
1.177970194e-13
8.421937484e-13
2.302013213e-12
2.182373216e-13
4.197022971e-13
5.391016069e-13
7.387498102e-14
8.456324493e-15
5.201290812e-16
5.672771774e-16
4.513315665e-15
5.320722702e-13
1.022183732e-13
6.824395452e-14
2.380802956e-14
6.579335215e-14
1.916421783e-13
9.472368844e-15
4.560049768e-15
5.987916282e-16
7.430016027e-16
1.318142736e-14
5.566316893e-14
2.351321389e-12
1.185752908e-13
1.837363509e-14
9.40190663e-15
1.119801084e-14
5.293335855e-15
3.29180462e-14
7.842025882e-15
2.543974112e-15
7.349453798e-15
1.974554579e-13
3.250510903e-12
4.685048028e-13
1.7720174e-13
3.385152097e-15
5.378634254e-15
6.878464429e-14
9.706493925e-14
4.016146232e-13
4.439466229e-14
2.556401549e-14
1.583442182e-14
1.519897526e-13
9.739546258e-13
1.164466149e-13
4.139215332e-14
1.166597014e-14
1.765857438e-14
7.769452611e-13
7.899837214e-12
2.821570913e-11
9.944349273e-13
6.436915624e-14
2.403565395e-14
2.799813541e-14
6.66828234e-14
3.275933513e-16
2.103838343e-15
2.560196396e-15
1.642438443e-14
3.822112677e-14
8.480794644e-15
1.977654427e-15
5.289332582e-15
5.872416818e-15
3.880501302e-14
4.54329857e-13
5.280030337e-12
2.303642459e-15
8.075031335e-15
3.241240444e-14
3.010888561e-13
1.353886223e-13
8.432643504e-14
1.291040708e-14
2.842595467e-15
1.102208076e-14
6.760301891e-14
3.523568464e-14
4.629279687e-13
4.791583839e-15
4.462725592e-14
4.422702224e-12
2.287028951e-11
1.027174719e-12
7.94705077e-14
5.826823974e-14
1.617818324e-14
3.49978665e-14
1.340716717e-14
6.761585349e-14
1.775868908e-13
1.929545834e-14
2.660495881e-12
1.111767387e-10
8.428637221e-10
6.836113213e-11
8.484437862e-13
2.591615304e-13
2.270144159e-13
2.020263161e-13
2.509396725e-13
2.508002548e-14
1.030776226e-13
4.513867476e-13
2.469334885e-11
9.867052559e-10
2.665253444e-09
1.454383772e-09
4.442610821e-11
7.640936105e-13
2.622748174e-12
8.37706175e-13
3.291911041e-12
1.874102521e-13
3.945507296e-14
3.322361183e-13
5.523853305e-12
1.783339512e-10
1.307793613e-09
6.639748891e-10
1.177766812e-09
2.197219261e-11
3.456555936e-13
1.760555881e-12
2.858695678e-13
1.307497579e-14
9.79958051e-15
1.688580575e-14
2.79167308e-13
1.34997759e-11
2.175848571e-10
2.17863549e-11
7.51687812e-11
6.356387502e-13
1.30748955e-13
1.386329639e-13
1.146446852e-14
7.091109955e-16
1.785728765e-15
7.203204843e-15
1.414338161e-13
1.113394237e-12
2.517877065e-12
1.639837334e-13
4.945757386e-13
4.706798982e-13
1.784069266e-14
9.880659289e-15
8.344845368e-16
1.190994321e-15
6.869622881e-15
3.243245301e-13
1.081338842e-13
8.792753203e-14
1.064901848e-13
1.607439892e-14
1.708027383e-13
4.956403432e-15
4.244913465e-15
8.553364245e-16
1.372150787e-15
1.558627901e-14
4.649205306e-14
2.131759969e-12
8.309959675e-14
6.83242328e-15
2.446750673e-15
5.461706189e-15
3.898911974e-15
4.600480088e-14
9.381190117e-15
3.043338919e-15
7.862387891e-15
7.554312025e-14
3.225389132e-12
3.207408062e-13
5.391040702e-14
1.22654058e-15
1.761834144e-15
7.927862071e-14
1.785695745e-13
4.437921336e-13
6.739794981e-14
2.041498102e-14
2.007753751e-14
1.645192267e-13
7.689282875e-13
6.057686223e-14
3.996838697e-14
1.508745364e-14
1.208458859e-14
9.916904383e-13
1.211725947e-11
3.540862941e-11
8.470312738e-13
2.419546873e-14
1.927127698e-14
2.01807871e-14
5.775250333e-14
3.572659707e-16
2.087603185e-15
7.775936488e-16
2.264974884e-14
4.098242919e-14
8.164753129e-15
1.452408461e-15
4.943753219e-15
1.469556795e-15
1.138082541e-14
1.678740566e-13
2.178312478e-12
5.393974686e-16
6.640804193e-15
2.384473475e-14
3.776279545e-13
1.970225086e-13
1.931748222e-14
3.005478606e-15
3.065585483e-15
9.450509632e-15
1.79616427e-14
1.186285573e-14
1.149491401e-13
5.643709923e-15
4.958603341e-14
3.050269062e-12
2.47120588e-11
9.879526988e-13
2.620242817e-14
3.553553254e-14
5.020617713e-15
3.127101071e-14
1.180736157e-13
1.526992986e-14
4.21647841e-14
2.759057578e-14
3.190895084e-12
1.079213765e-10
6.798284374e-10
6.812190348e-11
7.686066109e-13
9.353483798e-14
2.191966426e-13
1.591773832e-13
1.743415738e-13
2.544594647e-14
2.286305561e-14
5.254301319e-13
3.134810854e-11
8.053823419e-10
1.766523464e-09
1.084396411e-09
4.682337964e-11
5.343951358e-13
2.250987335e-12
1.906805119e-13
6.712448509e-13
4.299069885e-14
3.968220789e-14
2.957544478e-13
7.392947146e-12
1.916657416e-10
1.18467266e-09
5.270694283e-10
8.692088366e-10
1.916149563e-11
2.20027515e-13
1.4798528e-12
2.047570401e-13
1.218918924e-14
2.437561101e-15
9.428847123e-15
4.595502158e-13
1.648225866e-11
2.144863763e-10
2.430687074e-11
4.93278188e-11
4.779676008e-13
3.207090317e-14
3.772759366e-14
1.030704155e-14
9.838324222e-16
1.783647078e-15
6.020317314e-15
1.732684977e-13
1.497715201e-12
6.470683815e-12
1.981227199e-13
3.874836911e-13
3.248452386e-13
5.31849254e-15
7.870503219e-15
1.045985649e-15
1.382736044e-15
2.04378849e-15
2.996390708e-13
1.140650304e-13
1.129494461e-13
2.332673029e-13
5.682090612e-15
3.719698087e-14
2.65022476e-15
9.303264859e-16
9.554280027e-16
1.547125497e-15
4.217927704e-15
4.242051396e-14
3.719856882e-12
1.207496096e-13
3.759558232e-15
1.656803322e-15
2.203103283e-15
3.32413881e-15
1.369080481e-14
2.217546233e-15
2.770259175e-15
6.600384645e-15
4.724979721e-14
3.048964227e-12
1.088553996e-12
3.136197573e-14
2.9645036e-15
1.360937951e-15
1.11238697e-13
2.419343228e-13
5.292127043e-13
2.719299252e-14
1.448966652e-14
5.107783173e-15
4.359221315e-14
7.162134054e-13
5.271004569e-14
3.894912431e-14
1.797945622e-14
1.918796893e-14
1.430665586e-12
1.789751745e-11
4.090659864e-11
9.793324381e-13
5.188237217e-14
1.331910963e-14
8.295449366e-15
5.873933123e-14
5.274302551e-39
7.475133038e-41
3.975889081e-42
2.211779612e-40
3.132514468e-42
4.776929021e-40
5.314577104e-41
9.096563716e-41
2.007749387e-40
1.610943048e-40
1.331134946e-41
2.179208057e-45
2.404119493e-42
3.860596219e-42
5.232986183e-42
8.484191059e-43
4.579121111e-42
2.445375015e-40
1.331327862e-39
1.385507901e-39
2.4997839e-40
2.042941477e-40
1.880136635e-39
3.914472866e-41
1.564775111e-39
1.736473206e-40
2.300580486e-40
1.207155241e-39
5.66889483e-40
2.147051646e-40
8.644030973e-40
4.02106778e-39
1.668073366e-38
1.834686245e-38
2.771874241e-40
1.280084824e-38
2.440773348e-38
1.948115786e-39
4.60769761e-39
7.284937621e-40
2.152113613e-37
5.34061864e-37
2.721675981e-38
3.309317385e-39
3.26256973e-38
3.229494998e-36
1.591464134e-35
9.517840691e-37
3.979543266e-38
1.003614893e-38
2.37286804e-36
8.917863521e-37
9.507903057e-38
4.095978277e-39
9.091328501e-40
5.92018144e-37
5.429976158e-38
4.188396604e-39
3.836588877e-40
6.309642518e-40
1.270846374e-36
1.621476031e-37
9.41039242e-39
8.138091933e-38
0
1.611456176e-37
3.167814154e-38
2.707379499e-38
6.719622319e-38
5.307446641e-38
2.707200308e-39
0
0
0
2.99935476e-39
3.222095674e-40
1.717697015e-39
9.499379038e-38
5.517274606e-37
6.317089214e-37
9.782124885e-38
9.875943401e-38
9.102410022e-37
5.465353544e-39
7.692844948e-37
6.514383923e-38
8.50566503e-38
4.726839981e-37
3.630195678e-37
7.479991969e-38
3.433792011e-37
1.554023608e-36
7.764909261e-36
1.395950293e-35
1.077393049e-37
4.301266217e-36
6.657234608e-36
3.966463485e-37
1.523628013e-36
1.718746944e-37
6.774729636e-35
1.533025844e-34
5.278770326e-36
9.89976541e-37
1.355029393e-35
1.135859022e-33
6.195682835e-33
1.998808294e-34
8.09867239e-36
2.614160375e-36
1.024447728e-33
3.198999951e-34
2.267770328e-35
8.718118335e-37
2.656359187e-37
2.257294175e-34
1.718248827e-35
1.006461579e-36
8.808004499e-38
2.618295295e-37
0
4.827823557e-34
2.659043366e-35
0
0
0
7.512195979e-35
0
0
0
0
0
0
0
8.525035969e-36
7.720481699e-37
4.350768887e-36
0
0
5.432375888e-34
0
0
0
6.409751272e-36
6.829912806e-34
0
1.631214955e-35
1.204555285e-34
1.278097661e-34
8.434520034e-36
9.934561089e-35
4.993437398e-34
3.44705461e-33
9.667866563e-33
4.577482134e-35
1.081178923e-33
1.34439306e-33
3.209124454e-35
0
2.456590194e-35
1.620497278e-32
3.554766212e-32
8.460907579e-34
2.374470448e-34
5.034393846e-33
3.375661604e-31
2.227732014e-30
2.896797674e-32
1.148757618e-33
5.18557534e-34
3.993917435e-31
9.473443368e-32
3.669810315e-33
1.09337895e-34
5.940527352e-35
6.941148007e-32
4.298935825e-33
1.68729631e-34
1.526911885e-35
9.179265453e-35
0
1.46824574e-30
8.254474338e-32
0
0
0
2.246375562e-31
0
0
0
0
0
0
0
2.538129339e-32
2.386976231e-33
1.332003778e-32
0
0
1.603748631e-30
0
0
0
1.660674987e-32
2.007451099e-30
0
0
0
0
0
1.92227057e-32
1.502595707e-31
1.479551536e-30
5.798142197e-30
1.888129844e-32
2.311911169e-31
2.690629887e-31
0
0
0
3.522035623e-30
9.774633768e-30
9.556060732e-32
3.909491388e-32
1.649777609e-30
8.820412095e-29
7.261199686e-28
4.04758811e-30
8.750569583e-32
6.318378385e-32
1.473115299e-28
1.917096528e-29
3.033049807e-31
5.345223352e-33
1.007388764e-32
3.57101989e-29
7.511388969e-31
1.628913153e-32
1.715907644e-33
2.639042313e-32
0
4.467287165e-27
2.695173613e-28
0
0
0
6.708662992e-28
0
0
0
0
0
0
0
6.713807319e-29
9.342000209e-30
4.76853222e-29
0
0
4.70322248e-27
0
0
0
4.728216065e-29
6.117404045e-27
0
0
0
0
0
9.195468718e-31
3.529656719e-29
4.979915878e-28
2.261451258e-27
1.884788438e-29
3.450201199e-29
3.643940631e-29
0
0
0
5.80149733e-28
1.934643225e-27
2.699828233e-29
0
4.610340861e-28
1.981155044e-26
1.91155828e-25
1.069302554e-26
2.816721217e-29
3.006709893e-30
1.083209232e-25
2.054088114e-27
1.880316056e-29
1.456727e-29
1.499481369e-30
1.065407623e-25
2.585212233e-28
4.883150435e-31
9.205154687e-32
5.829341177e-30
0
1.346113736e-23
9.117616064e-25
0
0
0
2.019864522e-24
0
0
0
0
0
0
0
1.597187243e-25
4.267006563e-26
1.91386724e-25
0
0
1.398194085e-23
0
0
0
1.250921185e-25
1.879040666e-23
0
0
0
0
0
0
0
0
0
5.419684508e-26
7.613453438e-28
0
1.196389549e-25
0
0
9.885248854e-27
0
5.987402565e-26
0
0
3.241702959e-24
0
3.191704977e-23
6.427929625e-26
5.952560607e-29
3.285789229e-22
2.287360934e-25
1.07373153e-26
4.365514678e-26
4.437186014e-29
3.233941623e-22
3.831598969e-25
5.320144697e-28
1.498837256e-28
0
0
3.960280948e-20
2.719230454e-21
2.003973991e-20
0
1.47815669e-20
4.505569596e-22
0
2.543713473e-22
0
0
0
0
0
3.86963791e-22
1.33849224e-22
5.941103692e-22
7.555344774e-21
1.698643007e-20
2.300608195e-21
2.556684259e-23
1.05566635e-20
8.685852601e-20
2.451373024e-22
1.243845122e-21
1.216896387e-22
6.771726079e-22
4.83925064e-22
0
8.467239255e-22
5.10390057e-25
8.462316214e-23
0
1.447080999e-20
1.62821804e-22
1.148285584e-24
1.052592148e-24
6.315315995e-22
1.392733506e-21
1.03074511e-23
1.074529645e-23
0
1.584376093e-24
2.118714916e-24
0
0
0
4.259646891e-22
1.289371479e-22
1.128807821e-25
6.726824483e-23
1.265274222e-23
1.960085431e-24
1.321996505e-22
1.796052317e-24
3.410812967e-22
2.573249799e-24
4.747881514e-25
3.360624588e-25
9.411988067e-24
0
1.18450639e-16
5.874024403e-18
6.178754206e-18
8.669433651e-19
8.946462671e-19
1.045973876e-18
0
6.268136987e-20
0
2.837764949e-19
0
4.188597834e-18
0
8.350714861e-19
3.342124875e-19
1.441105436e-18
4.365833823e-18
4.530658683e-18
5.811809489e-18
2.309831706e-20
2.571396936e-18
1.902395543e-17
4.55127491e-19
4.011966481e-19
2.410823369e-20
2.913612391e-19
3.181636837e-21
0
2.027652761e-19
1.013380639e-21
3.177362682e-20
0
3.076096666e-18
2.242649196e-19
1.374975e-22
1.658614326e-21
3.712197808e-20
3.337621696e-19
1.923155261e-20
6.090702438e-22
0
1.274956263e-22
8.727338224e-22
9.442524166e-22
1.824358835e-20
8.683676556e-21
1.613745782e-22
7.535332723e-24
4.415083875e-23
8.255307363e-20
3.040153946e-20
0
6.756180133e-24
1.901781995e-22
1.439434273e-20
4.747498181e-21
1.336940541e-21
6.049180385e-22
1.169447835e-21
4.623913957e-14
4.966601722e-14
7.076602601e-15
8.79783481e-16
9.972833168e-17
1.247394732e-15
1.380699478e-15
2.1316306e-16
4.692369315e-18
5.546270432e-18
4.263411472e-17
1.153301443e-16
3.965513661e-16
6.577096028e-16
1.035268078e-16
3.302660049e-17
1.902847422e-16
1.568749359e-15
6.119956105e-15
8.051363897e-16
2.393172624e-17
2.38516267e-16
1.333910497e-15
5.877331204e-16
1.069890539e-17
3.877600364e-18
3.638116445e-17
4.18039622e-16
9.769813448e-16
2.137376427e-16
3.609029257e-19
4.687815753e-18
6.769911544e-17
2.274921194e-16
2.251910647e-17
1.934845346e-20
2.700694718e-19
4.685437821e-18
2.506136567e-17
2.181100237e-18
7.671221962e-20
3.624378874e-20
1.342401664e-19
1.15650358e-18
1.617096774e-19
1.248210603e-18
2.746621113e-19
4.858546714e-20
1.66997055e-20
3.871458798e-21
4.419558288e-18
7.274568355e-19
8.757138308e-20
1.312241493e-20
1.33624687e-20
6.817952628e-19
1.994596059e-19
4.553801438e-20
4.42333758e-20
1.31964772e-19
3.31092521e-12
1.120970293e-12
1.837933494e-13
2.441848589e-14
3.31233823e-15
6.725365358e-14
3.646428093e-14
7.561772359e-15
1.26604759e-15
2.026376639e-16
2.007739048e-15
4.984003298e-15
2.08334317e-14
2.255307902e-14
4.308137613e-15
1.346909357e-15
1.055578096e-14
1.099631903e-13
1.640830043e-13
3.058324618e-14
6.470555699e-16
3.85353671e-15
1.900578954e-14
1.765231292e-14
1.914640947e-14
1.303412145e-16
8.557190146e-16
5.499156425e-15
5.699919507e-15
5.738897383e-15
1.192560351e-17
1.064510139e-16
8.167714847e-16
1.417627715e-15
4.511606095e-16
8.65794588e-19
9.874052435e-18
8.419601421e-17
2.350218817e-16
5.74710105e-17
5.129402844e-18
1.37701398e-18
3.606297717e-18
1.514657986e-17
3.96780885e-18
1.078604515e-16
1.223488416e-17
1.235792889e-18
2.911267748e-19
1.074016884e-19
3.015923143e-16
3.089754929e-17
3.012237086e-18
4.970336212e-19
9.973475566e-19
3.235755832e-17
7.713151542e-18
2.158127287e-18
3.873653741e-18
1.367780238e-17
3.546265265e-11
2.396049118e-11
1.803032121e-12
1.661877785e-13
2.204321754e-14
7.911201402e-13
4.867867461e-13
8.847625427e-14
2.119340984e-14
4.013865676e-15
3.504019103e-14
1.431309697e-13
8.548521844e-13
5.421050247e-13
7.899956017e-14
3.602917044e-14
5.624044946e-13
8.353341639e-12
3.03108994e-12
5.953829174e-13
4.168498041e-15
2.83801108e-14
2.618344922e-13
2.622018971e-13
8.669875372e-14
9.10395472e-16
7.844423555e-15
4.259871742e-14
7.760526038e-14
6.914643349e-14
8.653420049e-17
8.185870771e-16
5.997481588e-15
1.24105298e-14
3.963929363e-15
1.66131566e-17
8.292949731e-17
4.949531987e-16
1.268643012e-15
3.835721068e-16
3.191871901e-16
3.723038074e-17
1.866686938e-17
4.032358058e-17
1.186109069e-17
8.915696661e-15
6.02096368e-16
3.622648619e-17
3.230356037e-18
1.541022705e-18
1.645782694e-14
1.018488621e-15
9.777719325e-17
2.187812991e-17
5.773717962e-17
1.32539572e-15
2.303195689e-16
7.996776426e-17
2.550262225e-16
1.05735359e-15
3.532579648e-11
9.059288863e-12
2.642276699e-12
3.857917158e-13
6.703381863e-14
1.747912792e-12
8.712596093e-13
8.6494561e-13
3.501162406e-13
4.976589766e-14
2.830144988e-13
3.23607315e-12
3.510293281e-11
1.96536794e-11
1.120193846e-12
9.165781698e-13
2.8487452e-11
6.571454501e-10
2.378609532e-11
4.670585317e-12
4.261524399e-14
5.444996153e-13
6.923453511e-12
1.288037337e-12
4.152098007e-13
6.134625084e-15
5.433035185e-14
7.616374507e-14
2.986275466e-12
1.237373189e-12
8.832882173e-16
8.307760077e-15
5.072052875e-14
1.865760108e-13
5.422665119e-14
4.362821121e-16
6.799286688e-16
2.776460284e-15
7.106794559e-15
1.792937004e-15
1.512299928e-14
1.204266562e-15
1.547026509e-16
1.68806775e-16
3.128007842e-17
7.008584914e-13
3.220820519e-14
1.231539688e-15
6.271726863e-17
2.772990288e-17
6.876949747e-13
8.027126447e-15
2.147252022e-15
7.863078457e-16
2.348768491e-15
4.528928357e-14
6.197834106e-15
2.239658613e-15
1.290679309e-14
6.656489877e-14
1.796021589e-11
1.093641631e-11
8.11440031e-13
4.19989993e-13
1.125723587e-13
2.092844288e-12
2.775228103e-13
3.361385229e-13
4.124417849e-13
1.395800645e-13
9.424053614e-13
6.900097513e-12
3.838544955e-11
4.240335829e-12
2.856100902e-12
9.545228688e-13
1.362816754e-11
1.459876222e-10
1.568480516e-11
1.01692658e-10
1.031723463e-13
7.927444859e-13
5.74889791e-12
2.167617365e-12
1.155983079e-12
2.488438592e-14
1.814364985e-13
8.01409667e-14
3.134990995e-12
4.213364228e-12
4.376942241e-15
3.383221197e-14
1.292886694e-13
2.888764279e-13
1.257213611e-13
7.625816318e-15
3.018117755e-15
8.174804281e-15
1.435427961e-14
3.710695228e-15
2.440158402e-13
3.216710166e-14
1.681978579e-15
4.575510528e-16
7.277106435e-17
4.959290016e-11
1.351169135e-12
3.501837285e-14
1.17324479e-15
4.925170619e-16
1.823423075e-11
3.709284402e-13
4.663256191e-14
1.676495511e-14
5.3914712e-14
9.647086839e-13
1.111398968e-13
1.706460597e-14
3.906146919e-13
2.6291186e-12
7.338958563e-12
1.231500552e-11
8.091055871e-13
8.969156597e-14
1.516494265e-14
5.025417792e-13
1.683968483e-13
1.466809099e-13
4.889722938e-13
2.468742517e-13
1.888083275e-12
9.652529383e-12
1.500773914e-11
4.973123452e-12
4.040295264e-12
2.639757728e-13
3.361300453e-12
3.838627114e-11
8.883074273e-12
7.953774381e-11
1.616920292e-13
8.617327468e-13
3.731228925e-12
2.154825678e-12
1.357563735e-12
6.210590596e-14
3.608526836e-13
4.241708972e-14
6.908402846e-13
5.767448032e-12
1.09183297e-14
6.557048354e-14
1.730007646e-13
6.463292652e-14
1.869914321e-13
1.643290519e-14
6.484510598e-15
1.30374999e-14
3.123677242e-15
5.705925313e-15
2.63207212e-13
5.352661647e-14
2.946358486e-15
6.811449268e-16
1.483541727e-16
3.414326602e-11
1.584148725e-12
2.009271476e-14
1.765942519e-15
4.095283416e-16
3.410929427e-11
4.499970358e-13
7.472968931e-14
1.887320657e-14
7.894629637e-15
2.165323656e-12
5.942182497e-14
7.795771428e-14
2.769502321e-13
2.959374895e-13
2.885958259e-12
9.775003533e-12
8.36338336e-13
3.098036042e-14
2.255197058e-15
1.311541396e-13
1.477574012e-13
1.224366714e-13
9.415543782e-14
4.336356803e-14
6.668440083e-13
1.293656603e-11
2.044199111e-11
1.743081225e-12
3.688567551e-12
1.107284448e-13
9.551530719e-13
1.342028325e-11
3.769346758e-12
1.144975433e-11
1.582596371e-13
1.918044253e-13
8.039505423e-13
6.001399558e-13
2.864673263e-13
1.923579783e-14
5.090751591e-13
1.797334165e-14
1.977740063e-13
4.982013049e-12
1.320958829e-14
1.768090216e-14
1.508945997e-13
1.598877538e-14
4.317596445e-14
2.338170317e-14
7.448925234e-15
3.210896326e-15
7.544705527e-16
5.392912983e-15
1.971228397e-13
2.413857009e-14
3.547447489e-15
1.002062082e-15
2.338039779e-16
2.135780728e-11
1.392783878e-12
1.570184078e-14
1.67593717e-15
2.809628574e-16
4.062773057e-11
5.322820147e-13
2.043524392e-14
4.254870089e-15
3.903700988e-15
2.675195485e-12
5.814125084e-14
8.380192855e-14
1.52927042e-13
3.261441332e-14
1.413007876e-12
8.340613707e-12
5.961907805e-13
3.943392617e-14
9.69598797e-16
4.203372834e-14
1.47241652e-13
1.321264127e-13
2.209731418e-14
1.645650647e-14
4.350475814e-13
1.536288951e-11
2.440515991e-11
9.241875736e-13
3.144637746e-12
6.405007807e-14
3.653700237e-13
5.991025891e-12
3.509914244e-12
1.703011594e-12
3.325512933e-14
4.729234527e-14
1.912834559e-13
3.336911718e-13
6.627716903e-14
1.131731575e-14
5.887093665e-13
8.7860317e-15
4.885937547e-14
7.927259461e-13
3.018025871e-15
6.602210023e-15
3.131716473e-14
3.60865788e-15
8.787218838e-15
2.831857401e-14
7.624354067e-15
8.364254017e-16
1.795614307e-16
8.160810734e-16
1.358965868e-13
3.035962087e-14
4.670119386e-15
1.280852457e-15
2.658542573e-16
1.3716374e-11
1.083979455e-12
1.235422132e-14
1.329632576e-15
3.742532248e-16
3.991704239e-11
5.41635817e-13
9.995250391e-15
3.409687738e-15
1.391281897e-15
2.986561999e-12
6.381564411e-14
2.131300734e-14
7.264746562e-14
4.366929059e-15
1.525645324e-36
9.10026632e-38
3.50808659e-39
2.2231836e-40
3.718662735e-41
1.07945075e-37
1.345193944e-38
2.145529211e-39
8.883537865e-39
7.643149702e-40
1.463508997e-38
1.177404973e-37
1.850495663e-37
7.351509217e-37
5.235342539e-38
8.523069592e-37
1.820989448e-35
1.147715575e-35
1.983877096e-35
9.88780296e-37
3.548684747e-35
6.226304328e-34
1.203441444e-34
1.045687182e-34
4.174572099e-36
1.618380331e-33
1.708145257e-32
5.236407e-34
3.708636181e-35
3.126893812e-36
1.872829267e-34
9.246319682e-35
6.659226383e-35
1.485122181e-36
4.317678583e-38
1.600925687e-35
2.960765832e-36
7.28137209e-36
1.716587776e-37
3.860574312e-39
4.808087186e-37
8.271263372e-38
3.453464818e-37
8.536969476e-39
5.865065888e-40
2.968363949e-39
4.133749772e-40
1.604005005e-39
1.28273204e-40
7.766518608e-40
1.318322728e-39
5.598880066e-40
5.184357053e-40
1.066270152e-39
1.999388722e-39
2.298983016e-38
6.958261013e-39
6.353042187e-39
1.385001641e-38
2.590559347e-39
6.851308856e-34
3.245096782e-35
8.640543145e-37
4.571458744e-38
1.237626909e-38
4.113548112e-35
4.532082809e-36
6.959361356e-37
2.29691712e-36
1.8955539e-37
4.12852958e-36
7.002986863e-35
1.067034505e-34
2.47222936e-34
1.710043807e-35
4.015609657e-34
1.290177955e-32
6.523796265e-33
5.806241568e-33
2.71272326e-34
2.432571329e-32
4.54876503e-31
7.322734178e-32
2.908235593e-32
9.811927834e-34
1.239163887e-30
1.392699474e-29
3.208515261e-31
1.044877652e-32
6.106413343e-34
4.607350952e-32
5.399398637e-32
1.683600365e-32
2.466506701e-34
4.519754323e-36
3.56180943e-33
1.379333684e-33
1.672648695e-33
3.007239421e-35
3.824250431e-37
1.234518765e-34
2.846510698e-35
7.760044151e-35
1.726581471e-36
2.048241378e-37
6.313857644e-37
8.867507636e-38
2.923974218e-37
2.704714341e-38
2.675588578e-37
4.888924249e-37
1.361849247e-37
1.276513711e-37
2.845326435e-37
7.594128373e-37
9.140277625e-36
2.016107558e-36
1.725480203e-36
4.110178831e-36
6.995014369e-37
2.786044557e-31
1.043289833e-32
1.825942304e-34
7.479685314e-36
3.717803247e-36
1.217659031e-32
1.203030291e-33
1.991553339e-34
4.649349114e-34
3.589059133e-35
9.646076908e-34
4.159969531e-32
5.747883967e-32
6.600969289e-32
3.976409028e-33
1.634706204e-31
5.657777936e-30
3.02294098e-30
1.212897141e-30
4.411912997e-32
1.297518142e-29
2.382621755e-28
4.240737918e-29
7.584917264e-30
1.836286024e-31
7.391458815e-28
1.005862436e-26
1.911741621e-28
3.177804277e-30
9.08285091e-32
8.320115797e-30
2.65201201e-29
3.873498361e-30
2.222797281e-32
0
3.932547132e-31
4.56801581e-31
2.428101963e-31
2.490626e-33
3.723812783e-36
1.3248035e-32
5.571961157e-33
8.331201915e-33
1.892814597e-34
6.722363005e-35
5.958755904e-35
9.030594934e-36
2.622606333e-35
0
0
2.567298721e-34
1.501759549e-35
1.432531578e-35
8.327998657e-35
2.674731845e-34
2.199703081e-33
3.691657131e-34
3.094267769e-34
9.031746776e-34
1.306589294e-34
1.087210701e-28
2.932271185e-30
2.091191001e-32
1.142589547e-33
9.067575448e-34
2.388279803e-30
2.15127129e-31
4.052264621e-32
6.265858456e-32
4.519844597e-33
1.779115872e-31
1.184958694e-29
1.80379196e-29
9.753986683e-30
4.486562363e-31
3.987427937e-29
1.237909131e-27
1.140650035e-27
1.8374194e-28
3.908493495e-30
4.383345383e-27
7.800984102e-26
2.312143611e-26
2.054662066e-27
2.786497348e-29
3.12734633e-25
6.392951592e-24
1.069653679e-25
1.026153213e-27
6.39004557e-30
5.665080519e-28
9.104288143e-27
8.516484968e-28
0
0
8.530412663e-31
8.248489792e-29
1.784256913e-29
7.611300878e-32
8.906358467e-33
0
4.030478024e-31
2.910102854e-31
2.790226205e-32
2.342867993e-32
8.155930821e-33
7.218838087e-34
0
0
0
7.325158815e-31
7.04881082e-33
3.848942497e-33
2.335526205e-31
8.749155138e-32
4.307397149e-31
3.757254671e-32
2.542764992e-32
1.083651649e-31
1.825900056e-32
8.855918827e-26
7.455316733e-28
0
0
1.232022464e-31
1.474114387e-28
2.091105522e-29
2.84543447e-30
5.421434641e-30
3.934420911e-31
3.356817799e-30
2.891637637e-28
0
6.087525618e-28
1.825547427e-29
4.018091838e-27
6.776667242e-26
3.526691918e-25
2.030842031e-26
2.30071708e-28
7.73405272e-25
1.371175352e-23
1.109851174e-23
5.860683826e-25
2.892557073e-27
7.372686296e-23
3.457562575e-21
5.375255093e-23
8.748950985e-25
0
0
0
1.960681048e-25
0
0
0
0
0
2.752834572e-28
3.447037436e-29
0
0
2.024484805e-29
4.161973624e-29
1.710364753e-29
1.764676929e-29
1.731752653e-30
0
0
0
2.258867338e-27
1.952196881e-29
6.231383813e-30
7.105312996e-28
2.707210837e-29
2.731097212e-28
7.716412443e-30
2.283488155e-30
4.56812572e-29
5.01902177e-29
2.657477104e-22
1.213424644e-24
0
0
8.667364522e-30
1.073757408e-24
1.602137313e-26
5.902968274e-28
0
1.726630883e-29
0
4.571706698e-26
0
0
0
5.503267151e-24
7.731528884e-23
7.055177306e-23
2.904979662e-25
0
2.153523492e-23
1.504079605e-20
3.470311438e-21
1.326410691e-22
0
0
1.447052911e-18
2.392738851e-20
2.517021552e-21
0
0
0
9.579970968e-23
0
0
0
0
0
8.990624472e-25
1.082688769e-25
0
0
6.272098114e-26
1.257742538e-25
6.813706498e-26
3.792263164e-26
5.274128912e-27
0
0
0
7.025098904e-24
5.461855257e-26
7.74659153e-27
2.138033983e-24
1.039256817e-26
6.035614242e-25
9.948744199e-27
6.033759313e-27
1.365462376e-25
1.494371276e-25
1.443297222e-22
0
0
0
4.15212375e-26
0
3.222692651e-23
2.398863133e-24
0
5.039862537e-26
9.814045361e-23
1.06753485e-22
5.441893646e-23
0
0
1.521686298e-20
1.008406195e-19
7.435385332e-23
0
2.326591606e-23
1.412101784e-19
2.669345285e-17
0
0
0
0
3.705822554e-16
6.423278616e-18
0
0
2.728258415e-18
1.750614158e-18
1.609082062e-19
2.361590118e-19
2.981008117e-20
2.594750977e-21
0
0
2.623814497e-21
3.120954849e-22
0
0
1.871580018e-22
8.775884359e-23
3.259280698e-23
8.318978074e-23
1.55644823e-23
0
9.543099857e-24
2.289768836e-23
0
1.439385374e-22
0
1.569509553e-24
1.144273355e-24
1.800639487e-21
2.741842921e-23
1.600086813e-23
3.9223192e-22
4.231276046e-22
8.099508204e-21
5.095408179e-21
1.412931274e-21
7.48650782e-22
6.341713192e-23
6.020975401e-22
7.917557325e-20
3.201238515e-22
2.997782e-23
1.872538498e-22
6.030049147e-19
1.763416635e-18
7.733898836e-20
2.678422239e-22
4.948646579e-23
3.358308726e-17
3.503711335e-17
2.19489584e-18
0
8.305635149e-21
4.307670789e-16
5.462913484e-16
6.969134521e-16
0
2.824078024e-18
2.982515716e-14
6.599942097e-14
8.266101391e-15
0
1.049051407e-16
4.084767565e-16
5.140736528e-15
4.378159854e-16
2.182666794e-17
1.362739137e-18
7.462480646e-18
3.123218381e-17
1.979714807e-19
1.032744921e-19
6.992252906e-19
0
0
0
1.93842857e-19
6.303734653e-20
8.47538801e-21
3.864538391e-20
0
2.002764604e-20
3.962100646e-21
0
3.764702663e-20
0
2.666178196e-21
6.469082539e-22
8.439686368e-19
4.392044475e-20
3.349696312e-20
0
5.041331465e-22
8.734806276e-19
5.868611715e-19
1.133371718e-19
6.950648884e-20
1.692733071e-19
1.220190876e-17
1.183373562e-17
8.007380933e-19
1.716892173e-19
5.898956136e-19
2.483904111e-16
3.868452824e-16
2.602233655e-17
1.304894336e-18
1.576351304e-19
5.470142745e-15
1.604651458e-14
5.556309388e-16
3.789135269e-18
5.484625798e-19
1.270015506e-13
1.549844151e-13
1.184316894e-13
2.215238e-15
4.425265799e-16
2.975221255e-12
5.100471607e-11
3.011131751e-12
2.958042514e-13
2.86035438e-15
2.054123692e-13
3.929353215e-12
1.940050582e-13
1.953381646e-14
1.587986592e-15
6.795380103e-15
7.790726225e-14
6.278363435e-15
6.57034085e-16
8.23931303e-17
2.172422722e-16
1.183774651e-16
1.417999838e-16
2.548604403e-17
5.779205153e-18
1.116621875e-17
4.985369067e-17
1.211458155e-17
2.310611487e-18
3.725597458e-19
5.212552657e-18
5.72131435e-18
1.394787295e-18
2.57805988e-19
4.353423745e-20
1.588264862e-16
3.472588371e-17
4.437151968e-18
4.476084579e-19
4.654481575e-20
2.020249452e-17
1.95867565e-17
5.927182315e-18
5.402799684e-18
1.152972193e-17
1.581237116e-16
1.936549791e-16
2.88931714e-17
1.611800238e-17
5.746228917e-17
3.635167104e-15
1.066029686e-14
1.589771486e-15
7.590798081e-17
1.363715732e-17
1.150407711e-13
6.651926302e-13
9.622637049e-14
2.047775735e-15
6.108841642e-16
4.192849728e-12
4.539292848e-11
4.614197249e-12
5.737733657e-13
6.920729858e-14
2.431146434e-11
3.140174897e-09
5.679236736e-11
1.24528744e-11
5.518349541e-13
1.777591491e-11
1.083613252e-09
1.835051938e-11
1.021373389e-12
8.613508703e-14
5.021852982e-13
6.333754186e-12
3.432775767e-13
3.376801538e-14
4.147013439e-15
1.360746325e-14
7.469263274e-14
9.365174283e-15
1.330732157e-15
2.690930428e-16
6.741012527e-16
3.696390789e-15
6.949429315e-16
9.711145778e-17
1.533741114e-17
2.831110812e-16
2.288103867e-16
4.268460645e-17
5.888664898e-18
9.251681888e-19
1.367862649e-14
1.707835545e-15
1.383974334e-16
9.551556476e-18
6.994722893e-19
2.161713905e-16
2.332108909e-16
1.583744682e-16
2.055192912e-16
4.109463853e-16
8.026006582e-16
1.035615232e-15
5.771579107e-16
7.151660533e-16
2.45048891e-15
2.059679028e-14
4.350512245e-14
2.08528121e-14
2.144857002e-15
3.495306284e-16
5.307656511e-13
1.834695402e-12
1.498163207e-12
1.264279168e-13
7.064940155e-15
1.142084738e-11
6.579009322e-11
1.375216311e-10
1.13927418e-11
5.581245536e-13
7.366520611e-11
2.372014992e-09
1.017500995e-08
5.571580792e-10
1.763685014e-11
2.788068681e-11
1.064307327e-09
4.217968342e-10
1.839182101e-11
2.267941711e-12
1.902646248e-12
1.403311494e-11
6.266242815e-12
6.137584733e-13
9.977964582e-14
7.296237934e-14
2.8504487e-13
2.570097322e-13
2.886654258e-14
4.637652264e-15
5.390660362e-15
1.844104837e-14
1.328369752e-14
1.595061063e-15
2.4744615e-16
1.601790235e-15
1.15048513e-15
4.870871146e-16
6.234003764e-17
9.284215033e-18
4.79495826e-14
7.06885435e-15
6.927779305e-16
5.873910065e-17
6.267344162e-18
4.598572896e-15
4.495290109e-15
2.773433587e-15
3.569319998e-15
6.232267193e-15
3.125522584e-15
5.108145184e-15
6.773048765e-15
1.385865226e-14
7.015462201e-16
5.179688049e-14
1.097702558e-13
5.846479403e-14
9.863827528e-15
3.351463195e-15
3.529202312e-13
3.457430449e-12
2.229928174e-12
3.480537158e-13
2.895387668e-14
1.325472672e-11
8.726463926e-11
6.154638895e-11
1.73468633e-11
1.55962851e-12
1.299164107e-10
1.853293593e-09
9.688697387e-09
4.250813016e-10
3.323302753e-11
3.337749364e-11
6.87121994e-10
9.230924607e-10
5.293843855e-11
6.753532506e-12
6.861856819e-13
6.129898505e-12
2.125250734e-11
5.75509613e-13
6.551800399e-14
1.356841268e-13
4.943909836e-13
9.812988113e-13
7.717568689e-14
1.047230981e-14
1.513806954e-14
4.116414339e-14
4.876790453e-14
5.228807677e-15
8.442332224e-16
4.696097144e-15
3.032948563e-15
1.782299368e-15
2.317840737e-16
4.283202283e-17
9.622176048e-14
1.670980553e-14
1.988551297e-15
2.137845118e-16
3.38613621e-17
8.359573591e-14
5.008741884e-15
3.866366527e-14
1.045319827e-14
1.315198111e-13
1.36725854e-14
3.703310158e-14
8.665466233e-14
2.929020036e-13
2.814405188e-14
8.425569484e-14
1.987113787e-13
1.077302317e-13
4.217497807e-14
3.620936627e-14
3.352141006e-13
4.944511675e-12
2.662024242e-12
5.576504e-13
6.254782682e-14
1.967386514e-11
9.347695535e-11
4.342884876e-11
1.740560781e-11
2.104308762e-12
1.932859716e-10
1.524400135e-09
7.542075375e-09
3.255332299e-10
7.610367375e-12
5.457352235e-11
5.936732207e-10
1.204790026e-09
6.161669426e-11
2.300256002e-12
1.74847886e-12
6.052118617e-12
1.284582105e-11
6.673758884e-13
3.081944754e-14
3.861616295e-14
1.525598125e-13
6.843233164e-13
1.065980489e-13
1.682474424e-14
2.677224277e-14
4.889397096e-14
5.770379374e-14
9.693272789e-15
1.943985318e-15
9.559695717e-15
5.386282755e-15
3.209565538e-15
5.383659226e-16
1.29107869e-16
1.461886434e-13
2.762530607e-14
4.111974107e-15
5.522521982e-16
1.204363828e-16
1.833610454e-13
3.251963625e-14
4.650618409e-13
1.954077091e-14
3.609357702e-14
8.688338708e-14
9.046252773e-13
2.293770141e-13
1.003052114e-12
4.632375642e-12
9.67131076e-14
1.84549355e-13
3.734750548e-14
6.69832714e-14
1.111497728e-13
9.349290023e-13
1.358849285e-12
2.777418146e-12
5.854831074e-13
9.979026146e-14
2.46055727e-11
6.386220872e-11
3.266408834e-11
4.363295928e-12
2.015866387e-12
2.578983878e-10
1.373353879e-09
5.808387196e-09
2.24378325e-10
2.801185728e-12
8.312634533e-11
5.985918349e-10
1.232148992e-09
7.520584824e-11
2.019448915e-12
1.931869886e-12
7.597667644e-12
5.772281199e-11
1.16748585e-12
2.540047007e-14
2.564656553e-13
1.012520453e-13
5.623242334e-13
1.469744397e-13
2.514563744e-14
4.068784929e-14
5.519979218e-14
6.788237974e-14
2.251716841e-14
4.398712093e-15
1.483786853e-14
7.934373292e-15
4.840280144e-15
2.657158539e-16
2.749864103e-16
1.728423194e-13
3.708605408e-14
6.527799139e-15
9.456467263e-16
2.655209466e-16
5.862989853e-14
3.458112355e-14
5.50957146e-13
1.768937721e-13
1.829799844e-14
7.139386388e-13
5.878390683e-13
2.39849383e-12
2.762169206e-11
2.708960679e-12
8.005043488e-14
6.312506154e-14
3.356748448e-14
2.961352687e-13
1.091454071e-13
3.845804834e-13
1.832585626e-12
1.852166674e-12
5.540745783e-13
1.255843179e-13
2.80303515e-11
3.753038019e-11
2.696629971e-11
1.606934456e-12
5.977801838e-13
3.12341361e-10
1.325083328e-09
4.690701984e-09
1.548893971e-10
1.590325909e-12
1.137313286e-10
5.989325658e-10
1.174835289e-09
8.622246392e-11
2.625643764e-12
2.535093729e-12
8.035331613e-12
5.144806294e-11
1.248469398e-12
8.568892683e-14
7.581970923e-14
9.403623832e-14
4.795405375e-13
4.275554381e-14
3.165568603e-14
4.415307193e-14
6.008435828e-14
7.769093563e-14
1.074576567e-14
6.236948566e-15
1.890252458e-14
2.406119357e-15
1.490395416e-15
8.684084626e-16
5.465728296e-16
1.903026406e-13
4.675548037e-14
1.996239583e-15
2.059360619e-16
3.045834746e-16
3.410709147e-14
9.064049758e-14
3.846753618e-13
9.057519143e-14
5.147019362e-15
1.826540792e-13
1.076669159e-12
2.384413535e-12
1.048922425e-11
4.390645834e-13
5.291563648e-14
2.806877086e-14
2.277476326e-14
9.929253171e-14
6.369139095e-14
2.733181562e-13
1.517168249e-12
8.440294035e-13
4.319564602e-13
1.468759258e-13
2.95508114e-11
2.707879865e-11
3.131080105e-11
1.007523768e-12
1.522477401e-13
3.518441579e-10
1.307658234e-09
4.144214704e-09
1.207637357e-10
1.196289665e-12
1.435350043e-10
5.831483919e-10
1.08737587e-09
9.475802285e-11
3.479418383e-12
4.061268332e-12
9.007244783e-12
9.826468905e-11
2.360374511e-12
1.538770834e-13
5.58300078e-14
1.069781456e-13
8.039298282e-13
4.016084726e-14
4.448795969e-14
4.275808791e-14
2.54763254e-14
5.837010956e-14
4.450582025e-15
4.746146528e-15
2.223310259e-14
1.057699234e-15
2.829262967e-15
1.181229915e-15
7.299644491e-16
1.992705478e-13
2.231670335e-14
1.734819387e-15
5.907929635e-16
7.630416121e-17
4.857808177e-37
1.011844776e-37
5.893494043e-38
1.68869287e-37
3.675154695e-38
1.281669821e-35
2.334009436e-36
5.973154427e-38
2.04505047e-39
2.053702224e-40
6.748853616e-34
1.492448481e-34
3.295580345e-36
4.146914128e-38
4.243403914e-40
1.719272857e-35
1.124437176e-35
2.516165193e-37
2.926490513e-39
2.763903816e-41
5.60892817e-37
4.595079064e-37
1.035505859e-38
1.038620868e-40
9.566371507e-43
1.941472821e-38
1.76452088e-38
8.803005439e-40
5.475791535e-41
2.039999173e-41
1.106139322e-38
1.32751542e-38
3.895178971e-38
5.923575976e-39
5.554766263e-39
8.49319064e-38
6.755477056e-39
1.507928374e-38
5.148826483e-39
3.089475448e-38
1.743765564e-38
2.629659338e-39
1.903950315e-39
6.401380624e-40
3.391171536e-39
5.917632519e-39
6.857679653e-40
5.331991596e-40
1.0129987e-40
2.333767526e-40
2.581619763e-39
2.222371052e-39
3.070208356e-40
5.413217312e-40
1.300093119e-40
6.571651275e-40
9.81104077e-40
3.038632974e-39
1.236170055e-38
5.360046245e-39
2.029951749e-34
3.434990782e-35
1.762636084e-35
5.746670083e-35
1.213839631e-35
5.863617046e-33
9.660195019e-34
1.875604305e-35
4.917996836e-37
4.72320599e-38
3.699587911e-31
7.247518117e-32
1.279344644e-33
1.217090463e-35
9.304617602e-38
8.488073555e-33
5.104174208e-33
8.898352641e-35
7.094064933e-37
4.647876766e-39
2.556108262e-34
1.858768273e-34
3.244078121e-36
1.83154278e-38
8.413358565e-41
8.291567241e-36
6.69500793e-36
2.264845466e-37
8.291860645e-39
1.636093917e-39
5.176175702e-36
4.905134418e-36
1.053592185e-35
1.359796203e-36
9.477800687e-37
3.928482417e-35
2.23074567e-36
5.121684911e-36
1.473102153e-36
9.961282598e-36
7.774417738e-36
1.052797207e-36
6.301325673e-37
1.818000114e-37
1.042194492e-36
1.885654711e-36
2.486830311e-37
2.872994046e-37
3.442371909e-38
6.436836146e-38
8.797655391e-37
8.34412495e-37
1.092025965e-37
1.973307158e-37
4.038311752e-38
2.463870914e-37
3.75161633e-37
1.078715326e-36
4.212591578e-36
1.64242803e-36
5.307858364e-32
7.873497107e-33
4.15208299e-33
1.809940786e-32
3.655207998e-33
2.060643976e-30
3.781247531e-31
5.233987272e-33
8.71099749e-35
7.856782824e-36
1.905606976e-28
3.356244626e-29
4.600053668e-31
3.078461311e-33
1.638302641e-35
3.673731489e-30
2.199099503e-30
2.895691862e-32
1.286763304e-34
4.51318216e-37
9.468232308e-32
6.636537011e-32
8.882682574e-34
1.152881249e-36
1.070289192e-38
2.666040295e-33
2.03947969e-33
4.573785106e-35
5.324429531e-37
4.365373142e-36
2.30722412e-33
1.762845613e-33
2.549880395e-33
2.903208756e-34
1.404015717e-34
1.80167992e-32
6.832051185e-34
1.725879623e-33
3.649245776e-34
3.107392904e-33
3.312629367e-33
4.078162895e-34
2.177700243e-34
4.197747148e-35
2.653836567e-34
5.098953908e-34
7.888778131e-35
1.500094164e-34
1.120747316e-35
1.29743686e-35
2.610266085e-34
3.035043956e-34
3.351415808e-35
6.022239439e-35
9.767045048e-36
7.676751988e-35
1.169996205e-34
2.829548902e-34
1.128306672e-33
3.729454412e-34
7.975713326e-30
8.534891745e-31
6.396303936e-31
5.026769173e-30
9.69652781e-31
5.821331262e-28
1.345755549e-28
1.033175812e-30
0
2.945871247e-33
9.040478679e-26
1.434210036e-26
1.401244746e-28
4.882204796e-31
1.580201203e-33
1.150764961e-27
8.684634026e-28
8.350077306e-30
8.930620565e-33
3.708086772e-35
2.220422301e-29
1.76041191e-29
1.830364185e-31
1.670266744e-33
2.767790821e-35
4.946612524e-31
4.070071317e-31
5.782971232e-33
3.699245709e-34
1.347950651e-32
9.797007819e-31
6.675812523e-31
5.853704806e-31
7.305734589e-32
3.399946909e-32
7.832904946e-30
1.93334542e-31
6.033169149e-31
7.573021465e-32
9.823228258e-31
1.333483828e-30
1.507046936e-31
1.059045833e-31
8.85690429e-33
6.077600211e-32
1.01997834e-31
1.983356896e-32
7.183134573e-32
3.87465586e-33
2.025394576e-33
6.591775682e-32
1.11044713e-31
8.748456009e-33
1.499740663e-32
1.785351477e-33
1.973359786e-32
3.178574971e-32
5.118106857e-32
2.289232023e-31
5.771711036e-32
7.79761816e-28
2.45567266e-29
4.610498363e-29
1.208630101e-27
2.237070639e-28
1.563894515e-25
3.979735162e-26
4.797598319e-29
0
5.810122118e-30
3.897915741e-23
5.499204552e-24
2.870304879e-26
0
5.114922915e-33
1.319393803e-25
2.858961419e-25
1.69551418e-27
1.225099627e-29
9.574042269e-32
6.822126375e-28
0
0
4.807627149e-30
7.343664854e-32
5.246656884e-30
0
1.156387377e-30
8.735100281e-31
4.065179932e-29
3.917681678e-28
2.706082358e-28
1.447454634e-28
2.684638803e-29
2.164603087e-29
3.056871985e-27
4.869330797e-29
2.171208262e-28
1.245734154e-29
3.123790182e-28
6.276560648e-28
6.610011804e-29
7.446295371e-29
2.530625567e-30
1.248543326e-29
8.539246903e-30
2.778801339e-30
2.913508406e-29
1.34944132e-30
2.934430831e-31
1.156067636e-29
4.217180365e-29
2.067642071e-30
2.940654543e-30
2.310506055e-31
3.727714906e-30
9.156035748e-30
5.58430406e-30
3.320802181e-29
5.112463784e-30
5.523520052e-25
0
1.161140799e-25
2.828285435e-25
4.558578827e-26
2.305910651e-23
8.653051711e-24
2.035653341e-26
0
1.611790828e-26
1.514715003e-20
1.851347162e-21
0
0
2.465114059e-28
5.984904127e-23
6.054952554e-23
2.984849886e-25
3.4807514e-26
2.639680153e-28
3.991273335e-25
0
0
1.423159822e-26
1.837106756e-28
6.037986566e-27
3.524563104e-27
3.498585955e-27
2.169611965e-27
1.216057736e-25
1.396226706e-25
1.114798701e-25
4.921612253e-26
1.281328671e-26
1.714301496e-26
9.474119984e-25
5.834762865e-27
7.782861484e-26
1.638607259e-27
1.058251382e-25
1.083940866e-24
1.176993775e-25
5.294693225e-26
1.082443316e-27
2.133794681e-27
0
0
9.176595639e-27
4.086238928e-28
4.042315553e-29
0
1.686152859e-26
5.093881951e-28
4.605778841e-28
1.931326363e-29
0
3.045140686e-27
2.700654436e-28
3.198789278e-27
9.454588887e-29
1.615844884e-21
4.4302366e-22
3.426772843e-22
1.132787017e-22
1.04308997e-23
3.104301545e-20
1.003500654e-21
4.103148247e-24
0
4.66735653e-23
5.374964089e-18
4.585592312e-19
0
0
1.411504624e-24
2.679403141e-20
0
3.446882664e-22
1.004220765e-22
6.893544351e-25
3.309030512e-22
1.046672711e-22
0
3.913127133e-23
3.850140368e-25
9.538559956e-24
1.270410589e-23
1.022682226e-23
5.537497754e-24
3.463412624e-22
0
4.223340218e-23
2.098429991e-23
1.153729325e-23
1.141440928e-23
0
0
2.564947085e-23
5.200730375e-25
7.119789894e-23
3.183211784e-21
3.315398204e-22
2.713276254e-23
0
2.840900547e-25
0
7.997756533e-24
2.125383111e-24
0
0
3.873256002e-23
6.9717992e-24
0
6.700390044e-26
1.065739595e-27
5.501430477e-24
1.021227696e-24
0
1.853449909e-25
1.490601671e-25
0
0
7.72839378e-19
6.521181988e-20
9.226263951e-22
6.621680164e-17
3.338793574e-18
7.55811584e-19
2.908146675e-19
3.740655591e-21
1.38263855e-15
2.226666805e-17
1.266490244e-18
4.443818919e-19
4.303179598e-21
1.269759643e-17
1.439087904e-18
4.35045769e-19
5.366156167e-21
1.149059774e-21
4.039633384e-19
5.935488284e-20
4.5205138e-20
3.893804039e-21
2.913701666e-22
9.781598002e-21
1.84571436e-21
2.790732709e-21
1.745300555e-21
2.015574279e-22
1.18790904e-19
1.331478495e-20
6.786621813e-21
2.843160968e-20
4.672170812e-21
1.952545994e-18
0
6.629090986e-21
8.437950985e-22
1.066113648e-21
8.727564266e-19
0
0
7.813448364e-22
1.424216714e-23
0
0
0
0
2.406391437e-24
1.026575147e-20
1.43852715e-21
1.672277321e-22
1.381716507e-23
8.480964081e-25
1.071316084e-21
1.648777913e-22
2.195496881e-23
3.096509148e-24
1.012528755e-24
1.095724177e-15
9.50002313e-16
1.170826202e-16
8.203162296e-18
4.597466185e-19
6.169352272e-14
2.463682972e-15
7.4211395e-16
4.485379916e-17
2.276430237e-18
1.860457569e-13
5.58787989e-15
1.193101021e-15
7.771364637e-17
2.64215729e-18
3.641786958e-15
1.245374039e-15
6.256742684e-17
2.331719378e-18
1.013131612e-19
3.785906237e-16
5.436490545e-17
4.159406959e-18
1.41278504e-19
6.278692085e-21
9.150555985e-18
2.065095146e-18
2.109054964e-19
2.578826038e-19
3.948849301e-20
1.8084957e-17
9.873690189e-19
9.578848918e-19
3.990540731e-18
6.731606486e-19
1.229637143e-16
1.06378316e-17
8.814359028e-19
9.615154897e-19
1.549702048e-19
5.464335041e-17
6.057182367e-18
7.653274238e-19
1.588967015e-19
1.833066959e-20
1.092198835e-17
1.34573819e-18
1.604778886e-19
1.107061971e-20
4.421019832e-22
9.680081203e-19
9.627250659e-20
8.627232133e-21
4.569734588e-22
1.644158767e-23
9.107311417e-20
8.627500658e-21
6.991178483e-22
4.80036838e-23
4.043274607e-24
7.404404291e-13
7.342156735e-14
4.346039181e-15
2.333429808e-16
1.537122245e-17
4.229682997e-11
1.505547817e-12
5.367012714e-14
1.915463463e-15
7.989748454e-17
1.248011121e-10
3.368082573e-12
9.045877803e-14
1.965435714e-15
4.694566484e-17
2.017034654e-12
9.176530057e-14
3.243570977e-15
1.024894955e-16
3.878101843e-18
3.138770388e-14
1.980234217e-15
9.048921359e-17
4.124968004e-18
2.633927178e-19
5.026319857e-16
3.182634933e-17
4.486424076e-18
1.450860412e-17
2.555436209e-18
3.274800757e-16
1.832040037e-17
5.588993151e-17
1.976394003e-16
3.418537114e-17
2.149102921e-15
8.279496447e-17
1.267389791e-17
4.299203836e-17
7.747163406e-18
9.394996316e-16
6.458703474e-17
6.943891224e-18
4.791577298e-18
5.928295595e-19
1.942417954e-16
1.625735303e-17
1.313817054e-18
8.255703141e-20
5.320927691e-21
1.551220919e-17
1.127646757e-18
6.546750845e-20
3.704930026e-21
2.386439239e-22
1.496940075e-18
1.081160825e-19
7.292357516e-21
4.726447223e-22
4.095754364e-23
1.632961891e-12
2.050619105e-13
1.66630052e-14
1.194294635e-15
1.121159836e-16
5.007328139e-11
3.224684183e-12
1.709120087e-13
8.459607003e-15
5.027264451e-16
1.159332713e-10
2.855360934e-12
1.592416765e-13
6.133627505e-15
2.59544829e-16
4.346708905e-12
2.413328902e-13
1.294610344e-14
6.719770713e-16
3.787017479e-17
1.066698281e-13
8.063287689e-15
4.757394136e-16
4.459311242e-17
5.161154234e-18
2.65731281e-15
2.31490424e-16
1.255498192e-16
4.243922923e-16
7.819173353e-17
3.964770683e-15
4.194403129e-16
1.842356094e-15
5.769843908e-15
1.078510964e-15
5.135640465e-15
2.217694504e-16
1.842431879e-16
9.32939399e-16
1.753783766e-16
3.331479839e-15
1.653498769e-16
2.355210078e-17
6.662600503e-17
7.371792254e-18
7.006501007e-16
4.345879335e-17
2.931467125e-18
8.393090623e-19
7.714148825e-20
5.158683981e-17
4.017458503e-18
2.724842116e-19
2.659096887e-20
2.678952652e-21
4.746647126e-18
4.53511582e-19
3.715310004e-20
3.075986066e-21
3.617254262e-22
2.245710509e-12
3.645277047e-13
3.794096294e-14
3.501302756e-15
4.592075206e-16
4.140025694e-11
4.338301952e-12
3.157211261e-13
2.030510161e-14
1.671047256e-15
8.934588066e-11
2.914714176e-12
2.25984355e-13
1.285959006e-14
8.451780561e-16
3.368912e-12
3.77401236e-13
2.847770072e-14
1.904086853e-15
1.456525008e-16
1.598849672e-13
1.769767242e-14
1.445720151e-15
3.369481878e-16
6.052214267e-17
7.118666412e-15
1.175977792e-15
2.216059007e-15
6.312262794e-15
1.220715794e-15
1.912950103e-14
6.130468605e-15
2.99270806e-14
8.72792844e-14
1.744140724e-14
1.073823165e-14
9.292365678e-16
1.790138769e-15
9.425534314e-15
1.703164388e-15
6.13179614e-15
3.661409992e-16
1.032461729e-16
4.522017357e-16
4.473425671e-17
1.208237668e-15
8.771076035e-17
7.700733426e-18
6.620248937e-18
6.304304298e-19
1.159880964e-16
1.065152418e-17
9.441869558e-19
1.649282439e-19
2.135316441e-20
1.114324869e-17
1.282580031e-18
1.268159667e-19
1.38567904e-20
2.223668194e-21
2.484387857e-12
2.350693428e-13
5.491147097e-14
6.602219307e-15
1.179338761e-15
3.120365644e-11
3.55644593e-12
1.830054352e-13
5.36514159e-15
1.954049515e-15
6.696584787e-11
3.92796383e-12
7.344645358e-14
1.368250025e-14
1.572896331e-15
3.367818046e-12
5.251264516e-13
4.230660732e-14
3.732243973e-15
3.758393598e-16
7.401398152e-14
2.667900586e-14
3.173888708e-15
1.249659197e-15
2.640148756e-16
1.066973126e-14
4.046292177e-15
1.208531046e-14
2.660852964e-14
5.395026205e-15
3.697964667e-14
2.395156021e-14
1.144710167e-13
3.104636744e-13
6.560203193e-14
1.90823709e-14
2.944187946e-15
8.083651437e-15
2.866255047e-14
5.614779982e-15
6.520938989e-15
6.197061241e-16
3.506169833e-16
1.07362443e-15
1.248370594e-16
1.697979919e-15
1.469281406e-16
1.780837515e-17
1.853909121e-17
1.950371397e-18
2.127901303e-16
2.155221907e-17
2.320243365e-18
5.057941218e-19
7.453265247e-20
2.304211584e-17
2.960036452e-18
3.373527677e-19
4.430168815e-20
8.859801451e-21
2.480896769e-12
2.198428446e-13
6.335046599e-14
2.083583443e-15
1.274418754e-15
2.313442542e-11
3.977859857e-12
1.62061459e-13
2.701370511e-15
2.015777932e-15
4.951017649e-11
3.86848659e-12
2.031842791e-13
1.739021555e-14
2.196619372e-15
3.009064486e-12
3.003185069e-13
5.195671959e-14
1.245978247e-15
1.39878441e-15
5.501962969e-14
3.08947184e-14
5.373359558e-15
2.966140604e-15
6.292684419e-16
1.283272965e-14
8.260660702e-15
2.597419257e-14
4.98163833e-14
1.138969253e-14
5.371312941e-14
4.78311705e-14
2.036149271e-13
4.165178057e-13
1.120806973e-13
1.107030602e-14
5.347590526e-15
1.57427823e-14
3.645386651e-14
9.310116585e-15
1.467241864e-15
7.620342556e-16
7.027184307e-16
1.536809454e-15
2.130241342e-16
1.646984365e-15
2.036326104e-16
3.418213709e-17
3.107822907e-17
3.567187699e-18
3.134776904e-16
3.694984551e-17
4.333805462e-18
1.013355668e-18
1.72810584e-19
4.070754906e-17
5.841613587e-18
7.463793293e-19
1.102722129e-19
2.616028174e-20
2.348491262e-12
3.913603329e-13
3.133989767e-14
4.120877501e-15
1.82466868e-16
1.675433016e-11
2.508679573e-12
1.281920234e-13
1.833671469e-15
2.734895916e-16
4.067493826e-11
3.044385166e-12
6.491768204e-14
4.508848764e-15
3.378212017e-16
3.737634215e-12
2.668133397e-13
5.522493625e-14
1.992076413e-14
2.084861948e-15
1.017091921e-13
3.52776006e-14
7.495153835e-15
4.574390448e-15
9.510457699e-16
3.541574043e-15
1.175574124e-14
3.703124862e-14
6.080924864e-14
1.539017412e-14
4.797732578e-14
6.380463377e-14
2.363519918e-13
2.054827574e-13
1.218094812e-13
5.058781132e-15
7.431660158e-15
2.115905945e-14
3.456929402e-14
1.115971412e-14
4.554951045e-16
8.881146192e-16
1.009988936e-15
1.754453721e-15
2.713366189e-16
1.603565017e-15
2.534773505e-16
5.18648562e-17
4.079869812e-17
4.819918479e-18
3.99571671e-16
5.544845831e-17
7.21537735e-18
1.89202422e-18
3.272929351e-19
6.238705002e-17
1.008658772e-17
1.436551616e-18
2.358213597e-19
6.444240343e-20
2.228883283e-12
5.079379836e-13
2.526485256e-14
1.321946985e-15
3.736778825e-17
1.432424709e-11
2.743774345e-12
1.09719923e-13
1.482157382e-15
4.609241432e-17
2.857590163e-11
2.189483177e-12
3.141358916e-14
1.088322221e-15
1.057897105e-16
2.387725146e-12
2.170998777e-13
2.144188115e-14
4.353835189e-15
1.552883128e-15
8.729812656e-14
3.76181046e-14
9.252975724e-15
5.072485182e-15
1.06438547e-15
1.490070424e-15
1.527743762e-14
1.038618152e-13
6.26479066e-14
1.519247292e-14
1.693764478e-14
2.903241684e-14
2.255005303e-13
4.064749262e-14
9.451847189e-14
4.180824093e-15
7.875742541e-15
2.253021361e-14
1.640851456e-14
1.022367703e-14
2.996679276e-16
9.678323219e-16
1.17141804e-15
1.678841379e-15
2.76763375e-16
3.673810183e-16
2.538344668e-16
6.558259116e-17
4.859588461e-17
5.47085805e-18
3.797324878e-16
7.069333685e-17
1.059438037e-17
2.935710816e-18
4.89933919e-19
8.212057229e-17
1.523713823e-17
2.420514573e-18
4.395543009e-19
1.294363802e-19
5.394626995e-40
2.091212952e-40
2.672997536e-39
2.780725124e-38
3.817395944e-38
6.593820999e-40
2.864033665e-40
2.066589541e-39
1.383463188e-38
6.456659457e-38
3.166776737e-39
6.600556753e-40
1.447482752e-39
6.286791138e-39
3.252923367e-39
4.310257483e-38
2.317814519e-38
8.803951533e-40
1.895096836e-39
9.282848936e-39
1.013607713e-38
2.869613911e-39
3.351086621e-39
2.472488877e-40
7.107917199e-40
1.11764606e-38
7.031197379e-38
4.959891862e-39
2.941556182e-39
1.861007385e-40
3.309093549e-40
1.009643397e-39
1.54589224e-39
2.053479405e-39
1.404322301e-41
6.423556209e-42
3.477479983e-40
1.219111734e-39
2.205831054e-39
2.341395317e-41
7.286072712e-43
2.430204051e-41
7.729304668e-40
1.662979402e-39
3.755213642e-41
2.026753583e-40
6.876740256e-41
1.304272164e-39
2.860688586e-39
4.446860684e-39
4.637433949e-40
3.537831439e-42
2.613741763e-40
5.281602778e-40
3.819966416e-40
1.862318755e-37
6.347745747e-40
1.304516236e-41
7.231856849e-42
1.038502853e-40
2.060239437e-37
7.814968011e-38
1.098626643e-36
1.208592778e-35
1.581427719e-35
2.60230841e-37
1.059409011e-37
6.962786484e-37
4.107348739e-36
1.846592988e-35
1.266544604e-36
2.177534293e-37
3.878672352e-37
1.685899827e-36
7.747656386e-37
1.868349373e-35
9.6778979e-36
2.708713745e-37
4.705059991e-37
2.733523795e-36
3.641702344e-36
1.106335856e-36
1.433468592e-36
6.389929401e-38
1.714955273e-37
4.791759741e-36
2.974934643e-35
1.811009698e-36
1.05725559e-36
4.120210582e-38
1.204319932e-37
3.736250682e-37
6.547236325e-37
8.117977069e-37
3.221327809e-39
0
1.070884939e-37
5.113912402e-37
8.422552272e-37
4.912213405e-39
0
0
2.621785117e-37
5.761079588e-37
7.641485799e-39
9.952139954e-38
2.026307342e-37
4.92820261e-37
1.179084996e-36
1.626637337e-36
1.226159589e-36
6.562610294e-39
4.9876549e-37
1.734924004e-37
1.33547707e-37
6.352929604e-35
1.305328155e-36
3.551655615e-38
1.791459559e-38
5.508037538e-38
5.971492741e-35
2.347514632e-35
3.938014703e-34
4.691341397e-33
5.750996783e-33
9.177371971e-35
3.323169039e-35
1.988713917e-34
1.022227588e-33
4.39902488e-33
4.613991228e-34
6.248776358e-35
8.295203294e-35
4.189541356e-34
1.390316866e-34
7.607079563e-33
3.784455808e-33
7.149961511e-35
1.00141317e-34
7.880354417e-34
1.250879563e-33
4.000751634e-34
5.762505628e-34
1.364133649e-35
2.962700447e-35
1.958593524e-33
1.101094623e-32
5.904740579e-34
3.355483197e-34
7.154610451e-36
8.882699562e-35
2.856161318e-34
5.262210234e-34
5.384265795e-34
6.599993863e-36
0
0
4.670321501e-34
5.964824104e-34
1.218771065e-36
0
0
0
0
0
2.329066889e-34
6.163876436e-34
0
8.560861185e-34
1.299583304e-34
3.676441647e-33
7.427211693e-36
1.513259052e-33
0
7.326204825e-35
0
3.748304869e-33
9.677410463e-35
5.194119608e-35
6.167316026e-35
1.832063774e-32
6.14413721e-33
1.164946107e-31
1.718326885e-30
1.955422084e-30
3.025476756e-32
8.505118493e-33
5.068243665e-32
2.270935844e-31
8.826834415e-31
1.592416235e-31
1.488642619e-32
1.277436146e-32
1.028036322e-31
1.534378593e-32
2.92086843e-30
1.39150521e-30
1.522169827e-32
1.75787801e-32
2.272099515e-31
3.997684159e-31
1.356293916e-31
2.19492864e-31
2.508666442e-33
3.371135975e-33
6.928130319e-31
3.482424624e-30
1.787809664e-31
1.010737724e-31
1.025738477e-33
2.593533541e-31
8.488068218e-31
1.574427791e-30
1.613826544e-30
1.908452009e-32
0
0
1.394490869e-30
1.786386114e-30
2.762986119e-33
0
0
0
0
0
6.913037081e-31
1.856853222e-30
0
2.553749056e-30
0
1.118766245e-29
0
4.550930879e-30
0
2.162803394e-31
0
1.169174211e-29
2.655626481e-31
1.552886224e-31
1.826957664e-31
4.700138779e-30
8.499337727e-31
2.669440365e-29
6.228441492e-28
6.440506035e-28
8.045418998e-30
1.773898921e-30
1.372432147e-29
5.238994899e-29
1.664018708e-28
5.151364494e-29
2.748722275e-30
1.256608482e-30
2.520818526e-29
0
1.139432585e-27
4.785887432e-28
1.47959838e-30
2.148908868e-30
6.709376149e-29
1.127178139e-28
4.138704532e-29
7.068822464e-29
2.265741971e-31
1.717442665e-31
2.290428489e-28
8.744884575e-28
4.961975065e-29
3.130890976e-29
1.315799648e-31
7.755277459e-28
2.540551121e-27
4.704699127e-27
4.839133988e-27
5.511514043e-29
0
0
4.160523774e-27
5.33305325e-27
5.558898904e-30
0
0
0
0
0
2.023429961e-27
5.541386046e-27
0
7.540650474e-27
0
3.432688203e-26
0
1.356202427e-26
0
6.37346818e-28
0
3.78201216e-26
7.279215124e-28
4.623681354e-28
5.366152783e-28
0
0
4.802367376e-27
2.001805446e-25
1.861878753e-25
0
0
4.254236768e-27
1.081760176e-26
3.05687569e-26
1.54849891e-26
1.167132569e-29
0
0
0
4.941137604e-25
9.183491235e-26
0
6.310592056e-29
1.832757546e-26
2.768017021e-26
1.537016698e-26
0
0
5.965233072e-30
9.155385758e-26
1.535122361e-25
1.501624806e-26
1.183561207e-26
7.16466642e-29
2.313046511e-24
7.624872352e-24
1.402931305e-23
1.439939585e-23
1.567618041e-25
2.964107739e-26
0
1.232392693e-23
1.573614582e-23
8.351254982e-27
0
0
0
0
0
5.829246316e-24
1.643925467e-23
0
2.212925558e-23
0
1.177346455e-22
0
4.004966801e-23
0
1.852789969e-24
0
1.256542404e-22
2.030532139e-24
1.386485004e-24
1.576498745e-24
5.362617791e-24
8.948276306e-25
8.383798954e-25
0
0
3.522501137e-23
8.032553676e-24
1.402303247e-24
0
3.838966752e-24
0
0
0
0
0
1.663565699e-22
0
1.283099537e-24
0
0
0
7.059208789e-24
0
0
0
3.827385813e-23
1.232919375e-23
0
0
9.52061748e-26
4.945843796e-25
1.487411647e-23
0
9.938072997e-24
4.287734963e-22
1.375801361e-23
0
0
1.721496068e-23
7.189951928e-25
0
0
7.199754023e-23
1.89240306e-23
1.018916533e-23
1.625242399e-20
4.845577029e-20
9.519340203e-21
4.415026127e-22
2.499897514e-23
3.603887194e-19
0
1.156651047e-19
7.425463391e-22
6.298458474e-23
1.284280909e-17
3.765388941e-19
5.458150128e-21
4.041987786e-21
4.493612061e-21
9.735602605e-22
1.30761042e-22
1.697173351e-23
6.803838057e-23
5.360539505e-23
9.270464274e-21
1.426199814e-21
2.050296524e-22
2.680144832e-23
1.091223266e-23
0
0
0
0
0
0
0
0
4.013771035e-23
7.244523957e-24
3.851662569e-20
2.839233984e-21
1.15955203e-22
3.645307762e-24
1.276062916e-25
4.87140499e-22
2.986769455e-23
5.574844753e-24
6.042261253e-25
5.358655668e-25
3.550604589e-22
8.271382847e-22
0
3.322320599e-23
1.714140905e-22
0
3.766226347e-21
1.510707704e-20
2.330254765e-21
2.049782301e-23
1.200420761e-18
8.852989446e-18
1.337702307e-19
4.863571487e-21
2.143438053e-21
7.614807956e-18
1.18227575e-16
2.690048026e-18
4.172330736e-20
1.961482265e-21
7.279815467e-16
0
2.692687294e-16
1.080274402e-18
1.415952652e-19
2.380780147e-15
8.378599809e-16
1.156872668e-17
9.346679115e-18
1.863809082e-18
8.819218222e-20
7.281197201e-21
4.910580668e-22
1.031110977e-22
5.87540992e-23
8.315714782e-19
1.000090835e-19
1.149500442e-20
9.673418106e-22
4.715791987e-23
5.788629269e-18
7.861696436e-19
8.003248961e-20
3.870275055e-21
6.748573771e-23
1.440897214e-17
1.209725671e-18
1.058078172e-19
5.322022916e-21
1.205929238e-22
2.68897706e-18
1.634449278e-19
6.246129437e-21
1.163179812e-22
2.683644212e-24
2.736261567e-19
2.218271468e-20
8.198355786e-22
4.083889435e-23
5.170064987e-24
1.930778844e-19
1.569081291e-19
2.419803839e-20
2.876179729e-21
3.719629069e-22
6.095416171e-18
3.035906174e-18
2.930723776e-18
3.465949251e-19
2.149429881e-20
1.71180677e-16
8.013629805e-16
6.625734281e-17
4.648142535e-18
3.420924881e-19
4.231097599e-15
1.214357769e-14
2.24943737e-16
7.74372964e-18
1.141276112e-18
8.931370422e-14
2.967746128e-15
2.53104857e-14
3.140605512e-16
2.113479362e-16
5.098832552e-14
8.962450303e-13
7.738425693e-15
1.045698741e-14
1.896082004e-15
1.773730362e-18
1.2254001e-19
7.609056844e-21
4.655592449e-22
8.094420524e-23
1.429957043e-17
1.494779025e-18
1.143216665e-19
7.960919228e-21
2.528818922e-22
1.057807459e-16
1.110090941e-17
6.698543207e-19
1.44997989e-20
3.997516506e-22
3.279573724e-16
1.469255831e-17
5.481850767e-19
1.419106941e-20
3.950076622e-22
3.964994362e-17
1.376005753e-18
4.128894743e-20
1.219679924e-21
4.432205584e-23
5.212343957e-18
6.157172236e-19
3.425194396e-20
2.059212496e-21
1.873104011e-22
8.594730986e-18
1.174199894e-17
9.833620818e-19
1.208081987e-19
9.580695912e-21
1.900323168e-16
3.472238597e-16
7.386297906e-17
1.113610558e-17
7.507843895e-19
4.861986531e-15
1.000803086e-14
1.91740598e-15
2.570874853e-16
2.240949451e-17
1.392518497e-13
1.594012082e-13
3.715959716e-14
6.486013651e-15
5.226685487e-16
5.813286562e-12
2.608338469e-12
4.688540043e-13
5.654372329e-14
5.690755638e-15
1.586377481e-10
2.933090151e-11
2.583986767e-12
3.345479114e-13
5.069966299e-14
4.448944707e-18
4.160985505e-19
3.238046394e-20
2.305844629e-21
2.733172842e-22
4.161859851e-17
3.45840412e-18
2.425678254e-19
1.394983938e-20
6.920932486e-22
3.27246412e-16
2.061653344e-17
1.005390962e-18
3.223964197e-20
1.41529438e-21
9.41364405e-16
3.801637652e-17
1.410796742e-18
4.720215272e-20
1.793297298e-21
2.03284495e-16
7.560432584e-18
2.682437283e-19
9.687932677e-21
4.858842435e-22
3.596308559e-17
4.923806352e-18
4.733767857e-19
3.409019634e-20
3.526373628e-21
8.682086925e-17
6.289777282e-17
7.958662475e-18
1.109579343e-18
1.0259317e-19
1.416424304e-15
1.41373925e-15
2.308355905e-16
3.79072892e-17
2.646204267e-18
3.829563656e-14
5.864645398e-14
9.613969577e-15
1.409523963e-15
1.222624147e-16
9.363608118e-13
1.474645953e-12
1.69884914e-13
1.768617537e-14
1.344589014e-15
1.740670541e-11
4.430903939e-11
2.921103727e-12
2.305557831e-13
2.185927101e-14
1.519371433e-09
1.677810258e-09
2.130707451e-11
1.559660795e-12
2.393982491e-13
1.014973238e-17
1.138537197e-18
1.055233227e-19
9.060918047e-21
1.232374633e-21
8.300137097e-17
7.495185769e-18
5.212338953e-19
2.759743799e-20
1.69720129e-21
5.588746326e-16
3.432720057e-17
1.624317282e-18
6.390334795e-20
3.859882851e-21
1.91764865e-15
8.843502572e-17
3.699709778e-18
1.470220047e-19
7.169418318e-21
6.178576963e-16
2.665864707e-17
1.091709596e-18
4.697051174e-20
3.329123915e-21
1.311940688e-16
1.606771953e-17
1.828000084e-18
2.217062573e-19
3.697750024e-20
4.105961732e-16
2.074086968e-16
3.153271243e-17
4.717946595e-18
5.874997232e-19
6.624807961e-15
3.977670786e-15
6.062683258e-16
7.293369149e-17
6.21237593e-18
1.523317419e-13
1.280284767e-13
2.031787688e-14
2.794683548e-15
2.713574208e-16
3.017047429e-12
2.12882169e-12
2.551141001e-13
2.710929603e-14
2.134315204e-15
4.975214125e-11
2.113486838e-11
1.606048072e-12
3.224360123e-13
4.586200676e-14
1.803983469e-09
1.108161153e-09
3.414737645e-11
3.623967302e-12
6.256173465e-13
2.135096975e-17
2.698844234e-18
2.848200222e-19
2.899259292e-20
4.766222597e-21
1.51182156e-16
1.446018243e-17
1.035114826e-18
5.678279605e-20
4.390221497e-21
8.811137345e-16
5.952773482e-17
2.905886275e-18
1.275134166e-19
9.456874006e-21
2.894120211e-15
1.634666523e-16
8.022541215e-18
3.732616301e-19
2.258732064e-20
1.334369658e-15
6.583317006e-17
3.033646846e-18
1.497989541e-19
1.445682621e-20
3.040431947e-16
3.192764656e-17
4.229229178e-18
7.008358674e-19
1.646269338e-19
9.576208909e-16
4.11635085e-16
7.148684108e-17
1.093072535e-17
1.843529329e-18
1.321751592e-14
8.504865024e-15
1.199661268e-15
1.247500165e-16
1.42506798e-17
1.898098827e-13
1.919726813e-13
2.976236187e-14
3.66343457e-15
4.160133559e-16
1.160029808e-12
2.396927045e-12
3.029900724e-13
3.05478193e-14
2.805021363e-15
5.372257659e-11
1.651486205e-11
6.914390748e-13
7.108581532e-14
9.211505164e-15
1.876455303e-09
8.214678273e-10
4.875433894e-11
2.241376587e-12
7.701309198e-13
3.891389156e-17
5.490125758e-18
6.517149833e-19
7.624432897e-20
1.489679146e-20
2.379114308e-16
2.430388828e-17
1.889966369e-18
1.176517604e-19
1.127706348e-20
1.162180278e-15
9.312515024e-17
5.042301667e-18
2.48050189e-19
2.16021859e-20
2.894386233e-15
2.335914915e-16
1.409284472e-17
7.747208974e-19
5.695452686e-20
2.195716484e-15
1.229853192e-16
6.376319553e-18
3.579606161e-19
4.198070496e-20
5.305342975e-16
5.780410041e-17
7.939190117e-18
1.49910232e-18
4.266762947e-19
1.596870298e-15
6.992104101e-16
1.212796448e-16
1.892220292e-17
4.064868825e-18
1.743093527e-14
1.285899028e-14
1.923064819e-15
2.151962028e-16
3.407791183e-17
4.835611361e-14
2.263192828e-13
3.570756989e-14
4.183960179e-15
5.655779604e-16
6.886168186e-13
2.272282148e-12
3.118781886e-13
3.136878975e-14
3.347285064e-15
3.827487129e-11
9.505304796e-12
4.856419134e-13
2.232990673e-14
1.797220833e-15
6.583003699e-10
6.292292734e-10
5.522060569e-11
1.574894575e-12
1.258572791e-13
6.090029748e-17
9.709832756e-18
1.294666995e-18
1.710732081e-19
3.862624167e-20
3.153542131e-16
3.701802541e-17
3.261178472e-18
2.404235956e-19
2.756198832e-20
1.170034147e-15
1.243376295e-16
8.089114113e-18
4.615869657e-19
4.607931048e-20
3.072437594e-15
3.031680836e-16
2.167290527e-17
1.38476514e-18
1.208419197e-19
2.889083448e-15
1.876825123e-16
1.105693203e-17
7.02413712e-19
9.328023406e-20
7.361310648e-16
9.135041833e-17
1.300709588e-17
2.658513781e-18
8.423150688e-19
1.63319923e-15
9.42719569e-16
1.682645056e-16
2.906720022e-17
7.538501825e-18
3.939856277e-15
1.415480469e-14
2.361153369e-15
3.126617883e-16
6.512980364e-17
1.557558924e-14
2.024105414e-13
3.194873408e-14
4.270035632e-15
7.401564174e-16
2.758572475e-13
1.762764262e-12
7.582435519e-14
2.46233098e-14
3.785290922e-15
1.282028855e-11
4.904738797e-12
3.992927357e-13
1.134283269e-14
4.634334837e-16
2.086926987e-10
5.362559232e-10
5.626310301e-11
1.069589123e-12
2.994633888e-14
8.35893402e-17
1.515795697e-17
2.252213613e-18
3.283743329e-19
8.189854106e-20
3.860064581e-16
5.211971436e-17
5.239630459e-18
4.484017425e-19
5.850117259e-20
1.150633933e-15
1.536190207e-16
1.219979074e-17
8.271376178e-19
9.085723976e-20
3.210589015e-15
3.602243823e-16
2.982616314e-17
2.185720253e-18
2.200386016e-19
8.26369415e-16
1.912596946e-16
1.534144958e-17
1.159461085e-18
1.729739942e-19
4.918621258e-16
1.161587767e-16
1.587290236e-17
4.031090684e-18
1.396103286e-18
1.585128412e-15
1.06761527e-15
5.46824223e-17
3.639501113e-17
1.156688102e-17
4.331865779e-15
1.134835057e-14
2.41340001e-15
3.306618752e-16
7.840288732e-17
4.750676123e-15
4.52659887e-14
2.34174713e-14
1.000073917e-15
1.238137039e-16
9.472659861e-14
3.755930642e-13
1.962357406e-14
4.595624402e-15
3.21266312e-15
3.991324311e-12
3.031195541e-12
2.853488987e-13
7.32258651e-15
1.844834155e-16
7.924716387e-11
3.809448955e-10
4.012936347e-11
7.600464174e-13
1.524010044e-14
)
;

boundaryField
{
    walls
    {
        type            zeroGradient;
    }
    inlet
    {
        type            fixedValue;
        value           uniform 0;
    }
    outlet
    {
        type            inletOutlet;
        phi             alphaRhoPhi;
        inletValue      uniform 0;
        value           nonuniform List<scalar> 
384
(
3.572659707e-16
5.393974686e-16
5.643709923e-15
2.759057578e-14
5.254301319e-13
2.957544478e-13
9.428847123e-15
6.020317314e-15
2.996390708e-13
3.719856882e-12
1.088553996e-12
5.271004569e-14
2.087603185e-15
6.640804193e-15
4.958603341e-14
3.190895084e-12
3.134810854e-11
7.392947146e-12
4.595502158e-13
1.732684977e-13
1.140650304e-13
1.207496096e-13
3.136197573e-14
3.894912431e-14
7.775936488e-16
2.384473475e-14
3.050269062e-12
1.079213765e-10
8.053823419e-10
1.916657416e-10
1.648225866e-11
1.497715201e-12
1.129494461e-13
3.759558232e-15
2.9645036e-15
1.797945622e-14
2.264974884e-14
3.776279545e-13
2.47120588e-11
6.798284374e-10
1.766523464e-09
1.18467266e-09
2.144863763e-10
6.470683815e-12
2.332673029e-13
1.656803322e-15
1.360937951e-15
1.918796893e-14
4.098242919e-14
1.970225086e-13
9.879526988e-13
6.812190348e-11
1.084396411e-09
5.270694283e-10
2.430687074e-11
1.981227199e-13
5.682090612e-15
2.203103283e-15
1.11238697e-13
1.430665586e-12
8.164753129e-15
1.931748222e-14
2.620242817e-14
7.686066109e-13
4.682337964e-11
8.692088366e-10
4.93278188e-11
3.874836911e-13
3.719698087e-14
3.32413881e-15
2.419343228e-13
1.789751745e-11
1.452408461e-15
3.005478606e-15
3.553553254e-14
9.353483798e-14
5.343951358e-13
1.916149563e-11
4.779676008e-13
3.248452386e-13
2.65022476e-15
1.369080481e-14
5.292127043e-13
4.090659864e-11
4.943753219e-15
3.065585483e-15
5.020617713e-15
2.191966426e-13
2.250987335e-12
2.20027515e-13
3.207090317e-14
5.31849254e-15
9.303264859e-16
2.217546233e-15
2.719299252e-14
9.793324381e-13
1.469556795e-15
9.450509632e-15
3.127101071e-14
1.591773832e-13
1.906805119e-13
1.4798528e-12
3.772759366e-14
7.870503219e-15
9.554280027e-16
2.770259175e-15
1.448966652e-14
5.188237217e-14
1.138082541e-14
1.79616427e-14
1.180736157e-13
1.743415738e-13
6.712448509e-13
2.047570401e-13
1.030704155e-14
1.045985649e-15
1.547125497e-15
6.600384645e-15
5.107783173e-15
1.331910963e-14
1.678740566e-13
1.186285573e-14
1.526992986e-14
2.544594647e-14
4.299069885e-14
1.218918924e-14
9.838324222e-16
1.382736044e-15
4.217927704e-15
4.724979721e-14
4.359221315e-14
8.295449366e-15
2.178312478e-12
1.149491401e-13
4.21647841e-14
2.286305561e-14
3.968220789e-14
2.437561101e-15
1.783647078e-15
2.04378849e-15
4.242051396e-14
3.048964227e-12
7.162134054e-13
5.873933123e-14
1.413007876e-12
4.203372834e-14
4.350475814e-13
6.405007807e-14
3.325512933e-14
1.131731575e-14
3.018025871e-15
2.831857401e-14
1.358965868e-13
1.3716374e-11
3.991704239e-11
2.986561999e-12
8.340613707e-12
1.47241652e-13
1.536288951e-11
3.653700237e-13
4.729234527e-14
5.887093665e-13
6.602210023e-15
7.624354067e-15
3.035962087e-14
1.083979455e-12
5.41635817e-13
6.381564411e-14
5.961907805e-13
1.321264127e-13
2.440515991e-11
5.991025891e-12
1.912834559e-13
8.7860317e-15
3.131716473e-14
8.364254017e-16
4.670119386e-15
1.235422132e-14
9.995250391e-15
2.131300734e-14
3.943392617e-14
2.209731418e-14
9.241875736e-13
3.509914244e-12
3.336911718e-13
4.885937547e-14
3.60865788e-15
1.795614307e-16
1.280852457e-15
1.329632576e-15
3.409687738e-15
7.264746562e-14
9.69598797e-16
1.645650647e-14
3.144637746e-12
1.703011594e-12
6.627716903e-14
7.927259461e-13
8.787218838e-15
8.160810734e-16
2.658542573e-16
3.742532248e-16
1.391281897e-15
4.366929059e-15
3.410709147e-14
1.826540792e-13
5.291563648e-14
2.733181562e-13
2.95508114e-11
3.518441579e-10
1.435350043e-10
4.061268332e-12
5.58300078e-14
4.275808791e-14
2.223310259e-14
1.992705478e-13
9.064049758e-14
1.076669159e-12
2.806877086e-14
1.517168249e-12
2.707879865e-11
1.307658234e-09
5.831483919e-10
9.007244783e-12
1.069781456e-13
2.54763254e-14
1.057699234e-15
2.231670335e-14
3.846753618e-13
2.384413535e-12
2.277476326e-14
8.440294035e-13
3.131080105e-11
4.144214704e-09
1.08737587e-09
9.826468905e-11
8.039298282e-13
5.837010956e-14
2.829262967e-15
1.734819387e-15
9.057519143e-14
1.048922425e-11
9.929253171e-14
4.319564602e-13
1.007523768e-12
1.207637357e-10
9.475802285e-11
2.360374511e-12
4.016084726e-14
4.450582025e-15
1.181229915e-15
5.907929635e-16
5.147019362e-15
4.390645834e-13
6.369139095e-14
1.468759258e-13
1.522477401e-13
1.196289665e-12
3.479418383e-12
1.538770834e-13
4.448795969e-14
4.746146528e-15
7.299644491e-16
7.630416121e-17
2.228883283e-12
1.432424709e-11
2.857590163e-11
2.387725146e-12
8.729812656e-14
1.490070424e-15
1.693764478e-14
4.180824093e-15
2.996679276e-16
3.673810183e-16
3.797324878e-16
8.212057229e-17
5.079379836e-13
2.743774345e-12
2.189483177e-12
2.170998777e-13
3.76181046e-14
1.527743762e-14
2.903241684e-14
7.875742541e-15
9.678323219e-16
2.538344668e-16
7.069333685e-17
1.523713823e-17
2.526485256e-14
1.09719923e-13
3.141358916e-14
2.144188115e-14
9.252975724e-15
1.038618152e-13
2.255005303e-13
2.253021361e-14
1.17141804e-15
6.558259116e-17
1.059438037e-17
2.420514573e-18
1.321946985e-15
1.482157382e-15
1.088322221e-15
4.353835189e-15
5.072485182e-15
6.26479066e-14
4.064749262e-14
1.640851456e-14
1.678841379e-15
4.859588461e-17
2.935710816e-18
4.395543009e-19
3.736778825e-17
4.609241432e-17
1.057897105e-16
1.552883128e-15
1.06438547e-15
1.519247292e-14
9.451847189e-14
1.022367703e-14
2.76763375e-16
5.47085805e-18
4.89933919e-19
1.294363802e-19
8.35893402e-17
3.860064581e-16
1.150633933e-15
3.210589015e-15
8.26369415e-16
4.918621258e-16
1.585128412e-15
4.331865779e-15
4.750676123e-15
9.472659861e-14
3.991324311e-12
7.924716387e-11
1.515795697e-17
5.211971436e-17
1.536190207e-16
3.602243823e-16
1.912596946e-16
1.161587767e-16
1.06761527e-15
1.134835057e-14
4.52659887e-14
3.755930642e-13
3.031195541e-12
3.809448955e-10
2.252213613e-18
5.239630459e-18
1.219979074e-17
2.982616314e-17
1.534144958e-17
1.587290236e-17
5.46824223e-17
2.41340001e-15
2.34174713e-14
1.962357406e-14
2.853488987e-13
4.012936347e-11
3.283743329e-19
4.484017425e-19
8.271376178e-19
2.185720253e-18
1.159461085e-18
4.031090684e-18
3.639501113e-17
3.306618752e-16
1.000073917e-15
4.595624402e-15
7.32258651e-15
7.600464174e-13
8.189854106e-20
5.850117259e-20
9.085723976e-20
2.200386016e-19
1.729739942e-19
1.396103286e-18
1.156688102e-17
7.840288732e-17
1.238137039e-16
3.21266312e-15
1.844834155e-16
1.524010044e-14
)
;
    }
}


// ************************************************************************* //
