/*--------------------------------*- C++ -*----------------------------------*\
  =========                 |
  \\      /  F ield         | OpenFOAM: The Open Source CFD Toolbox
   \\    /   O peration     | Website:  https://openfoam.org
    \\  /    A nd           | Version:  7
     \\/     M anipulation  |
\*---------------------------------------------------------------------------*/
FoamFile
{
    version     2.0;
    format      ascii;
    class       volScalarField;
    location    "2";
    object      CO;
}
// * * * * * * * * * * * * * * * * * * * * * * * * * * * * * * * * * * * * * //

dimensions      [0 0 0 0 0 0 0];

internalField   nonuniform List<scalar> 
6144
(
5.170390621e-09
5.441535771e-09
6.116186168e-09
6.999432289e-09
6.91826648e-09
6.209046052e-09
5.913614155e-09
5.464204923e-09
5.098977591e-09
5.200298557e-09
5.187255099e-09
4.647955832e-09
5.419929096e-09
5.360208989e-09
5.877668733e-09
6.648071711e-09
6.915211548e-09
6.480450701e-09
6.242831631e-09
5.721272238e-09
5.45702174e-09
5.878440246e-09
5.726183961e-09
4.769273514e-09
5.726104301e-09
5.433202824e-09
5.31239599e-09
5.548505248e-09
6.184656974e-09
6.327556037e-09
5.974299903e-09
5.733654771e-09
5.44552359e-09
5.797661792e-09
5.985320508e-09
5.229121476e-09
6.040952779e-09
5.862251204e-09
5.270402135e-09
4.831216052e-09
5.285288774e-09
5.791039272e-09
5.435683469e-09
5.05017002e-09
4.797517667e-09
5.313087779e-09
5.818880766e-09
5.525615464e-09
6.146390655e-09
5.726090344e-09
4.938468922e-09
4.487231698e-09
4.690814721e-09
5.086077408e-09
5.301639263e-09
5.076844613e-09
4.780180163e-09
5.051537264e-09
5.47386409e-09
5.507670678e-09
6.31380778e-09
6.177383154e-09
5.565607447e-09
5.141426398e-09
4.845836455e-09
4.863986138e-09
5.078483735e-09
5.128624394e-09
5.081341189e-09
5.026837161e-09
5.284907381e-09
5.550758933e-09
6.045552092e-09
6.658881319e-09
6.94124385e-09
6.764568302e-09
6.033558705e-09
5.661076148e-09
5.608501437e-09
5.55737763e-09
5.660917596e-09
5.632285687e-09
5.748303691e-09
5.745442243e-09
5.951133354e-09
6.830351235e-09
7.552029121e-09
7.120965581e-09
6.334924289e-09
6.021777463e-09
6.159307654e-09
6.347362161e-09
6.301203136e-09
6.11381793e-09
6.141370794e-09
5.887919049e-09
6.057700032e-09
6.775643211e-09
7.476772293e-09
6.941697001e-09
6.437367962e-09
6.053433657e-09
6.228834336e-09
6.690816598e-09
6.536911393e-09
6.215685079e-09
6.208713475e-09
5.903055546e-09
6.051386234e-09
6.545390658e-09
6.934147664e-09
6.60247703e-09
6.415477896e-09
6.247568938e-09
6.175071957e-09
6.546319908e-09
6.570439449e-09
6.378132317e-09
6.234420228e-09
5.970985524e-09
5.615796095e-09
5.922830813e-09
6.200741371e-09
6.347842744e-09
6.811180682e-09
6.901793816e-09
6.685564926e-09
6.797575009e-09
6.77181915e-09
6.242627405e-09
5.850637331e-09
5.768598718e-09
4.98303624e-09
5.392124187e-09
5.696840353e-09
6.112939474e-09
6.765681953e-09
6.949402349e-09
6.650525961e-09
6.343469429e-09
5.879730073e-09
5.287644048e-09
5.015514204e-09
5.194387233e-09
5.296640977e-08
5.604134499e-08
6.370143762e-08
7.371978227e-08
7.269881102e-08
6.408974735e-08
6.015901643e-08
5.608684769e-08
5.192780144e-08
5.320160615e-08
5.380392883e-08
4.713974815e-08
5.578417481e-08
5.402273503e-08
6.049427506e-08
6.943820585e-08
7.147709509e-08
6.652782797e-08
6.43549392e-08
5.790733401e-08
5.582592274e-08
6.188409927e-08
6.010459539e-08
4.795467843e-08
5.855122223e-08
5.545516318e-08
5.408734536e-08
5.6651778e-08
6.419650714e-08
6.537497851e-08
6.047630238e-08
5.873588456e-08
5.613874274e-08
6.053736468e-08
6.28283719e-08
5.310866494e-08
6.189519225e-08
6.100395186e-08
5.425800532e-08
4.886464075e-08
5.416750184e-08
6.024944802e-08
5.534434927e-08
5.10108152e-08
4.900993902e-08
5.513664818e-08
6.059848701e-08
5.648119395e-08
6.294582963e-08
5.890096647e-08
4.996799019e-08
4.503163114e-08
4.761891681e-08
5.219769091e-08
5.420594249e-08
5.206440946e-08
4.933709252e-08
5.261618564e-08
5.67288943e-08
5.64727577e-08
6.497346217e-08
6.396009403e-08
5.662217875e-08
5.204955696e-08
4.89262832e-08
4.931659451e-08
5.141539209e-08
5.169793208e-08
5.166305462e-08
5.134589146e-08
5.395435469e-08
5.6796555e-08
6.186128853e-08
6.83663615e-08
7.168917109e-08
7.069531035e-08
6.247246959e-08
5.836247498e-08
5.736741516e-08
5.684457846e-08
5.834281456e-08
5.797434303e-08
5.957053099e-08
5.971036079e-08
6.123695351e-08
7.004067856e-08
7.73914774e-08
7.293297564e-08
6.427625822e-08
6.116636175e-08
6.339727989e-08
6.589629275e-08
6.527712989e-08
6.31425556e-08
6.382688337e-08
6.043335562e-08
6.262400064e-08
6.941742798e-08
7.695550617e-08
7.043108895e-08
6.515283643e-08
6.140491736e-08
6.340228229e-08
6.982424293e-08
6.764545253e-08
6.355292601e-08
6.321755318e-08
5.942891933e-08
6.269109488e-08
6.695476114e-08
7.145263613e-08
6.706608062e-08
6.532200809e-08
6.382863005e-08
6.202684621e-08
6.681338297e-08
6.735835108e-08
6.455205122e-08
6.337887478e-08
6.132830006e-08
5.806116035e-08
6.054181072e-08
6.347204475e-08
6.471286901e-08
7.03255732e-08
7.074746061e-08
6.834185567e-08
6.97875061e-08
7.006834688e-08
6.457459418e-08
6.054165763e-08
6.009390141e-08
5.133740163e-08
5.535684234e-08
5.831545768e-08
6.249063407e-08
6.98186506e-08
7.141832789e-08
6.819524083e-08
6.569042386e-08
6.088584835e-08
5.438880149e-08
5.167962474e-08
5.396764813e-08
5.104628149e-07
5.422385765e-07
6.240012203e-07
7.329924887e-07
7.248201464e-07
6.243554167e-07
5.728206722e-07
5.338616524e-07
4.906616005e-07
5.092598811e-07
5.240565972e-07
4.421872167e-07
5.364162573e-07
5.073161634e-07
5.789506095e-07
6.777128758e-07
6.920326999e-07
6.421885296e-07
6.247922002e-07
5.471705388e-07
5.353266225e-07
6.181484206e-07
5.971924365e-07
4.475567541e-07
5.568159583e-07
5.233879852e-07
5.123038579e-07
5.404659189e-07
6.225632852e-07
6.271688641e-07
5.719581298e-07
5.648732831e-07
5.469074825e-07
5.988839631e-07
6.252634407e-07
5.02408252e-07
5.90711942e-07
5.897334311e-07
5.226631353e-07
4.602093373e-07
5.188706376e-07
5.863115725e-07
5.250101345e-07
4.841463504e-07
4.749045639e-07
5.436898744e-07
5.981060605e-07
5.403476728e-07
6.037126306e-07
5.652981676e-07
4.716924331e-07
4.203935634e-07
4.500280721e-07
4.987632145e-07
5.219199645e-07
5.073309046e-07
4.853055261e-07
5.230968501e-07
5.559224037e-07
5.434840385e-07
6.278288385e-07
6.194612479e-07
5.376368831e-07
4.912111655e-07
4.600347667e-07
4.681969037e-07
4.891533015e-07
4.903689163e-07
4.93563165e-07
4.9436611e-07
5.168613516e-07
5.460733831e-07
5.952446001e-07
6.549037008e-07
6.883598856e-07
6.851926559e-07
6.015104653e-07
5.648734845e-07
5.535331568e-07
5.415604197e-07
5.631305299e-07
5.577061292e-07
5.767010365e-07
5.773935314e-07
5.946749248e-07
6.73982339e-07
7.391143045e-07
6.912283168e-07
6.06861324e-07
5.836640029e-07
6.115317507e-07
6.388718463e-07
6.363073163e-07
6.106709194e-07
6.163708157e-07
5.768596435e-07
6.099912443e-07
6.655991132e-07
7.382597419e-07
6.634957122e-07
6.168395935e-07
5.867177215e-07
6.021394817e-07
6.750164086e-07
6.505140484e-07
6.023458382e-07
5.992375946e-07
5.575275922e-07
6.104138009e-07
6.414074388e-07
6.863182284e-07
6.360701211e-07
6.237382372e-07
6.143822076e-07
5.822289524e-07
6.361559933e-07
6.419269997e-07
6.106793665e-07
6.054053275e-07
5.922793775e-07
5.612640291e-07
5.773454131e-07
6.052513676e-07
6.179855633e-07
6.812617246e-07
6.787566255e-07
6.557286339e-07
6.765898024e-07
6.878382325e-07
6.332713569e-07
5.931178037e-07
5.92747324e-07
4.893052746e-07
5.285656809e-07
5.546638957e-07
5.983451665e-07
6.752320529e-07
6.850089973e-07
6.531492265e-07
6.416155535e-07
5.978044942e-07
5.296221539e-07
5.038591637e-07
5.297286411e-07
4.589510442e-06
4.84858092e-06
5.614046024e-06
6.730056804e-06
6.720596088e-06
5.677742412e-06
5.154631264e-06
4.718822603e-06
4.285216005e-06
4.545872554e-06
4.771385752e-06
3.887340802e-06
4.832890507e-06
4.469864653e-06
5.118842609e-06
6.079582249e-06
6.273233217e-06
5.836605747e-06
5.745016428e-06
4.877553425e-06
4.797435929e-06
5.808539813e-06
5.576265409e-06
3.915692825e-06
4.985594333e-06
4.562473264e-06
4.460489051e-06
4.720123146e-06
5.568499107e-06
5.617955259e-06
5.1197427e-06
5.151387973e-06
4.99858538e-06
5.563247592e-06
5.875123138e-06
4.473007159e-06
5.310422316e-06
5.27311286e-06
4.666315808e-06
3.999154753e-06
4.579324036e-06
5.291201969e-06
4.645966552e-06
4.324052831e-06
4.286168597e-06
5.034308242e-06
5.569301867e-06
4.888637777e-06
5.449547597e-06
4.966008421e-06
4.088493491e-06
3.640441139e-06
3.955573477e-06
4.421597857e-06
4.770845701e-06
4.695100944e-06
4.46547634e-06
4.871751409e-06
5.093774214e-06
4.91875703e-06
5.709973202e-06
5.510530553e-06
4.683157083e-06
4.303160178e-06
4.019911518e-06
4.125616259e-06
4.388265876e-06
4.424342889e-06
4.460777354e-06
4.424467396e-06
4.572405733e-06
4.900661937e-06
5.393626268e-06
5.854963155e-06
6.137317555e-06
6.165944344e-06
5.372685013e-06
5.089585053e-06
5.025152464e-06
4.818448493e-06
5.052952559e-06
4.95124329e-06
5.091670285e-06
5.116842981e-06
5.430601776e-06
6.10352179e-06
6.656068635e-06
6.115907927e-06
5.353190193e-06
5.230808243e-06
5.491091267e-06
5.729737299e-06
5.716617667e-06
5.421866966e-06
5.451960544e-06
5.120089183e-06
5.566141717e-06
5.963917925e-06
6.623519342e-06
5.84511793e-06
5.518210563e-06
5.281863362e-06
5.349248806e-06
6.037505722e-06
5.76355208e-06
5.298126633e-06
5.345588438e-06
4.993747424e-06
5.546248808e-06
5.746531923e-06
6.128549442e-06
5.650678436e-06
5.581179642e-06
5.556353351e-06
5.144932558e-06
5.675568653e-06
5.700906495e-06
5.503766958e-06
5.529481406e-06
5.423155097e-06
5.053799733e-06
5.118476711e-06
5.37019816e-06
5.519172383e-06
6.174972629e-06
6.126201353e-06
5.924007492e-06
6.212845974e-06
6.425333711e-06
5.872739271e-06
5.478292714e-06
5.517630694e-06
4.340388047e-06
4.680423465e-06
4.885955018e-06
5.359728556e-06
6.121447613e-06
6.157146001e-06
5.852621682e-06
5.862591867e-06
5.507828074e-06
4.839184351e-06
4.616137855e-06
4.896644045e-06
3.733636244e-05
3.918606964e-05
4.529598908e-05
5.571705116e-05
5.644463913e-05
4.696878878e-05
4.303503848e-05
3.863344531e-05
3.435237808e-05
3.735535415e-05
4.014832639e-05
3.175210197e-05
4.025526247e-05
3.637996898e-05
4.155896095e-05
4.945482639e-05
5.20223581e-05
4.8575522e-05
4.89626851e-05
4.033159206e-05
3.948972035e-05
5.034573448e-05
4.799885654e-05
3.161000508e-05
4.158324171e-05
3.711689673e-05
3.578311315e-05
3.756468632e-05
4.560865037e-05
4.676700983e-05
4.23353513e-05
4.388337015e-05
4.194326644e-05
4.735392902e-05
5.100202831e-05
3.684165943e-05
4.423242797e-05
4.400117401e-05
3.852328985e-05
3.211398495e-05
3.712184813e-05
4.433265307e-05
3.789531044e-05
3.543142474e-05
3.49079402e-05
4.255421158e-05
4.768274533e-05
4.114316583e-05
4.51394203e-05
3.954565841e-05
3.233224778e-05
2.917667851e-05
3.224812986e-05
3.631293618e-05
4.034524321e-05
3.973125656e-05
3.700049928e-05
4.103132627e-05
4.263148113e-05
4.107687755e-05
4.768750054e-05
4.451408528e-05
3.712884289e-05
3.489031498e-05
3.264906649e-05
3.354174116e-05
3.61482683e-05
3.671876662e-05
3.699711552e-05
3.5664236e-05
3.64389013e-05
4.014649177e-05
4.492892519e-05
4.809671147e-05
5.070703014e-05
5.198121397e-05
4.461766335e-05
4.22724591e-05
4.175742019e-05
3.943652499e-05
4.144158785e-05
3.983189214e-05
4.045271987e-05
4.131398438e-05
4.556336499e-05
5.119074341e-05
5.611385184e-05
5.056423618e-05
4.361646224e-05
4.315830599e-05
4.530995661e-05
4.714124837e-05
4.660494362e-05
4.366123727e-05
4.411281567e-05
4.18856353e-05
4.670826162e-05
4.951707714e-05
5.548482004e-05
4.784528404e-05
4.582797538e-05
4.360506507e-05
4.382574813e-05
5.011379353e-05
4.717229815e-05
4.300523373e-05
4.431770658e-05
4.169714711e-05
4.605947064e-05
4.764101507e-05
5.053370124e-05
4.628345595e-05
4.577686941e-05
4.603163857e-05
4.16747883e-05
4.662852548e-05
4.674568468e-05
4.61201933e-05
4.72210183e-05
4.603334526e-05
4.168712333e-05
4.187878207e-05
4.382991756e-05
4.502221216e-05
5.138582786e-05
5.110115851e-05
4.921731348e-05
5.244862829e-05
5.522794422e-05
5.00794017e-05
4.667769855e-05
4.750860662e-05
3.50742138e-05
3.852657483e-05
3.97036764e-05
4.407629804e-05
5.114222019e-05
5.132309306e-05
4.843066089e-05
4.91459566e-05
4.624173601e-05
4.035583375e-05
3.886512512e-05
4.195455451e-05
0.0002696443998
0.0002853934361
0.0003278745297
0.0004152506725
0.0004226232513
0.0003460157674
0.0003230295344
0.0002835512644
0.0002458795183
0.0002748859199
0.0003015656853
0.0002341147491
0.0003019157971
0.0002677856452
0.0003086924452
0.000366516798
0.0003912239999
0.0003616093006
0.0003725712018
0.0002989747259
0.0002905382033
0.0003909405951
0.0003666299546
0.0002280721221
0.0003154672927
0.0002760743529
0.0002628072838
0.000271508664
0.0003387678239
0.000351940117
0.0003133546313
0.0003381333796
0.0003160495287
0.0003582141536
0.0003932599032
0.0002723474332
0.0003327873996
0.0003360696463
0.0002926373517
0.0002344827683
0.0002720384109
0.0003349199208
0.0002770789741
0.0002578544316
0.0002490156811
0.0003166046297
0.0003631111468
0.0003115123507
0.0003346480635
0.0002874219964
0.0002336238002
0.0002133368529
0.0002387767803
0.000268155804
0.0003049658728
0.0002962987121
0.0002668931102
0.0003020204803
0.0003176000117
0.0003083544493
0.0003568932708
0.000329227438
0.0002679447341
0.0002576158023
0.000239890717
0.0002452404205
0.0002647856646
0.0002696266545
0.0002714703334
0.0002526376305
0.0002592677053
0.0002954380519
0.0003337981773
0.0003571098768
0.0003808202233
0.0004007559395
0.0003362733599
0.0003166204827
0.0003090024435
0.000285856054
0.0003029205222
0.0002869123678
0.0002892766065
0.0003002376429
0.0003422349665
0.0003874937479
0.0004315450619
0.0003814704911
0.0003216696742
0.0003214050319
0.0003344451681
0.0003470415897
0.0003407835643
0.0003152890606
0.0003212947424
0.0003075933106
0.000353309553
0.0003733345868
0.00042749182
0.0003562391843
0.00034573132
0.0003219835935
0.000321806527
0.0003745772214
0.000346645086
0.0003105223653
0.0003292996924
0.0003106736742
0.0003451766419
0.0003622461488
0.0003792909607
0.0003413132852
0.0003366176149
0.0003396993013
0.0003004565584
0.0003397355634
0.0003399477693
0.0003450942386
0.00036396194
0.0003477348955
0.0003119409167
0.0003125881171
0.0003221054742
0.0003271518625
0.0003858133265
0.0003847493393
0.0003655783838
0.0003931851035
0.0004218084317
0.0003779834119
0.0003531746127
0.0003661869369
0.0002546572657
0.0002896577406
0.000290284329
0.0003261378472
0.0003871183153
0.0003882636108
0.0003601503232
0.000365958539
0.0003425215235
0.0002969615579
0.0002894559224
0.0003223063009
0.001689901312
0.001785063592
0.002059483207
0.002692722007
0.002747501443
0.002168158935
0.002080289269
0.001770724466
0.00149624342
0.001725154724
0.001913207244
0.001486848153
0.001945312533
0.001731264339
0.002031407844
0.002393967829
0.002612976799
0.002331986232
0.002437789136
0.001874212599
0.001811186584
0.002579354701
0.002337663142
0.001393985982
0.002062389817
0.001781493565
0.001679786095
0.001691189751
0.002190511458
0.002295539947
0.00197029757
0.002241153344
0.002023711932
0.002281092029
0.002550252477
0.001711359433
0.002153868456
0.00222674901
0.001947471172
0.001472402524
0.00171082978
0.002158358019
0.001716393239
0.001582077033
0.00148061189
0.001978347271
0.002339151517
0.002012225333
0.002153314737
0.001841179504
0.001481918881
0.001354088651
0.00153058792
0.001677863951
0.001953566056
0.001850270204
0.001588801528
0.001865347829
0.002020489813
0.001984363693
0.002329383151
0.002193016326
0.001702727198
0.00164823619
0.001502237003
0.001510209841
0.001638033844
0.00166228199
0.001687924748
0.00150783075
0.001594703788
0.001896707912
0.002118094045
0.002336059107
0.002498906159
0.002680442049
0.002179546133
0.002035133783
0.001963889957
0.001756389378
0.001904990806
0.001787528762
0.001802848714
0.001899678641
0.002208811386
0.002563352791
0.002878150472
0.002483426626
0.002042668285
0.002077107658
0.002099493805
0.002157805412
0.002148747364
0.001964905105
0.002015767878
0.001949048335
0.002320386188
0.002435476741
0.002877450883
0.002300988282
0.002262454377
0.002065731071
0.002020931486
0.002389392758
0.002160677103
0.001896954579
0.002067705715
0.001955487379
0.002257685686
0.002418134146
0.002481540234
0.002176401648
0.002130212001
0.002137537595
0.001841635121
0.002090745034
0.00207578939
0.002204468126
0.00242659548
0.002215495115
0.002045117239
0.002047308125
0.002061307666
0.002045735466
0.002524875883
0.0024987069
0.002313449436
0.002493796873
0.002751417212
0.002407203339
0.002225832934
0.002380707969
0.0016155276
0.001896703603
0.001835516651
0.002099019539
0.002563336812
0.002574649597
0.002304234925
0.002286324497
0.002133657158
0.001847730471
0.001805481573
0.00209624561
0.008522721346
0.008910096276
0.0102519061
0.01401227577
0.01444261863
0.0107005676
0.01076062232
0.008701209641
0.007158866042
0.008513109184
0.00940377461
0.007287617884
0.009915937812
0.00905617883
0.01083592153
0.01254687039
0.0144998421
0.01195428141
0.01268138133
0.009055450607
0.008790486152
0.01325071442
0.01142918243
0.006539170563
0.0105646484
0.009039759253
0.008625018519
0.008352469029
0.0113682354
0.01183116895
0.009589405007
0.01176033167
0.009931313589
0.01113280366
0.01284730129
0.008315825344
0.01096649203
0.01172591869
0.01038569213
0.00726729846
0.008433946912
0.0108571244
0.008122519885
0.007412670931
0.006590815484
0.009508344688
0.01185600421
0.01021586579
0.0110903812
0.009385874871
0.007473183093
0.006753380212
0.007724750289
0.008066391281
0.00963959825
0.008771138861
0.007061193652
0.008999207919
0.01018087053
0.01007618144
0.01228051477
0.01191831713
0.008615653974
0.008153294579
0.007231387031
0.007096243022
0.007849179198
0.007956418232
0.008105291424
0.006907578144
0.007694654273
0.009736564965
0.0106079968
0.01228366548
0.01310763347
0.01432045032
0.01102073929
0.01023227034
0.009835783256
0.008394302702
0.009404611985
0.008803031974
0.00896921829
0.009549712709
0.01110212295
0.0135664967
0.01530619485
0.01264668271
0.01010096303
0.01069456295
0.01030153419
0.01044177918
0.01066592837
0.009663213232
0.009993111037
0.009857907751
0.01210402768
0.01266554842
0.01559050857
0.01171435891
0.01179418726
0.01051913746
0.009860292757
0.01201847996
0.01047761723
0.00901696548
0.01015670246
0.009625961415
0.0117768803
0.01303873519
0.0130510782
0.01098293448
0.01065201629
0.01052528216
0.00881334103
0.01015757158
0.009880829766
0.011102499
0.01266913847
0.01089847684
0.01064970217
0.01086815079
0.01058690411
0.01018452261
0.01337580072
0.01298118793
0.01150152014
0.01240720736
0.01418347338
0.01202539724
0.010849986
0.01200693596
0.008138091965
0.009967216399
0.00932215256
0.01084348137
0.01380233727
0.01385996117
0.01175265687
0.01116153908
0.01034018403
0.008983981536
0.008619732514
0.0105313278
0.02858866519
0.03048171357
0.03449938655
0.04890537472
0.0522790176
0.03669691275
0.03926851197
0.02933295343
0.0242605116
0.02918870587
0.03113435948
0.02427192454
0.03458711825
0.03239410528
0.03935298173
0.04383519722
0.05588494545
0.04185102969
0.04417312579
0.02938398653
0.02930382158
0.0461400832
0.03683266144
0.0213310218
0.03670247979
0.03156445871
0.0317266215
0.02926413866
0.04027290089
0.04018060821
0.03092939604
0.04250735083
0.03282966057
0.03574690838
0.04350784064
0.02816223739
0.03762960616
0.04202985586
0.03893128934
0.02559422075
0.02908933492
0.0364905258
0.02558371923
0.02340874416
0.01943442533
0.03075526083
0.04146265267
0.03562130227
0.03894761998
0.03236381242
0.02636409101
0.02319410094
0.02715910641
0.02624104866
0.03198032017
0.02771962888
0.02045849607
0.03014814674
0.03554764883
0.0346414209
0.04488460444
0.04675659828
0.03064306173
0.02797650582
0.02428367926
0.0227946213
0.02623946913
0.02613149053
0.02636370315
0.02160026487
0.02587529438
0.03391947512
0.03635215293
0.04325964844
0.04668786678
0.05176564949
0.0369275463
0.03510733622
0.03400442859
0.02747024485
0.03183924085
0.0295096323
0.03066831655
0.03236148612
0.03698997799
0.04810272293
0.05411867743
0.04301033112
0.03345168646
0.03770993872
0.03385445367
0.03333504901
0.03543857956
0.03254304991
0.03364003804
0.03415778475
0.04333875206
0.04577814411
0.05751903366
0.03988371832
0.04072881338
0.03549420009
0.03180726425
0.03958314699
0.03399011963
0.02969498804
0.03338491085
0.03289996373
0.04205873238
0.04867395821
0.04680964721
0.03750899621
0.03658789872
0.03512819143
0.0287311807
0.03321982454
0.03216139665
0.03948113615
0.0148954303
0.03651794582
0.03772304024
0.03926088581
0.0370334639
0.03550298568
0.04935887466
0.04628357497
0.0384303453
0.0413471243
0.04919837524
0.0409920491
0.03665003947
0.04109462638
0.02888364659
0.03682781484
0.03380522309
0.03892735435
0.05230324734
0.05098313964
0.04005623903
0.03735731317
0.03465061857
0.03065534135
0.02827176508
0.03410002186
0.01136893841
0.01251287612
0.01378423257
0.02076373388
0.05100002441
0.02062301742
0.03045674094
0.04658151117
0.01153600353
0.01703545016
0.04609702732
0.03839473061
0.01370334479
0.01465207378
0.02165181392
0.02257323237
0.05683008101
0.02233430534
0.0176313689
0.0436997806
0.01173980643
0.02254834423
0.01232464956
0.03637414668
0.01364507501
0.01499666411
0.0254788103
0.02399636515
0.02641549737
0.01389838961
0.04310725448
0.02236601137
0.05060129469
0.0134090635
0.01762564119
0.05006117964
0.01335561081
0.02397047235
0.03681123615
0.02461248596
0.02031542826
0.01647785129
0.03620926276
0.03929698966
0.02887553401
0.01390357605
0.0236451489
0.0163181826
0.02012875057
0.02595476362
0.02821280577
0.02027059863
0.02045165207
0.01721293371
0.05306575806
0.04048451434
0.03019473134
0.0202864929
0.01945554443
0.01241754309
0.03078585016
0.03923977541
0.03156139498
0.02530921421
0.02145269952
0.01805353867
0.02518611417
0.01483399324
0.04059050549
0.03395216846
0.04497845969
0.0487781875
0.01480978179
0.02077574673
0.03201277277
0.03644970256
0.02125757646
0.02789026358
0.02358299846
0.01089278864
0.05203047129
0.0451347622
0.04988532681
0.04781309412
0.0137866455
0.02699581852
0.03144347005
0.01525709898
0.01341795294
0.02449037927
0.04761554637
0.0435992035
0.01193534683
0.05188052619
0.05127147711
0.01263492001
0.03401791866
0.04280720047
0.06330415405
0.0146917725
0.01396556029
0.01289074092
0.04444471469
0.05098996231
0.04679616267
0.05105169414
0.0537417574
0.01297082598
0.03098050429
0.05095930649
0.03259267794
0.01297529884
0.05857821151
0.05361214482
0.04398639404
0.04575609429
0.04661313174
0.02348672406
0.03543162522
0.01797807994
0.01586047735
0.02324148689
0.01614883881
0.01418580921
0.04903924194
0.03018957662
0.01343572807
0.01491723057
0.02977690851
0.01705490605
0.01653241363
0.01667305384
0.0539971956
0.02367675536
0.02312581742
0.01757582459
0.06765824066
0.05500562563
0.02243174145
0.01391921566
0.01402849519
0.01224546344
0.04443954923
0.0123363565
0.007062761048
0.006064539054
0.00672397341
0.02412250739
0.0593465242
0.03183022876
0.0376239641
0.01277448507
0.007006284722
0.01903527511
0.01373431109
0.01129963766
0.009967668095
0.01229424623
0.02727718105
0.02824213363
0.06428766408
0.02932153561
0.01375737092
0.01158213817
0.006935922882
0.02377425331
0.006019211697
0.04074657518
0.01093003288
0.01697959495
0.03654449994
0.03501014278
0.03480390857
0.008603777918
0.01127828502
0.02199702249
0.01683021209
0.01156434473
0.0164210192
0.015803692
0.01010899709
0.02996554226
0.04687467719
0.03511975207
0.02663786986
0.01561122764
0.01060490595
0.01457922575
0.03277445228
0.01456042342
0.02892326248
0.01845857749
0.0250874908
0.03246563362
0.03839346078
0.03014098045
0.02745167535
0.02019125097
0.02936006651
0.02318198489
0.03688715412
0.02200715961
0.02300408682
0.008930558647
0.03930203019
0.04776369478
0.04235955207
0.0349914595
0.02903091391
0.02394792551
0.02916812867
0.01763047215
0.0222133794
0.0104793607
0.0118358412
0.01283737624
0.0126106935
0.02518045194
0.04066523312
0.04208987533
0.02599186536
0.03385885936
0.02595677324
0.006873069482
0.01803019806
0.01189388764
0.01313289687
0.01214299874
0.01015593611
0.03409257105
0.03793002909
0.01426658238
0.01068757044
0.02731841253
0.01315218685
0.01144767642
0.00467136782
0.01395258872
0.01383959709
0.006811094558
0.04668651267
0.0551871684
0.06944753612
0.01331452208
0.009219263286
0.007292247425
0.01168600173
0.01250918304
0.01168876964
0.01480378029
0.01925361084
0.01033586596
0.04512340092
0.06183977096
0.04117192584
0.00703441685
0.01763735316
0.01381427009
0.04614030258
0.01195276326
0.01210485654
0.02488460028
0.03786472783
0.02198201278
0.01573055451
0.03295296217
0.01808279761
0.01209651618
0.05878351415
0.03925866252
0.007118688442
0.01001991392
0.03577243492
0.01777779812
0.01637349837
0.01791016735
0.01793582758
0.03607939673
0.03698219377
0.02147734847
0.0780308699
0.06727227641
0.03320860756
0.01094680862
0.01124773454
0.00797959152
0.01196584366
0.009659206707
0.007220445224
0.003572369448
0.003857791459
0.02607811783
0.05851799186
0.03388071924
0.03574056735
0.00451920869
0.005107007047
0.01924103386
0.006028270326
0.004335400675
0.009603621006
0.01065020326
0.02849872303
0.03196915999
0.06316166133
0.02959547936
0.01032372751
0.003922094164
0.004975811166
0.02288924874
0.003092339599
0.01030175947
0.01135251375
0.01866478391
0.03846010337
0.03743921069
0.03559980658
0.006261447408
0.003675022581
0.0198849975
0.01145470788
0.01181393238
0.01575294108
0.00753841114
0.01050490605
0.0311392549
0.0481406743
0.03708505375
0.02810514129
0.01561874948
0.003967240491
0.009895158633
0.02226990925
0.01651147377
0.02883560649
0.01952931304
0.02673937695
0.0347948236
0.04051922172
0.03232558898
0.02861202879
0.02216125658
0.02793117959
0.02490461113
0.03076292484
0.02328303429
0.02347485627
0.008170791198
0.04027738646
0.0486308076
0.04441020657
0.03688014539
0.03047655108
0.02567228951
0.02996314236
0.02022324751
0.02357062047
0.00432473668
0.00388855838
0.004489413269
0.01355588905
0.02772947572
0.04227692939
0.04233084852
0.02818685589
0.03450769608
0.02594792615
0.005676389353
0.01139276983
0.003757670483
0.004353923542
0.003796544652
0.01062031504
0.03552961126
0.03911859613
0.01558743577
0.01116207971
0.0261988381
0.004803413658
0.003449950302
0.002093294241
0.004875315814
0.004922572539
0.003896327212
0.05009789105
0.05754942082
0.06752812752
0.01382407006
0.007106371418
0.004281187877
0.003576473206
0.003753625777
0.003486625434
0.005865896465
0.01128088204
0.01003995163
0.04947834351
0.0620714697
0.04153751575
0.004974444216
0.008330726286
0.004644462063
0.01136064443
0.003642541337
0.00396892254
0.02398891879
0.03649739663
0.02469747874
0.01943522328
0.03564877205
0.02118552145
0.01352004444
0.05894466729
0.03950271676
0.00444962701
0.008092121582
0.03436809887
0.01858701779
0.01628456706
0.02040348099
0.01351361683
0.03866402253
0.04003546989
0.02500025749
0.07630615108
0.06800224974
0.03652690496
0.01268504643
0.01115914811
0.006866184855
0.004998461108
0.01165233876
0.009188320273
0.00266800496
0.002628953617
0.02575566924
0.05587501273
0.03360853147
0.03223066504
0.002159392109
0.004386197358
0.01853146279
0.00408101127
0.002867293394
0.01017675714
0.009301082366
0.0268609593
0.03314130001
0.0605781798
0.02893050646
0.007878589858
0.001728149821
0.004112295491
0.02105731343
0.001869500348
0.003044758341
0.01192531063
0.01899815844
0.03798328956
0.03769272986
0.03502366446
0.005113252975
0.001651927852
0.01775844838
0.0101639032
0.01216371588
0.01468072528
0.005096354298
0.01135392514
0.03066561787
0.04729911104
0.03714400484
0.02811047811
0.01586285818
0.002236924559
0.008415225095
0.02322425479
0.01798690143
0.02807958198
0.01936400214
0.02657890613
0.03516850441
0.04081388772
0.03279632857
0.02860350372
0.02308773163
0.02841609106
0.02715280294
0.03424917137
0.02381076507
0.02278799058
0.0081011707
0.03956909421
0.04777856278
0.04445919088
0.03702559468
0.03056312809
0.02626951425
0.02982612922
0.02174025485
0.02531728244
0.002559161588
0.001823928205
0.002093123629
0.0147177673
0.02867183072
0.04222448788
0.04144648559
0.0287981381
0.03387148344
0.02530125174
0.005185666824
0.009329057377
0.001467732109
0.001719719757
0.00144588675
0.01235223466
0.03573357129
0.03917974424
0.01656946009
0.01210220793
0.02436339273
0.002411309063
0.00124094376
0.001068076656
0.002056450572
0.002185405959
0.002393263723
0.05113642086
0.05752521687
0.06436257691
0.0140128235
0.005751185201
0.002690698321
0.001283356383
0.001310874101
0.001247855591
0.003092105108
0.008688873534
0.0104769199
0.05125753351
0.06027369918
0.04051246857
0.00432737374
0.005743309924
0.002191697062
0.003124191158
0.001345547783
0.001898500273
0.02306743504
0.03461735932
0.02617205396
0.02339645082
0.0361743562
0.02323655082
0.01513998117
0.05698029762
0.03838080011
0.003698439893
0.007342767146
0.03133725721
0.01837763752
0.01608937845
0.0220326897
0.0169135451
0.0388997657
0.04046207727
0.02659014535
0.07224136088
0.06633325206
0.03802901707
0.01519874832
0.01157643084
0.006905573249
0.00374702517
0.01439192195
0.01147050693
0.002347369203
0.002111894019
0.02473654533
0.05307387796
0.03273220289
0.02829861234
0.001412325577
0.004320005989
0.01766604038
0.003762102563
0.003574750847
0.01105797966
0.008479572625
0.02484178169
0.03350392057
0.05801446877
0.02791986727
0.006468452202
0.001014922283
0.003724171875
0.01921562116
0.001406782113
0.001383007851
0.01211113752
0.0189025902
0.03700334396
0.0375195767
0.03437922884
0.004880314781
0.001026099366
0.01576121908
0.009451412598
0.01253870467
0.01357645937
0.004599224408
0.01210634973
0.02994733471
0.04609837085
0.03697340203
0.02807281773
0.01623392858
0.00184467727
0.008006298671
0.02461677786
0.01895450469
0.02724888681
0.01901384749
0.02611728166
0.03508879314
0.04076114065
0.03302322943
0.02851858938
0.02359166851
0.02856657511
0.028220523
0.03562537795
0.0239152541
0.02176271942
0.008412718103
0.03856904888
0.04667949493
0.04417202223
0.03690841116
0.0304708007
0.02660844544
0.02952569173
0.02259363126
0.02576737604
0.002236395574
0.001193379605
0.00137110594
0.01595609925
0.02932396297
0.04191188197
0.04049397065
0.02899944376
0.03308537092
0.02460447618
0.005053139068
0.007912232049
0.0007290931074
0.0008116978781
0.0006706315985
0.0145593589
0.0358032028
0.0391112109
0.01737149552
0.01312227733
0.02279733857
0.001673560543
0.0005532560535
0.0006165009246
0.001033639723
0.00122487728
0.001691858298
0.05158887394
0.05701783341
0.0613732046
0.01410849804
0.004946331245
0.001942588063
0.0005397763492
0.0005359183969
0.000547959939
0.002244789131
0.008143916863
0.01116715683
0.05225101161
0.05841127532
0.03953339352
0.004398205664
0.005091436158
0.001561081804
0.001059995813
0.0006488027879
0.001448761302
0.02204761144
0.03268670294
0.02712047426
0.02705303543
0.03638856487
0.02474634228
0.01663657468
0.05476841397
0.0366225944
0.003966450708
0.007244172021
0.02793945299
0.01792004086
0.01603958185
0.02312620748
0.02164636801
0.03880174118
0.04032751932
0.02740293458
0.06834266724
0.06449702045
0.03900481543
0.01750237871
0.01212195652
0.007465155844
0.00408805295
0.01674590565
0.01350540318
0.002242230754
0.001899736959
0.02357617529
0.05038865923
0.03152444395
0.02477606141
0.001149501136
0.004487323941
0.0168387854
0.004035678194
0.004838682034
0.01200387561
0.0080506347
0.02306890523
0.03348025746
0.05564795396
0.02689883703
0.005559504711
0.000772972834
0.003619511197
0.01758146678
0.001241078265
0.001024363225
0.01247683074
0.01872567099
0.03593346183
0.03725521725
0.03386613615
0.005166265401
0.0008334265789
0.01388026331
0.009067785608
0.01286115608
0.01257616278
0.004841291915
0.01268584702
0.02923643807
0.04488177727
0.03679053619
0.02804892788
0.01653462198
0.002017621727
0.008282323695
0.0250476892
0.01961289225
0.02628028473
0.01873897972
0.02555673288
0.03486676656
0.0406217556
0.0332200817
0.02846428529
0.02392713233
0.02835904009
0.02852164386
0.0353856896
0.02381514787
0.02082105254
0.008929804182
0.03755683922
0.04558976551
0.04385219421
0.03676324692
0.03037947528
0.02685780972
0.02919367478
0.02306588141
0.02550387081
0.002251878975
0.001017537958
0.001153752357
0.01717843927
0.02983697206
0.0415571133
0.03961933027
0.02906903934
0.0322911466
0.02390847986
0.005137340651
0.006620489116
0.0004571557612
0.0004488017822
0.0003781348477
0.0168561921
0.03584275993
0.03903039142
0.01808711772
0.01417185443
0.02151231124
0.001419923233
0.0003112600326
0.000402055975
0.0006071760833
0.0008543362493
0.00136332054
0.0518083993
0.05637842693
0.05870924464
0.01421215745
0.004484805264
0.001528134879
0.0002749083006
0.0002628744546
0.0003062391536
0.002002000416
0.008334315286
0.01186441178
0.05288826636
0.05673371301
0.0386394927
0.004829095613
0.005073977066
0.001454810235
0.0004862126081
0.0004349624057
0.001384361798
0.02113065996
0.03094319774
0.02773278698
0.03028753499
0.03655085185
0.02599758316
0.01803649042
0.05253146585
0.03510228514
0.004788477545
0.007471235863
0.02502650702
0.01749549737
0.01614298323
0.02389988924
0.02589883346
0.03859904056
0.04003240289
0.02799575099
0.06496546476
0.06283806409
0.03967119973
0.01938552827
0.01268101847
0.008246500616
0.005059048481
0.01855892372
0.01505369505
0.002222335575
0.00177329847
0.02239433741
0.04788661518
0.03022972337
0.0217223369
0.001057494315
0.00480653053
0.01612332729
0.004624937796
0.006433962604
0.01287006712
0.007873428227
0.02159892192
0.03325077651
0.05348449851
0.02597495583
0.004921766325
0.0006879922061
0.003638135679
0.01631310494
0.001212434094
0.00103602077
0.01261519848
0.01853709903
0.03487627288
0.03696396961
0.03347927233
0.005581136397
0.0007813323448
0.01214539391
0.00891208477
0.0130728825
0.01176446352
0.005409414194
0.01308931281
0.0285769526
0.04373394951
0.03661612784
0.02803867884
0.01674783563
0.002246712472
0.009008900986
0.02486622309
0.02004725277
0.02533591737
0.01856392982
0.02499133483
0.0345845541
0.04045182899
0.0333953461
0.02843324801
0.02415630357
0.02802373241
0.02848523176
0.03457911444
0.02363120843
0.02005366431
0.009548459515
0.03660345063
0.04458232403
0.04353386607
0.03662200266
0.03030197786
0.02704415815
0.02885706524
0.02329051651
0.02501043226
0.002483293189
0.0008839290855
0.001114897822
0.0183118625
0.03025757108
0.04121023172
0.03883014457
0.02906180765
0.0315305511
0.02327221318
0.005350607642
0.00564287225
0.0003443488235
0.0002853436208
0.0002576209683
0.01901166714
0.03588484453
0.03893249488
0.01871220905
0.01479982577
0.02044429031
0.001343862402
0.0002234701947
0.0002967293701
0.0004125162124
0.000710595174
0.00121932309
0.0518954528
0.05570724134
0.05637009311
0.01441311538
0.004240989519
0.001289925727
0.0001703244685
0.0001535645896
0.0002188880814
0.001976611154
0.008773607755
0.01247645598
0.05325084729
0.05529984975
0.03789697433
0.005465890429
0.005284587283
0.001416434849
0.0003236744706
0.0003621828845
0.001422385629
0.02034619544
0.02949409593
0.02809768389
0.03300043802
0.03672164374
0.02703671529
0.01929573577
0.05042490156
0.0339381844
0.005909462328
0.007873091387
0.02268360233
0.01715799572
0.0163437178
0.02443603153
0.02918998957
0.0383903309
0.0396720908
0.02850764039
0.06213489973
0.06135761875
0.04016117696
0.02084192933
0.01319513125
0.009089662477
0.006357559716
0.01988734778
7.726394664e-09
6.741243093e-09
5.996743252e-09
5.374958512e-09
4.872993873e-09
6.438094452e-09
5.679758686e-09
5.138786423e-09
4.581574956e-09
4.112130839e-09
6.362336735e-09
5.892835092e-09
5.586859832e-09
5.028229703e-09
4.528924116e-09
6.027285774e-09
5.266856314e-09
4.898965857e-09
4.437709151e-09
3.959716086e-09
5.678483203e-09
4.921847958e-09
4.802623048e-09
4.60668263e-09
4.367195471e-09
5.760576963e-09
5.032880357e-09
5.105525194e-09
5.274843413e-09
5.261878683e-09
5.823688216e-09
4.9711136e-09
4.799708326e-09
4.784688683e-09
4.529588562e-09
6.127717105e-09
5.543937972e-09
5.399661865e-09
5.298198129e-09
5.080168206e-09
6.643035411e-09
6.037273502e-09
5.500109704e-09
4.894920389e-09
4.48553667e-09
7.469817775e-09
6.726843709e-09
6.002174732e-09
5.248855857e-09
4.783029719e-09
7.991414354e-09
6.780619003e-09
5.813956212e-09
5.111201979e-09
4.69640451e-09
8.81298872e-09
7.309176831e-09
6.110986516e-09
5.280603982e-09
4.766942507e-09
7.761585305e-08
6.796710268e-08
6.063705378e-08
5.46619482e-08
5.05767465e-08
6.449174571e-08
5.781969413e-08
5.228572969e-08
4.632609772e-08
4.218673887e-08
6.410024284e-08
6.11680984e-08
5.851438852e-08
5.212472889e-08
4.726960073e-08
6.056410056e-08
5.303990863e-08
5.016742027e-08
4.546321845e-08
4.041738709e-08
5.714509885e-08
4.917572064e-08
4.85994987e-08
4.639573846e-08
4.458953924e-08
5.832597165e-08
5.072550901e-08
5.233023678e-08
5.452359345e-08
5.462503851e-08
5.912611503e-08
4.941838298e-08
4.87763324e-08
4.945470436e-08
4.684120502e-08
6.131602927e-08
5.623754247e-08
5.60867751e-08
5.584029993e-08
5.408558894e-08
6.722988886e-08
6.233737669e-08
5.703122474e-08
5.030544756e-08
4.638519603e-08
7.733834757e-08
7.060827245e-08
6.287791441e-08
5.410069534e-08
4.961195687e-08
8.259191922e-08
6.958886273e-08
5.918168491e-08
5.172791544e-08
4.841163426e-08
9.038733677e-08
7.438149772e-08
6.183459265e-08
5.348122154e-08
4.953561068e-08
7.27367118e-07
6.401862437e-07
5.758867733e-07
5.250206622e-07
4.977102186e-07
5.968390136e-07
5.463936182e-07
4.974802136e-07
4.417661615e-07
4.105347903e-07
6.000649077e-07
5.918244507e-07
5.752896301e-07
5.09150983e-07
4.664113669e-07
5.666465755e-07
4.962255891e-07
4.805860471e-07
4.375987674e-07
3.87522229e-07
5.359821804e-07
4.552283054e-07
4.587236779e-07
4.334605039e-07
4.202143256e-07
5.50876483e-07
4.762647624e-07
5.024194105e-07
5.29659495e-07
5.319277962e-07
5.558119523e-07
4.57531009e-07
4.656513841e-07
4.835618353e-07
4.5714663e-07
5.723583528e-07
5.379897146e-07
5.551133519e-07
5.657485064e-07
5.554850882e-07
6.387288189e-07
6.098101266e-07
5.616964427e-07
4.898894452e-07
4.546819811e-07
7.596576722e-07
7.043092821e-07
6.232878367e-07
5.240146787e-07
4.825102469e-07
8.073061891e-07
6.711863985e-07
5.63108182e-07
4.878710577e-07
4.663301826e-07
8.707122329e-07
7.076832836e-07
5.848226824e-07
5.085634699e-07
4.866919395e-07
6.358330445e-06
5.675532807e-06
5.191470785e-06
4.795927469e-06
4.659618258e-06
5.10688022e-06
4.740795759e-06
4.407338551e-06
3.973080033e-06
3.768804168e-06
5.259105077e-06
5.286898306e-06
5.259188679e-06
4.646369366e-06
4.308380863e-06
4.999500223e-06
4.351690953e-06
4.304144425e-06
3.936517617e-06
3.478309872e-06
4.694850662e-06
3.954468599e-06
4.080074845e-06
3.807436083e-06
3.673934023e-06
4.883896251e-06
4.196665599e-06
4.561958789e-06
4.875068441e-06
4.941431587e-06
4.88727175e-06
4.025969857e-06
4.197075929e-06
4.456561775e-06
4.205244483e-06
5.078573722e-06
4.914573947e-06
5.219602936e-06
5.422177282e-06
5.413691527e-06
5.769770897e-06
5.644033592e-06
5.21321748e-06
4.467653737e-06
4.176296602e-06
7.056386766e-06
6.609380939e-06
5.800279588e-06
4.734231199e-06
4.377953877e-06
7.403154249e-06
6.043220341e-06
4.98711521e-06
4.275420319e-06
4.186939296e-06
7.861869419e-06
6.304742025e-06
5.178525034e-06
4.537732773e-06
4.517368298e-06
5.131776286e-05
4.657581229e-05
4.349016178e-05
4.080931435e-05
4.066997763e-05
4.013961101e-05
3.757079774e-05
3.570336239e-05
3.274492467e-05
3.178412734e-05
4.250661293e-05
4.334566116e-05
4.40589379e-05
3.868627825e-05
3.63937537e-05
4.08223693e-05
3.505852187e-05
3.536936514e-05
3.255735827e-05
2.870359363e-05
3.785987635e-05
3.164096925e-05
3.378110639e-05
3.129060232e-05
3.025469337e-05
4.004468132e-05
3.43329312e-05
3.888698203e-05
4.213765937e-05
4.342372985e-05
3.991591917e-05
3.296337283e-05
3.507947799e-05
3.79479343e-05
3.561361134e-05
4.177635841e-05
4.157736277e-05
4.513204314e-05
4.742382372e-05
4.813090317e-05
4.83717433e-05
4.820587924e-05
4.435506818e-05
3.713213042e-05
3.502579692e-05
6.052418622e-05
5.719249275e-05
4.986899567e-05
3.936307103e-05
3.67204668e-05
6.241870918e-05
5.00401685e-05
4.067601717e-05
3.447052195e-05
3.473731957e-05
6.563895152e-05
5.199439778e-05
4.231224496e-05
3.731213418e-05
3.878468501e-05
0.0003698549629
0.0003412589338
0.000325356077
0.0003096963593
0.0003160328092
0.0002836512639
0.0002680183089
0.0002590252002
0.0002404883703
0.000239047794
0.0003086642228
0.0003223677683
0.0003346608163
0.0002892766742
0.0002773783991
0.0002997999885
0.0002529246181
0.000260727773
0.0002435025374
0.000213963754
0.000273310575
0.0002254240718
0.000251965819
0.0002329266957
0.0002282929957
0.0002966027126
0.0002524763768
0.0003012673372
0.0003313970399
0.0003469927675
0.0002937970158
0.0002400195616
0.0002609947472
0.0002882102119
0.0002671486234
0.0003051412152
0.0003114329288
0.0003447287037
0.0003670404745
0.0003770218843
0.0003595784899
0.0003658891701
0.0003344450149
0.0002733266941
0.0002628781438
0.0004640671218
0.0004442908297
0.0003859744507
0.0002935062374
0.0002785229615
0.0004730717726
0.0003734388431
0.0002993433563
0.0002501104241
0.0002602989462
0.0004942231755
0.0003870853619
0.0003112294935
0.0002758235309
0.000299560703
0.002275187257
0.002131918078
0.002068483706
0.001981488953
0.002054828013
0.001715278986
0.00164894227
0.001613831105
0.001503334787
0.001526084666
0.001938188375
0.002120346016
0.002257024898
0.001888885403
0.001849299274
0.00190468198
0.001578356405
0.001675005979
0.001592926229
0.001376875341
0.001684077217
0.0013605072
0.001609074971
0.00147991835
0.001465947582
0.001912218456
0.00157779226
0.0020054797
0.002238646984
0.002341745256
0.001858629125
0.001460965312
0.00164925145
0.001846329056
0.001687057103
0.001883702658
0.001956724835
0.002190933851
0.002402468005
0.002469966879
0.002242410947
0.002337088593
0.002123511955
0.001686553062
0.001667139899
0.002991387969
0.002936808705
0.0025606567
0.001863352714
0.001802944152
0.003054313731
0.002396489723
0.001907864539
0.001567961621
0.001687672813
0.003206917908
0.00250223286
0.001991794208
0.001773228743
0.002014064556
0.01124115357
0.01064033181
0.01042998996
0.009928057797
0.01010563768
0.008231348319
0.008057955816
0.007932212498
0.007357617257
0.007495658918
0.009755460231
0.01138530192
0.01249769523
0.009867791076
0.009816313735
0.009701741877
0.007952164597
0.008694842466
0.008372106212
0.00703782514
0.008109775649
0.00645035924
0.008204020459
0.007413809112
0.007268476313
0.00985236824
0.007717676083
0.01041119152
0.01171768132
0.01219695326
0.00928981887
0.007032683543
0.008199267219
0.009267076448
0.008112514707
0.009129049951
0.009531748485
0.01067251404
0.01192835098
0.01218641588
0.01079334741
0.01149706662
0.01033085031
0.007966163606
0.008002161017
0.01497529352
0.01507184961
0.01322831275
0.009159141991
0.008936131414
0.01532656495
0.0120068878
0.009558151023
0.007740652232
0.008719192449
0.01659808311
0.01297004191
0.01040027196
0.009268130561
0.01074562115
0.03961703795
0.03720417288
0.03633018774
0.03421262901
0.03366890607
0.02814401176
0.02759146137
0.02660944093
0.02503963166
0.02591420922
0.03449252358
0.04396997223
0.05044502546
0.03599094263
0.03733410313
0.03413113655
0.02812120336
0.03169086976
0.03105380844
0.02529147431
0.02639142042
0.02103359226
0.02845758004
0.02499526048
0.02406348155
0.03474596664
0.02643893963
0.03764121707
0.04348778162
0.04335625141
0.0318752325
0.02368349287
0.02784876844
0.03202211541
0.02696940346
0.03058148531
0.03174011486
0.03475983284
0.03967086893
0.04036582987
0.03547974025
0.03802328388
0.03359710218
0.02553530578
0.02622007961
0.05312230692
0.05433725461
0.04642334779
0.02963063138
0.02892496515
0.0523551523
0.03945447094
0.03203835292
0.02600441245
0.03062341313
0.0126024473
0.01305541929
0.03504524678
0.03270447736
0.03943488598
0.0279536793
0.02219045847
0.0165011862
0.01308234027
0.01272651268
0.0134803788
0.01397987809
0.01207103627
0.04293650036
0.05152864899
0.01904937674
0.04110829947
0.05434009274
0.02292374425
0.03102702441
0.02020038066
0.02345870734
0.02744928299
0.02561866851
0.01659290147
0.04259038577
0.03585022239
0.02326323679
0.0206175113
0.0401359574
0.01734534743
0.01433131015
0.02813494432
0.02968677239
0.02502766478
0.04897347572
0.04170070442
0.0104952539
0.01412945035
0.04931231462
0.04933976369
0.05040565057
0.01117463863
0.01360816111
0.01524773023
0.01609341389
0.01427450797
0.046419427
0.03900613546
0.03749223942
0.04914579883
0.05461740728
0.02879778209
0.04285585109
0.03882279061
0.05599512859
0.0192849458
0.01225735018
0.03968482256
0.0121980042
0.04204912199
0.02677281606
0.01413036715
0.01436302134
0.02252883886
0.03341415315
0.02893105119
0.01925195419
0.0124417407
0.01519145565
0.01471093444
0.0155026395
0.009838864354
0.01255706182
0.01562316134
0.02613280792
0.04922463234
0.05951225111
0.03166747071
0.03821468599
0.02454977152
0.03116540868
0.03691269535
0.03422796632
0.02562978382
0.01918652318
0.02297848554
0.02807247632
0.02514070426
0.02228882382
0.01829070825
0.01607205437
0.03475950899
0.03548298393
0.03127452316
0.01294246422
0.01106621128
0.005909224458
0.01167818999
0.01363061204
0.01317118482
0.01317008574
0.004792897401
0.01015606909
0.0159800111
0.01874876815
0.01193988981
0.01184935319
0.04184362155
0.04102408406
0.0545323719
0.05686060478
0.02952330903
0.01155817893
0.03992312625
0.05794000565
0.02567750971
0.006909826864
0.01074954548
0.01000842287
0.04610198672
0.03135042104
0.01395003157
0.01448515926
0.02904683776
0.03268220081
0.02969334225
0.02036083111
0.01390927922
0.01688394193
0.01531802945
0.016504856
0.008929968164
0.005471832897
0.008479541262
0.02747784451
0.04960725369
0.05720045647
0.03395734354
0.0388313952
0.02648105696
0.03366394641
0.03882854867
0.03549499678
0.02815648147
0.01581810886
0.02468026142
0.03005731399
0.02729163944
0.02338723629
0.0178674187
0.01752703139
0.03530744752
0.03635372878
0.03282458845
0.004428120488
0.003548894978
0.003944823398
0.009804819525
0.005613133712
0.004649146035
0.004491696832
0.00241274571
0.008002623735
0.01583623576
0.01936323951
0.01034930641
0.004033023152
0.01018024769
0.04046309303
0.05380176714
0.05262004574
0.02319059765
0.003753444798
0.009576314544
0.05383454155
0.02600946223
0.004758667362
0.003991174749
0.008325685557
0.04372980393
0.03067818351
0.01507476233
0.01611637391
0.02938187701
0.03073580702
0.02908885965
0.02044479291
0.01484241513
0.01697617883
0.01524287587
0.01663988999
0.00858590577
0.003584018577
0.006355143632
0.02790194213
0.0483960964
0.05382201313
0.03457013512
0.03794369365
0.02702544823
0.0344692252
0.03898964257
0.0353319666
0.02912902088
0.01570761281
0.02728823864
0.03077907311
0.02849787248
0.02533435863
0.01694435069
0.01852918741
0.0346014173
0.03618498444
0.03321149133
0.001886583986
0.001506843775
0.003017145751
0.008385439136
0.003452673222
0.002168445581
0.001951649628
0.001427728156
0.006181406944
0.01368165589
0.01870928509
0.008839671045
0.001793381779
0.003630117025
0.03842462567
0.05182377657
0.04767160995
0.01735379658
0.001502563762
0.002669475031
0.04922608849
0.02462638139
0.003802062737
0.002146420578
0.006109868458
0.04036867071
0.02924936825
0.01594762041
0.01729206286
0.02798021067
0.02863901581
0.02829285
0.0203944867
0.01537924725
0.01671705366
0.01507245815
0.01664226724
0.008762073116
0.003277313774
0.005775276284
0.02807768962
0.04695915243
0.05082002389
0.03469904105
0.03689371708
0.02724393805
0.03486312377
0.03878826771
0.03505051534
0.02975223711
0.01679130416
0.02868476787
0.03128981031
0.02962274108
0.02689614301
0.01600290744
0.01930935103
0.03372588397
0.03584196577
0.0331540734
0.001053697149
0.0009050776067
0.00269510693
0.00748561157
0.002908328844
0.001399144929
0.001077783998
0.0009830595236
0.004777862665
0.01077740649
0.01784278522
0.007555317618
0.001057570708
0.001360125453
0.008118867754
0.04947143771
0.04295461045
0.0131427547
0.0007716325723
0.000853548268
0.04523301405
0.02300455671
0.003418520088
0.001494513806
0.004173076122
0.03744670683
0.02798277631
0.01670354632
0.01802847956
0.02614317234
0.02708537793
0.02754202195
0.02033477165
0.01574709777
0.01633119488
0.01498082319
0.01667586649
0.009273811616
0.003589036172
0.005847898067
0.02816267583
0.04555911203
0.04832621373
0.03458930483
0.03592469026
0.0274059461
0.03510520719
0.03851426954
0.03483629343
0.03023407144
0.01815677148
0.02929975265
0.03173458022
0.03066512851
0.02794529066
0.01523869805
0.01990479771
0.0328903935
0.0353946414
0.03280415063
0.0007550872117
0.0007354129367
0.00257288145
0.006036641156
0.002834698473
0.00112378093
0.0007181844809
0.000745798006
0.003701346912
0.008469368976
0.01701918638
0.006474228078
0.0006733924205
0.0005513091318
0.001950776767
0.04705577808
0.03860270462
0.009952687398
0.0004946779481
0.0003365375401
0.04187394572
0.02162691263
0.003271103011
0.001221154622
0.00278783913
0.0350768243
0.02690942469
0.0173622251
0.01848414317
0.02453753324
0.02601623931
0.02688475063
0.02031449093
0.01600567791
0.0159870744
0.01498479817
0.01678264976
0.009969100641
0.004314262
0.006303137799
0.0282123422
0.04425342058
0.04627711867
0.0344183502
0.03505502696
0.02755372829
0.03522885401
0.03823941214
0.03469116975
0.03060337132
0.01926992326
0.02954825299
0.03211719251
0.03150558215
0.02868461778
0.0146529834
0.02034215851
0.03217083329
0.03490062379
0.03239991533
0.0006294395087
0.0007059299355
0.00259175593
0.0060297211
0.002912441211
0.001000118331
0.000547203508
0.0006023798742
0.00287049576
0.00653079289
0.01629563812
0.005613976875
0.0005284098305
0.0002606936303
0.0005808548698
0.04470717867
0.03483543692
0.007526741377
0.000357992046
0.0001615882254
0.03904872993
0.02053301905
0.003231124434
0.001079399002
0.001932166619
0.03317324791
0.02609668603
0.01792287621
0.01874697611
0.02307843329
8.159504014e-09
6.559140531e-09
5.248296401e-09
4.269570222e-09
3.665239377e-09
6.401349733e-09
5.139265382e-09
4.144033667e-09
3.426012916e-09
3.00633935e-09
6.115764801e-09
5.20053913e-09
4.564347607e-09
4.177294498e-09
3.972497634e-09
6.314052393e-09
5.285845997e-09
4.563293134e-09
4.288881226e-09
4.130718495e-09
6.823118287e-09
5.854633098e-09
4.845337887e-09
4.277697526e-09
3.919871199e-09
7.244480892e-09
6.371361352e-09
5.241952112e-09
4.283127436e-09
3.520667064e-09
7.187682143e-09
6.388338793e-09
5.63034983e-09
4.915598058e-09
4.211463138e-09
6.784233873e-09
5.821560092e-09
5.210952929e-09
4.972577606e-09
4.941860387e-09
6.524242469e-09
5.753118953e-09
5.492378036e-09
5.501124205e-09
5.659359353e-09
6.950908839e-09
6.36298006e-09
6.105605698e-09
5.934704068e-09
5.864702866e-09
7.44549318e-09
6.489757316e-09
5.873003339e-09
5.4370983e-09
5.149337076e-09
7.856908664e-09
6.47299021e-09
5.437940592e-09
4.672355314e-09
4.158957036e-09
8.386626495e-08
6.718479946e-08
5.346391312e-08
4.323527943e-08
3.779303828e-08
6.520312611e-08
5.233768669e-08
4.194620998e-08
3.440966587e-08
3.060940084e-08
6.227258772e-08
5.304913938e-08
4.637649537e-08
4.216351122e-08
4.061912431e-08
6.469917484e-08
5.356796385e-08
4.562397117e-08
4.280325204e-08
4.185521035e-08
7.054472448e-08
6.057582201e-08
4.965234041e-08
4.40434923e-08
4.052410903e-08
7.506857893e-08
6.674291112e-08
5.476132395e-08
4.465819629e-08
3.63708096e-08
7.374968613e-08
6.701270865e-08
5.974698885e-08
5.206347702e-08
4.411820166e-08
6.837083808e-08
5.937110266e-08
5.327680821e-08
5.059518158e-08
5.046145837e-08
6.545329731e-08
5.75912114e-08
5.533885322e-08
5.575956142e-08
5.833847039e-08
7.050537916e-08
6.445154803e-08
6.216605499e-08
6.079593673e-08
6.119012373e-08
7.537625351e-08
6.517539615e-08
5.981408084e-08
5.592129374e-08
5.4165973e-08
7.838832568e-08
6.531013075e-08
5.541632423e-08
4.790903369e-08
4.363866203e-08
8.135652711e-07
6.504587093e-07
5.159080402e-07
4.164442645e-07
3.72681708e-07
6.234186405e-07
4.995480435e-07
3.977577459e-07
3.240409864e-07
2.941728725e-07
5.938793478e-07
5.034747612e-07
4.366121563e-07
3.93517554e-07
3.84585657e-07
6.21684782e-07
5.013724612e-07
4.192115891e-07
3.935668502e-07
3.902143723e-07
6.853367078e-07
5.884865846e-07
4.788376415e-07
4.303214329e-07
3.993502285e-07
7.310988407e-07
6.623115023e-07
5.454564605e-07
4.476026933e-07
3.616198515e-07
7.09807123e-07
6.673355358e-07
6.067247818e-07
5.304116437e-07
4.44775147e-07
6.433792848e-07
5.664313684e-07
5.099929728e-07
4.832630427e-07
4.867495824e-07
6.084765564e-07
5.332462638e-07
5.176930132e-07
5.262094601e-07
5.631237608e-07
6.599847011e-07
6.042886529e-07
5.894458448e-07
5.836236369e-07
6.023357593e-07
7.056715493e-07
6.094428633e-07
5.734000904e-07
5.468232102e-07
5.462284258e-07
7.333955615e-07
6.238132652e-07
5.394748785e-07
4.722969009e-07
4.413233552e-07
7.391980541e-06
5.952636716e-06
4.705019283e-06
3.78872876e-06
3.487197851e-06
5.570832563e-06
4.430577087e-06
3.50242206e-06
2.834063256e-06
2.639406171e-06
5.302758742e-06
4.449402392e-06
3.813063356e-06
3.397210231e-06
3.369283853e-06
5.577834695e-06
4.368385358e-06
3.589175213e-06
3.399527677e-06
3.408397346e-06
6.229405742e-06
5.384140907e-06
4.348179776e-06
3.982536419e-06
3.764760257e-06
6.679097102e-06
6.202804601e-06
5.142196455e-06
4.265659551e-06
3.426830558e-06
6.394481673e-06
6.235652477e-06
5.797926685e-06
5.139225142e-06
4.278617143e-06
5.678117654e-06
5.037972415e-06
4.534505727e-06
4.356092546e-06
4.527139503e-06
5.259630839e-06
4.613893306e-06
4.542976946e-06
4.668683751e-06
5.173521427e-06
5.725514851e-06
5.318591876e-06
5.269978861e-06
5.261972743e-06
5.608650332e-06
6.187480389e-06
5.401052877e-06
5.186079861e-06
5.032965615e-06
5.212381833e-06
6.505198259e-06
5.637079164e-06
4.964788295e-06
4.392579988e-06
4.216756427e-06
6.180209054e-05
4.984039715e-05
3.933247185e-05
3.134415084e-05
2.967347116e-05
4.576940718e-05
3.583669841e-05
2.797050589e-05
2.239200875e-05
2.141706114e-05
4.367399156e-05
3.65164417e-05
3.090261819e-05
2.701177923e-05
2.721330716e-05
4.614331925e-05
3.560467558e-05
2.873053639e-05
2.751169413e-05
2.795851104e-05
5.238115264e-05
4.589364919e-05
3.642964627e-05
3.394392103e-05
3.279870381e-05
5.6614469e-05
5.378787366e-05
4.456607297e-05
3.732154245e-05
2.97220113e-05
5.332557795e-05
5.367584591e-05
5.072915072e-05
4.579674294e-05
3.764116651e-05
4.622302917e-05
4.133887472e-05
3.698288735e-05
3.627877487e-05
3.939761143e-05
4.19422536e-05
3.706236482e-05
3.710891646e-05
3.854019336e-05
4.465089421e-05
4.626323132e-05
4.390504779e-05
4.403370953e-05
4.389192932e-05
4.84655424e-05
5.100218863e-05
4.478692534e-05
4.351345687e-05
4.254996082e-05
4.569362919e-05
5.386489335e-05
4.712769652e-05
4.208089916e-05
3.732445736e-05
3.667302899e-05
0.0004632532243
0.0003726308954
0.0002913200154
0.0002285217261
0.0002203191806
0.000334514433
0.0002590513995
0.000199477282
0.0001571006881
0.0001537063178
0.0003219955107
0.000274886468
0.0002298974042
0.0001961194033
0.0002010746791
0.0003442766867
0.0002629640439
0.0002080293969
0.0002024935814
0.0002082248378
0.0003963825743
0.0003543078166
0.0002726870457
0.0002574017552
0.0002529925204
0.0004347420009
0.0004198569656
0.0003436119234
0.0002880803411
0.0002241570708
0.0004046295242
0.0004170679628
0.0003953244815
0.0003617623432
0.000290031557
0.0003403186012
0.0003075430424
0.0002707728235
0.0002704880882
0.0003062781912
0.000302118079
0.0002697284583
0.0002750080939
0.0002876447969
0.0003499410622
0.0003400761676
0.0003306783749
0.0003346150707
0.00032930234
0.0003755221847
0.0003849503631
0.0003361394566
0.0003280810448
0.0003210564772
0.0003572734058
0.0004031960983
0.0003535831471
0.0003192451181
0.0002811578108
0.0002808602399
0.00296705767
0.002397325719
0.001866777557
0.001429270985
0.001368038733
0.00206161194
0.001605259095
0.001229295863
0.0009503228388
0.0009451603776
0.002036091296
0.001813416517
0.001502683636
0.001252194907
0.001307367078
0.00219693581
0.001662211261
0.001286237524
0.001281597941
0.001330041844
0.002557557179
0.002333778211
0.001737292636
0.001649630995
0.001631093649
0.002925823666
0.002839602341
0.002260272672
0.0018757794
0.001408458322
0.00271794459
0.002827121722
0.002626771707
0.002420443215
0.001876629256
0.002176578687
0.001974519423
0.001688529622
0.001723506632
0.00202844637
0.001875479536
0.001688981437
0.001746803633
0.001856167334
0.002387716182
0.002155904608
0.002149768648
0.002210131257
0.002141208229
0.002487681611
0.002501044892
0.002160724209
0.002109884341
0.002056453485
0.002383683022
0.002590985028
0.002267743862
0.002076568658
0.001801761424
0.001807604576
0.01503653638
0.01229068881
0.009477583524
0.006985039584
0.006426428675
0.009953080314
0.007775041826
0.005920537531
0.004514495666
0.004614326654
0.01027277753
0.00961062335
0.007883549677
0.00637789076
0.006787145854
0.01102372053
0.008267407699
0.006204412566
0.006334085203
0.006610448331
0.01303915196
0.01206158099
0.008472983699
0.008106575671
0.007921730468
0.0159351575
0.01520770636
0.01148786222
0.009334246014
0.006679752006
0.01466494476
0.01518274899
0.01363460828
0.01264350337
0.009295480087
0.01119094933
0.009949237592
0.008133111122
0.008782956226
0.01077399747
0.009263800171
0.00832091439
0.008729700365
0.0095042405
0.01316598749
0.01096064868
0.01122126118
0.01168110851
0.01122375357
0.01329154185
0.01298302374
0.01094882995
0.01058918322
0.01017878516
0.012232818
0.0133425967
0.01165772203
0.01059916675
0.00888963384
0.008595667357
0.05178234584
0.04304914258
0.03216985456
0.02279164488
0.02122580806
0.03407059206
0.02635430888
0.0201439626
0.01542791469
0.01647103577
0.0370049325
0.03546838765
0.02920918808
0.0225077668
0.02393031925
0.03840972144
0.0283209756
0.02061547161
0.02089607671
0.02146440077
0.04572517953
0.04278947569
0.027551163
0.02704448609
0.025656315
0.01681861068
0.01618207108
0.03937574394
0.0318460359
0.02210659619
0.02747486116
0.02012321614
0.04883802029
0.04734228747
0.03269610486
0.03892231309
0.03393631085
0.02678901073
0.03151840107
0.04091203626
0.0320042394
0.02873664022
0.03004351981
0.03365351868
0.05536301791
0.04020622291
0.04131201094
0.04249528482
0.04087986101
0.0510907764
0.04781594145
0.0376067247
0.03557088696
0.03402342809
0.04311071796
0.0488246003
0.04126206089
0.03716660899
0.03023579944
0.02821675996
0.04563382917
0.02169918378
0.01516304857
0.04346637647
0.04954234783
0.01758467206
0.04924251646
0.0429798145
0.03769590666
0.05570796202
0.02318510714
0.01705683869
0.01518544392
0.04396621117
0.0430353781
0.02110297894
0.01253382131
0.03241271891
0.03180178081
0.03019833304
0.04474708334
0.03732515317
0.01985080666
0.04984644953
0.03979909097
0.06814732686
0.06598710302
0.05026671823
0.02319090151
0.04496538281
0.05274411172
0.0479749021
0.03707811433
0.05794236901
0.02314779227
0.02113531751
0.01408482375
0.04569150898
0.01802950225
0.04103267398
0.01402756589
0.01446662046
0.01361737098
0.0216335019
0.07001135637
0.03921550363
0.03055682403
0.02869748933
0.03050719046
0.05532020945
0.04801550077
0.0159470207
0.01257017876
0.01200210201
0.02560355603
0.06626775549
0.02952949541
0.01679220298
0.01184078267
0.04847339623
0.04315640512
0.02395745076
0.01589119587
0.02122973131
0.0284624545
0.02072049755
0.02046925427
0.02418161841
0.02951937182
0.04022611742
0.02991275401
0.02146275978
0.01670588481
0.01967490398
0.02008956448
0.02803519815
0.01015038214
0.03796327132
0.03502483524
0.0326289011
0.05502078391
0.04597434805
0.02566368333
0.02311625984
0.04558335981
0.08137699502
0.08007657133
0.06395762338
0.03290200663
0.02006618953
0.06289131596
0.0576137981
0.04872838178
0.06694892265
0.03586585267
0.02944628531
0.009872627558
0.01337646568
0.02510742618
0.05496498205
0.01183496276
0.009989314219
0.008946032667
0.03136349879
0.08146759037
0.05275382927
0.04226739672
0.0366392716
0.04335006434
0.06803372733
0.05592866643
0.01794632055
0.00819735672
0.008485069156
0.03267113926
0.07267945943
0.03972735842
0.02219526554
0.007143768961
0.01113266113
0.03814002723
0.02452310586
0.01803669759
0.02089086782
0.02920274433
0.02137220079
0.01834559505
0.02528529161
0.03349571287
0.04117817377
0.02948991608
0.0221391425
0.01695315466
0.01514670782
0.01584269996
0.02755573473
0.007471202213
0.0105816133
0.03660868068
0.0341511896
0.05448483344
0.04446634958
0.02572369739
0.01796059871
0.01143774463
0.08098703526
0.07907732845
0.06259102176
0.03372816844
0.01856206007
0.06546098706
0.06003072382
0.05265463352
0.06483171177
0.03876162158
0.03191676812
0.008325015187
0.005993212957
0.03056853981
0.0571094766
0.01179406177
0.00740252796
0.007580195149
0.03801542044
0.08195233956
0.05330327351
0.04349018092
0.03888915428
0.04756650855
0.06966764579
0.05360662213
0.01992604623
0.007391476253
0.009207069163
0.03313488801
0.06712592098
0.0397895598
0.02137945621
0.005057018818
0.003725173586
0.03424028812
0.02450942594
0.02002897766
0.02328344509
0.03040600102
0.02101758986
0.01998935044
0.02754043171
0.03544418248
0.04101904888
0.02785499891
0.02162731531
0.01637344887
0.01254290609
0.01316309245
0.02460416835
0.005541867553
0.003520207991
0.01005972348
0.0353249967
0.05173532221
0.04165838987
0.02479035384
0.01521280017
0.003955297473
0.07782054416
0.07516456026
0.05871930989
0.03294461478
0.01940227794
0.06574044526
0.06026974329
0.05366733556
0.06110311828
0.03938677555
0.03248661951
0.009295738585
0.005896264937
0.03352214179
0.05651279564
0.01208500116
0.00609567891
0.00797538864
0.0412040117
0.07984154509
0.05093816534
0.04231753576
0.03916925643
0.04914160539
0.06870497923
0.04960480248
0.02064252334
0.007922331072
0.01106419147
0.03206675338
0.0599944284
0.03749739802
0.01916602092
0.004051753815
0.001962058219
0.03153207548
0.02458040552
0.0217185257
0.02521937885
0.03064989137
0.02074175968
0.02172913738
0.02891015924
0.03577331141
0.0396829904
0.02626539048
0.02077424523
0.015681546
0.0107160955
0.01079350739
0.0219488018
0.004518195664
0.001610365883
0.003847988003
0.03567702521
0.04893553773
0.03907847334
0.02424188499
0.01347520659
0.00225572584
0.07450894346
0.0713494941
0.05531431248
0.03206254734
0.02027764451
0.06542748974
0.06004266968
0.0537700741
0.05787200405
0.03967814775
0.03278557066
0.01184560587
0.009192502598
0.03542894491
0.05553633196
0.01280558363
0.005908245466
0.009414862251
0.04291010438
0.07729193162
0.04837186967
0.04088579719
0.03898608251
0.04977520907
0.06722721974
0.04609923936
0.02113947515
0.009249601526
0.01316393277
0.03087460479
0.05407725881
0.03515772037
0.01728136431
0.003805443983
0.001741833677
0.02963585129
0.02475990774
0.02306538047
0.02645855386
0.03041920808
0.02067845304
0.02305106834
0.02958075883
0.03525325717
0.0379462062
0.02480382548
0.01998852221
0.01499571827
0.009555604566
0.008768480673
0.01999328016
0.004116984238
0.001038131145
0.001508772752
0.007943494539
0.04641501085
0.03696782677
0.02387308064
0.01221144537
0.001297955514
0.0714853734
0.06799639726
0.05253647017
0.03139475792
0.02100494706
0.06489951141
0.05966021059
0.05353806959
0.0552838698
0.03991437767
0.03332064923
0.01500414648
0.01410286697
0.03692541229
0.05456876113
0.01389046881
0.006553009726
0.01160288137
0.04398366127
0.07475420189
0.04607499945
0.03949337691
0.03871706759
0.04998467614
0.06561851602
0.04329773406
0.02167524723
0.01095520126
0.01512522863
0.02982850898
0.04952549591
0.03315300492
0.01608562301
0.00406073632
0.002119324074
0.02832407561
0.0249749043
0.02409054081
0.02727352287
0.03004601568
0.02075493837
0.02395064352
0.02977906531
0.03449661487
0.03636800442
0.02356603299
0.0193356606
0.0143838574
0.008878704926
0.007725491459
0.01864886607
0.003910458448
0.0008666105107
0.0006889619968
0.001929044408
0.04421974918
0.03533272342
0.02358948382
0.01146633366
0.001054713453
0.06880589462
0.06510163639
0.05027921048
0.03093895183
0.02166015425
0.06425040568
0.05917566902
0.05315276807
0.0532419699
0.04010546686
0.03401754319
0.01803255011
0.01855593868
0.03811761261
0.05368757538
0.01513333457
0.008198297601
0.0140803304
0.0446669062
0.07238164402
0.044084918
0.03830169782
0.03846815071
0.04991667489
0.06403265643
0.04108363138
0.02223942223
0.01265791495
0.01682308849
0.02904865698
0.04604749888
0.03152376102
0.01544614555
0.004571123683
0.002728270615
7.797898928e-09
6.325067531e-09
5.212170519e-09
4.424678339e-09
3.91853456e-09
7.643778788e-09
6.409488471e-09
5.399946462e-09
4.644507835e-09
4.187483404e-09
7.425144816e-09
6.480772047e-09
5.559496057e-09
4.790283328e-09
4.367462353e-09
6.659374024e-09
5.967585196e-09
5.365868789e-09
4.893821632e-09
4.643403838e-09
5.90072071e-09
5.20466389e-09
4.847984879e-09
4.660683946e-09
4.406278888e-09
5.772656743e-09
4.899355987e-09
4.599624019e-09
4.645213897e-09
4.785073744e-09
6.490960587e-09
5.705688643e-09
5.430253376e-09
5.299969418e-09
5.351848156e-09
6.580386508e-09
5.667555136e-09
5.386526459e-09
5.574272595e-09
5.804676487e-09
6.708703623e-09
5.733683964e-09
5.133844443e-09
4.710276083e-09
4.319298257e-09
7.064159989e-09
6.002624501e-09
5.146503326e-09
4.481743726e-09
3.963439473e-09
7.619540645e-09
6.520510994e-09
5.685981677e-09
5.092232596e-09
4.690693386e-09
8.725745701e-09
7.35244541e-09
6.220692533e-09
5.328334549e-09
4.714650905e-09
7.814624629e-08
6.366841321e-08
5.277421204e-08
4.505964502e-08
4.086808612e-08
7.860497282e-08
6.623405534e-08
5.595677558e-08
4.810049973e-08
4.412967826e-08
7.663569354e-08
6.727447535e-08
5.760856209e-08
4.926424443e-08
4.561901595e-08
6.840877019e-08
6.178664411e-08
5.554943792e-08
5.049778813e-08
4.864801864e-08
5.989959173e-08
5.313843673e-08
4.981741735e-08
4.825644594e-08
4.589326128e-08
5.81251842e-08
4.921539201e-08
4.658296697e-08
4.771959204e-08
5.0235054e-08
6.648649228e-08
5.863517536e-08
5.611716152e-08
5.463961867e-08
5.586037149e-08
6.710178235e-08
5.791881272e-08
5.54042125e-08
5.793993116e-08
6.132632355e-08
6.819103314e-08
5.873471479e-08
5.278730696e-08
4.819646449e-08
4.384109247e-08
7.218753809e-08
6.168775335e-08
5.279724414e-08
4.580929515e-08
4.05555699e-08
7.797513064e-08
6.669607583e-08
5.81384664e-08
5.225152177e-08
4.912940731e-08
8.764458121e-08
7.354405789e-08
6.213726008e-08
5.328283213e-08
4.81841013e-08
7.438318378e-07
6.105510581e-07
5.108159559e-07
4.403801402e-07
4.091360823e-07
7.67660826e-07
6.522387364e-07
5.536760787e-07
4.754544709e-07
4.432089019e-07
7.492070187e-07
6.623919523e-07
5.654436045e-07
4.786103872e-07
4.50458942e-07
6.641494301e-07
6.042986508e-07
5.429468372e-07
4.929240692e-07
4.839675769e-07
5.727515111e-07
5.112310971e-07
4.837482968e-07
4.755834055e-07
4.562721018e-07
5.489968145e-07
4.630200234e-07
4.441788714e-07
4.646641354e-07
5.024656124e-07
6.407229241e-07
5.658474661e-07
5.463207033e-07
5.307036892e-07
5.512883484e-07
6.449580333e-07
5.561992249e-07
5.357537698e-07
5.687141901e-07
6.149446245e-07
6.534487725e-07
5.688060152e-07
5.125114704e-07
4.638022869e-07
4.166677298e-07
6.955853484e-07
5.996375747e-07
5.122958042e-07
4.432688376e-07
3.92660557e-07
7.504131331e-07
6.418618044e-07
5.59765864e-07
5.067680261e-07
4.892577463e-07
8.212072232e-07
6.866856757e-07
5.805379046e-07
5.002482488e-07
4.64558114e-07
6.746248395e-06
5.574854856e-06
4.71359403e-06
4.108004219e-06
3.91227279e-06
7.114055501e-06
6.084224905e-06
5.174858275e-06
4.424035943e-06
4.186685099e-06
6.955680523e-06
6.1897542e-06
5.239954976e-06
4.358783308e-06
4.163505062e-06
6.09092996e-06
5.592463452e-06
5.016453147e-06
4.551792837e-06
4.583118571e-06
5.152077349e-06
4.63455514e-06
4.433102961e-06
4.460046934e-06
4.332440172e-06
4.871839564e-06
4.08010858e-06
3.979859141e-06
4.284200416e-06
4.80166345e-06
5.820292117e-06
5.11729433e-06
4.99932992e-06
4.837459257e-06
5.132262972e-06
5.857926463e-06
4.988263448e-06
4.824677016e-06
5.230873057e-06
5.829944654e-06
5.929087719e-06
5.187984493e-06
4.671780437e-06
4.181729946e-06
3.718794424e-06
6.361594652e-06
5.51048088e-06
4.688121416e-06
4.048090476e-06
3.584871451e-06
6.823883173e-06
5.833357734e-06
5.102217073e-06
4.65471331e-06
4.625108433e-06
7.283816849e-06
6.097963498e-06
5.166051018e-06
4.455641037e-06
4.231856097e-06
5.677026224e-05
4.707689729e-05
4.023037033e-05
3.541470831e-05
3.456010666e-05
6.120199957e-05
5.22652961e-05
4.437674815e-05
3.766377477e-05
3.631289325e-05
6.000774314e-05
5.378929249e-05
4.489567808e-05
3.639797309e-05
3.536140067e-05
5.165465829e-05
4.815800168e-05
4.296818197e-05
3.884079794e-05
4.037793903e-05
4.263525635e-05
3.875046215e-05
3.72908686e-05
3.863608559e-05
3.792134877e-05
3.986110489e-05
3.299399748e-05
3.254289299e-05
3.63442689e-05
4.253152709e-05
4.884529869e-05
4.256017164e-05
4.218385299e-05
4.050132756e-05
4.413519297e-05
4.914352891e-05
4.088119917e-05
3.952563754e-05
4.395432773e-05
5.077534046e-05
4.974333836e-05
4.360840522e-05
3.916120324e-05
3.454791386e-05
3.027590791e-05
5.41836632e-05
4.677783638e-05
3.939182737e-05
3.39081997e-05
2.998059041e-05
5.764087979e-05
4.900355187e-05
4.307480054e-05
3.953539963e-05
4.041982982e-05
6.02632894e-05
5.069456493e-05
4.316024521e-05
3.706512711e-05
3.573467929e-05
0.0004273471597
0.0003531552414
0.0003050368337
0.0002704922775
0.0002697083815
0.0004707689947
0.0004002931284
0.0003397277237
0.0002848602322
0.0002802661764
0.0004621246522
0.0004187752066
0.0003442991925
0.000270758456
0.0002671537088
0.0003906694936
0.0003723105113
0.0003291805013
0.0002936759892
0.0003164809272
0.0003146383144
0.0002899415508
0.0002781117159
0.000296122936
0.0002914086174
0.0002911266742
0.0002387691592
0.0002346645381
0.0002721827685
0.00033466376
0.0003650839191
0.0003174744907
0.0003194372742
0.0003016371049
0.0003396768626
0.0003669362541
0.0002994628449
0.0002874996333
0.0003278218372
0.0003929555698
0.0003693255093
0.0003267361612
0.0002922962327
0.0002542601591
0.0002179872645
0.0004101938604
0.0003541087926
0.0002938937767
0.0002522485809
0.0002210317925
0.0004349663527
0.0003690272171
0.0003262990143
0.0002993291283
0.0003140187746
0.0004487140524
0.0003798634272
0.0003267892023
0.000278493999
0.0002719219568
0.00269642967
0.002256511548
0.001964896776
0.001744902583
0.001745483038
0.003070631924
0.002625665672
0.002235431198
0.001845171433
0.001828125095
0.003036872795
0.002787116494
0.00225864209
0.00171511598
0.001703628169
0.002559610408
0.002452875293
0.002137820992
0.001870346116
0.002087871953
0.001999392811
0.001861465989
0.001784145328
0.001913954842
0.001852785544
0.001804815338
0.001469895721
0.001439488627
0.001714883294
0.002213587911
0.002332813415
0.002018929917
0.002067978237
0.001909701244
0.002206107779
0.002332173146
0.001863973548
0.001774793544
0.002079175933
0.002594781153
0.002307639392
0.002057161178
0.001835481116
0.001586233024
0.001330814441
0.00262542335
0.002271454689
0.001851891699
0.001580775808
0.001361685334
0.002769968767
0.00236654155
0.002118757668
0.001925769761
0.002054758292
0.002816464171
0.002450115797
0.002145691405
0.001813834311
0.001763263279
0.01363134211
0.01151095816
0.009921479581
0.008665377698
0.008464099068
0.01627512072
0.01370459102
0.01170943663
0.009337838145
0.009167371932
0.01638772691
0.01483894682
0.011594997
0.008353084061
0.008406237495
0.01373537496
0.01299153106
0.01092725519
0.009278923049
0.01080888179
0.01000597127
0.009525947528
0.00912524764
0.009775458154
0.009054024666
0.008789407254
0.007103629561
0.006915523661
0.008570970229
0.01138800628
0.01198807588
0.01015994193
0.01066874986
0.009455188171
0.01097154695
0.01181557162
0.008960908836
0.008454051615
0.01037462657
0.01347034131
0.01131519806
0.009949654754
0.008791442982
0.007642729624
0.006317743542
0.01331508868
0.01123948449
0.00889323747
0.007612841486
0.006396416617
0.01410574895
0.01187619746
0.01083270297
0.009662675187
0.01033405488
0.01436663314
0.01258694476
0.01119838602
0.009305184237
0.00877590444
0.04867185877
0.04090112935
0.03439681334
0.02953797192
0.02815743193
0.05918322244
0.04875319761
0.04237035047
0.03196922084
0.03074153935
0.06089242375
0.05349176955
0.04028357428
0.02753114482
0.02866188331
0.05173310017
0.04819517453
0.03869363361
0.03220412972
0.03934520048
0.03422804773
0.03416114661
0.03368768556
0.03540278348
0.03101606804
0.03032923603
0.02461346892
0.02361814721
0.03110698595
0.04107029184
0.04289829794
0.03519293859
0.03811730838
0.03200757321
0.03641282124
0.04146289729
0.02974782267
0.02760695033
0.03509818969
0.04613730805
0.03811118451
0.03272910812
0.02828065175
0.02469427721
0.02013541244
0.04604218413
0.03722563089
0.02875579412
0.02532345627
0.0209864074
0.04944036624
0.0404533232
0.03729013865
0.03281231015
0.03485002941
0.05245961066
0.04569968859
0.04030800136
0.0321184246
0.02963323395
0.07118975261
0.04042424143
0.01628476689
0.01127943033
0.01060125237
0.09286242114
0.06133637618
0.04430678029
0.01329173047
0.01135455724
0.09811362667
0.05367236359
0.0196322955
0.04711174983
0.05034712318
0.0709700217
0.04534312266
0.02659893442
0.01703958744
0.0274736387
0.01968680163
0.02108571518
0.02959422217
0.02842765203
0.02018237021
0.01542932852
0.05017532216
0.04941672536
0.02600092749
0.03171950538
0.02970504446
0.01466866372
0.01973158038
0.01336903868
0.01214198484
0.01947499517
0.04759354345
0.04256380766
0.01284825127
0.02248226681
0.01562406249
0.01238489579
0.03887646717
0.03424899097
0.02895885054
0.02447071635
0.01201943317
0.04050411793
0.04227381972
0.03851691234
0.039270598
0.01902315674
0.01336542561
0.01185906892
0.01136194111
0.05697248557
0.03841281847
0.02317209901
0.01286313648
0.01177683509
0.07965940224
0.05520370566
0.02994668671
0.01107725147
0.009939816056
0.09902134481
0.07216604566
0.05144762181
0.01394489123
0.006157485597
0.1043728018
0.06084173221
0.02328903538
0.01248055702
0.01278667821
0.08052800578
0.05500873368
0.036593879
0.02421204169
0.03691191736
0.02999379864
0.02816849234
0.03799543592
0.03719477539
0.03107212214
0.01866828965
0.02047030388
0.0271275615
0.03784375017
0.04282762819
0.03689852243
0.01385417465
0.02363156209
0.01146834461
0.006124835647
0.02361332744
0.01283156494
0.04561532551
0.008101907559
0.02894470289
0.0180260761
0.005805453144
0.04167148576
0.03653475396
0.03180726678
0.0285012834
0.006084573485
0.0434071335
0.04615182594
0.04316873269
0.04526495848
0.02495325381
0.009863454682
0.006293073954
0.00598036678
0.06130311317
0.04608401426
0.02972675443
0.01147606247
0.01117205993
0.0766786142
0.05574212404
0.03140840546
0.01299903118
0.0116542522
0.09472250237
0.07191485269
0.04864019181
0.01450220918
0.004396579202
0.09958558858
0.05937034039
0.02200322565
0.004354913603
0.004395669285
0.07967047851
0.0558348326
0.03796787499
0.02757258098
0.03770247349
0.03240692951
0.03120943429
0.03951563767
0.03881505498
0.03448500974
0.02080547629
0.01635970763
0.02653526762
0.0399721588
0.04462817305
0.03670613369
0.01488254374
0.02370892666
0.01061744384
0.004120171124
0.02298757522
0.004481431714
0.01091974393
0.005921562409
0.02966876765
0.01780263239
0.002882079338
0.01190126457
0.0361078219
0.03255339286
0.02682620149
0.004448280642
0.04179715844
0.04594738002
0.04350833325
0.04358139818
0.02510556329
0.008109181052
0.003949610669
0.00369871019
0.05744141225
0.04507681369
0.028586163
0.01146927413
0.01119314518
0.07069537965
0.05296002611
0.03028355299
0.01384420106
0.01185506868
0.08875146984
0.06895408588
0.04457444875
0.01384566516
0.003556274732
0.09327591446
0.05648891423
0.01958022594
0.002503626237
0.002161165443
0.07676743417
0.05485381761
0.0375166116
0.02843272265
0.03660730337
0.03313196687
0.03246103094
0.03941331398
0.03872695939
0.03547742568
0.02148344061
0.0167905186
0.02788513099
0.03972679817
0.04395411391
0.03498185048
0.01535637083
0.0216979484
0.009603041389
0.003553904982
0.02045912458
0.002023398255
0.003185857532
0.004849765482
0.02625984346
0.01561447906
0.001542966753
0.004153579788
0.03523165126
0.03279448876
0.02296476709
0.002568721725
0.01064384083
0.044282983
0.04306564898
0.04028600408
0.02341808816
0.006325070749
0.002774426189
0.002420276068
0.05226085512
0.04219720505
0.02631480627
0.01105904308
0.009967762429
0.06528355704
0.05014905556
0.02915556734
0.014214211
0.01141789084
0.08325995142
0.06573369553
0.04116073301
0.0130873999
0.003231482127
0.08758185971
0.05384120101
0.01772050091
0.001834503904
0.001275469795
0.07377860459
0.05362244903
0.03685592203
0.02843681238
0.03503732336
0.03356646528
0.03327996163
0.03902951973
0.03839073718
0.03590113619
0.02185743623
0.01805485076
0.02882600956
0.03901083667
0.04266959659
0.03315135967
0.0154983561
0.01959306228
0.008697328877
0.003577455475
0.01808362872
0.001091039373
0.001291232258
0.004139403422
0.02111552301
0.01326579249
0.0009350176421
0.002268635825
0.03424257352
0.03288122276
0.01907395215
0.001652374849
0.003890818898
0.04249169409
0.04252666201
0.0370651689
0.02134886554
0.005223953401
0.002152918745
0.001745234797
0.04758210062
0.0391694007
0.02392216396
0.01042812695
0.00842195187
0.06088738593
0.04777022701
0.02828491906
0.01443156635
0.01098893914
0.07850784808
0.06273524082
0.03837629512
0.01251405088
0.003160769254
0.08269124906
0.051455458
0.01647601454
0.001674610147
0.00103305478
0.07104712115
0.05242450542
0.03620557179
0.02824797856
0.03345551843
0.03392714694
0.03386305539
0.03860646978
0.0380548353
0.03612580787
0.02220552581
0.01935780552
0.02933536673
0.03817067843
0.04120102229
0.03142459492
0.0154574588
0.01777946058
0.00797330004
0.003863618239
0.01610653158
0.0008479684352
0.0007744480776
0.003492206062
0.01582691344
0.01106310006
0.0006358026043
0.001786109098
0.03328334892
0.03288629875
0.01571844151
0.001261105993
0.002555742541
0.04030444993
0.04187959514
0.0340296848
0.01945529572
0.004508406888
0.001928621117
0.001521193949
0.04343478315
0.03624948944
0.02176002406
0.009676869417
0.006895507702
0.05737577758
0.0458122507
0.02760603959
0.01459992673
0.01074673814
0.07447746427
0.06008400362
0.03617864804
0.01217608032
0.003265632766
0.07856426196
0.04945260726
0.0157913633
0.001619017242
0.0009601642984
0.06863775771
0.05133784423
0.0356269577
0.02804797952
0.03212669023
0.03422937323
0.03429464346
0.03820744813
0.03775079023
0.03623147168
0.02255934525
0.02046906566
0.02954810759
0.03726113824
0.03975984267
0.02988638446
0.01529939463
0.01627667599
0.007419228109
0.004065582356
0.01449159721
0.0007760182018
0.000575440236
0.002852004832
0.01139901676
0.009112930109
0.0004844214286
0.001461437142
0.03170009216
0.03279690309
0.01289322816
0.0009747630374
0.001226138511
0.01028764957
0.04012614262
0.03131939001
0.01778976829
0.00394648779
0.00145163168
0.001295020035
0.03992941834
0.03356044851
0.01991284443
0.008857378705
0.00566951913
8.961064646e-09
7.722141322e-09
6.587554087e-09
5.656701549e-09
5.022113509e-09
7.886342329e-09
6.888093639e-09
5.988665966e-09
5.247508696e-09
4.775482681e-09
7.489499506e-09
6.305105104e-09
5.352884407e-09
4.622014723e-09
4.223653598e-09
7.661699419e-09
6.376624116e-09
5.362082007e-09
4.55900632e-09
4.108765844e-09
7.201047911e-09
6.238665319e-09
5.452512172e-09
4.757232966e-09
4.224710134e-09
6.482404558e-09
5.798131005e-09
5.182246393e-09
4.765902195e-09
4.583143102e-09
6.087470076e-09
5.356862182e-09
4.852570488e-09
4.719600353e-09
4.689881955e-09
5.9144275e-09
5.137703387e-09
4.620545085e-09
4.438255647e-09
4.423033886e-09
5.966719799e-09
5.253250312e-09
4.679831351e-09
4.500757224e-09
4.460704399e-09
6.196218002e-09
5.180993979e-09
4.288725223e-09
3.679849293e-09
3.327730088e-09
6.953063263e-09
5.82695823e-09
4.979171661e-09
4.399032274e-09
4.034569361e-09
7.977957565e-09
6.935379298e-09
6.167467372e-09
5.601549556e-09
5.17110983e-09
9.043925232e-08
7.74551839e-08
6.552956635e-08
5.603218786e-08
5.067615352e-08
8.105691916e-08
7.066766764e-08
6.109543143e-08
5.337836607e-08
4.949991664e-08
7.715775996e-08
6.469225752e-08
5.49268404e-08
4.745246586e-08
4.426232233e-08
7.962755524e-08
6.538332524e-08
5.473604974e-08
4.669363833e-08
4.299020563e-08
7.478751743e-08
6.423645336e-08
5.576314833e-08
4.867783861e-08
4.341148555e-08
6.635775239e-08
5.94113737e-08
5.263190736e-08
4.825137769e-08
4.687275143e-08
6.153313991e-08
5.395559267e-08
4.929781264e-08
4.855252798e-08
4.886515025e-08
6.055816814e-08
5.178414796e-08
4.73838065e-08
4.590585249e-08
4.661089917e-08
6.102674397e-08
5.384459589e-08
4.823140637e-08
4.694836838e-08
4.767670179e-08
6.321245681e-08
5.309525801e-08
4.356142131e-08
3.71656531e-08
3.400814451e-08
7.146480265e-08
5.973377416e-08
5.094371537e-08
4.501376387e-08
4.201880929e-08
8.070269735e-08
7.02812738e-08
6.275100846e-08
5.727749765e-08
5.412446511e-08
8.547901495e-07
7.16900513e-07
5.989359128e-07
5.121206441e-07
4.741526775e-07
7.824059722e-07
6.781339589e-07
5.825641669e-07
5.093401041e-07
4.850589805e-07
7.467475411e-07
6.220506816e-07
5.312128467e-07
4.63256531e-07
4.458201216e-07
7.776228005e-07
6.261134518e-07
5.242951664e-07
4.529786246e-07
4.301813543e-07
7.326286417e-07
6.194022234e-07
5.324286796e-07
4.66660269e-07
4.182457812e-07
6.394142581e-07
5.720047687e-07
4.994522985e-07
4.546266803e-07
4.456233379e-07
5.793405898e-07
5.075294189e-07
4.693595099e-07
4.70242065e-07
4.796404644e-07
5.746124307e-07
4.878445532e-07
4.587104057e-07
4.511631987e-07
4.695570703e-07
5.8303126e-07
5.202214485e-07
4.704774389e-07
4.660583842e-07
4.872755417e-07
6.059573936e-07
5.131169123e-07
4.174187634e-07
3.54388655e-07
3.285945057e-07
6.912173672e-07
5.754378163e-07
4.901774059e-07
4.3448834e-07
4.145191089e-07
7.636526036e-07
6.662020822e-07
5.98924263e-07
5.520464331e-07
5.361587489e-07
7.531903922e-06
6.250627211e-06
5.181217015e-06
4.421890115e-06
4.185459873e-06
7.035970479e-06
6.088022904e-06
5.208812914e-06
4.555219291e-06
4.468396146e-06
6.716873844e-06
5.585127375e-06
4.814568484e-06
4.248988348e-06
4.252695171e-06
7.024382126e-06
5.612773831e-06
4.751102172e-06
4.156532448e-06
4.082721315e-06
6.647930922e-06
5.576667454e-06
4.797826507e-06
4.222522164e-06
3.789199265e-06
5.762112248e-06
5.171025429e-06
4.475674146e-06
4.043871387e-06
4.020336056e-06
5.120737539e-06
4.522889763e-06
4.211376197e-06
4.301633624e-06
4.470654991e-06
5.070595928e-06
4.339522952e-06
4.164251528e-06
4.167242758e-06
4.473627047e-06
5.200842607e-06
4.724307738e-06
4.308274845e-06
4.365848843e-06
4.701989494e-06
5.420625198e-06
4.624268742e-06
3.732456615e-06
3.153795609e-06
2.963533677e-06
6.241973535e-06
5.179711753e-06
4.414075749e-06
3.931215046e-06
3.853370974e-06
6.767613623e-06
5.929559876e-06
5.375798638e-06
5.012844594e-06
5.021063761e-06
6.17962822e-05
5.136618504e-05
4.240719697e-05
3.60838111e-05
3.472532099e-05
5.795171344e-05
5.05143096e-05
4.30346608e-05
3.744328915e-05
3.777929494e-05
5.504092891e-05
4.606444038e-05
4.009209751e-05
3.540209451e-05
3.684960257e-05
5.773960798e-05
4.654997164e-05
4.008798646e-05
3.51332687e-05
3.556265951e-05
5.45422327e-05
4.612866335e-05
4.02771358e-05
3.569055286e-05
3.19624161e-05
4.7348952e-05
4.302694221e-05
3.722253646e-05
3.360254573e-05
3.432823817e-05
4.190524625e-05
3.739620074e-05
3.490783296e-05
3.649206249e-05
3.886491122e-05
4.144710821e-05
3.560863521e-05
3.46903732e-05
3.518872558e-05
3.904302665e-05
4.264988287e-05
3.938393481e-05
3.604175936e-05
3.763199738e-05
4.190935194e-05
4.417899995e-05
3.807923732e-05
3.03783674e-05
2.547362468e-05
2.424151446e-05
5.167180212e-05
4.2800091e-05
3.656481996e-05
3.270430744e-05
3.306466681e-05
5.543124874e-05
4.879432889e-05
4.459881972e-05
4.20538514e-05
4.362684712e-05
0.0004531332541
0.0003847087573
0.0003175320977
0.0002690588667
0.000262109729
0.0004186750175
0.0003764809491
0.0003195960576
0.0002736510679
0.0002824628848
0.0003947116878
0.0003368611735
0.0002951859777
0.0002572681442
0.0002769225203
0.0004240782618
0.0003471646203
0.000303037716
0.0002631908434
0.0002711961418
0.0003984486497
0.0003438602763
0.0003052744867
0.0002738537589
0.0002442783928
0.0003469920241
0.0003227794835
0.0002798401991
0.0002530890615
0.0002677378997
0.0003085329509
0.0002789044658
0.0002586318151
0.0002775547628
0.000302396223
0.000303110828
0.0002606877971
0.0002567611947
0.0002609259766
0.0002995633398
0.0003131697022
0.0002945985143
0.0002669538527
0.0002886046421
0.0003328431592
0.0003208989318
0.0002808188486
0.0002208900385
0.0001826000794
0.0001746564174
0.0003842036635
0.0003172737196
0.0002714577161
0.0002428998802
0.0002540798338
0.0004087257311
0.0003619453185
0.0003339351279
0.000318242835
0.0003432448124
0.002916283045
0.002488877349
0.002054480222
0.001733024822
0.001692753577
0.002590532261
0.002392570682
0.002025685664
0.00169217839
0.001770886541
0.002404099776
0.002070521828
0.001819746969
0.001552739061
0.001711012889
0.002681634867
0.002219489686
0.001940623485
0.001658221804
0.001699578333
0.00250922235
0.002222774396
0.001994656678
0.001814098068
0.001601768471
0.002178963702
0.002108937315
0.001832903609
0.001647214565
0.001791410836
0.001954646715
0.001785063877
0.001637789024
0.001800478763
0.001981647218
0.001890494827
0.001633603665
0.0016083135
0.001615266211
0.001897222137
0.001990774572
0.001907926972
0.001681219736
0.001870031271
0.002218385824
0.002006306354
0.001776856679
0.001388976209
0.001136478454
0.001072797653
0.00245808782
0.00202952253
0.001743800252
0.001555881136
0.001668619668
0.002599077123
0.002322706172
0.00215925535
0.002060935876
0.002305563721
0.01541686947
0.01296219932
0.01050026171
0.008771552231
0.008435486349
0.01289772478
0.01202534771
0.01001901955
0.008056015267
0.008495797215
0.01159627885
0.009765207141
0.008546809129
0.007064736708
0.00803601985
0.01350282594
0.01112696722
0.00956165383
0.007955704764
0.008079351948
0.0125515087
0.01144289677
0.01023798831
0.009514403182
0.008265681628
0.01085243989
0.01104654848
0.0094976101
0.008429479803
0.009510213218
0.009931659534
0.009090793312
0.008098207383
0.009188222922
0.01011085487
0.009435310669
0.008108781623
0.007836543
0.00761471755
0.009045215608
0.01020956591
0.01006514461
0.008352730857
0.009638674447
0.01167711508
0.009941429925
0.008928729842
0.006873139292
0.00557634848
0.005068791428
0.01253456718
0.01034685366
0.008926043617
0.007862626859
0.008383323786
0.01338893768
0.0120338604
0.0111980669
0.01054794517
0.01178196625
0.01298318568
0.04522548764
0.03634082365
0.03050181839
0.02879130265
0.04269882442
0.04079737197
0.03314076445
0.02541213806
0.02702380707
0.03782291513
0.03074212748
0.02659742135
0.02134995678
0.02571160234
0.04563938304
0.03715010128
0.03140894732
0.02591414939
0.0264084997
0.04258118074
0.03958828097
0.03500998111
0.03434853614
0.03059912959
0.03666988412
0.03793841905
0.03301243301
0.02999182884
0.03497893352
0.03490485232
0.03193256688
0.0278295391
0.03224861545
0.0349594386
0.03260209161
0.0281944408
0.02671764088
0.02456898526
0.02885500453
0.03597405628
0.03674330569
0.02855079862
0.03473018997
0.04287872038
0.03364143801
0.03084788015
0.0238403296
0.01960929718
0.01682492786
0.04458214766
0.03677697551
0.03178871578
0.027623242
0.02829955787
0.05044793666
0.04546990384
0.04109262536
0.03715605423
0.0400368235
0.03914317162
0.03330013792
0.01502720458
0.04524722089
0.01149531312
0.01776684921
0.01292739741
0.04063450845
0.03515735439
0.0362341712
0.0132416688
0.03823074942
0.03604044291
0.03223052172
0.04027574508
0.01872452899
0.01306194533
0.04346133158
0.04086773113
0.04136966605
0.02216946106
0.01433829582
0.01284283432
0.01813579322
0.02284341723
0.01343031791
0.01236994516
0.01260168405
0.01350778744
0.02077768859
0.01622778615
0.05083752144
0.04909362596
0.01314823376
0.01493967742
0.0125445272
0.04894989255
0.04736069177
0.03956755158
0.04318087625
0.01577289537
0.01731305551
0.01122725935
0.0186205993
0.06014168813
0.01605738845
0.01176564658
0.01586899969
0.03818296326
0.03248945731
0.02743313622
0.02136863644
0.01304124166
0.04662587989
0.04400981982
0.07156265465
0.06711724972
0.03428868998
0.01687312397
0.01455128756
0.04404071036
0.0354229312
0.01301859369
0.0122143102
0.006135808062
0.01857401137
0.006757145888
0.01128946253
0.03629295931
0.0379647072
0.00621718701
0.0392914225
0.03706843861
0.03215290665
0.01077707805
0.0205332131
0.006565162834
0.01158359605
0.01132505521
0.01094384747
0.02973676767
0.01129942115
0.007188901625
0.02831307053
0.03694836474
0.01040341891
0.006045876922
0.00716421
0.0132982769
0.03215082939
0.01841652538
0.01350185335
0.01311430837
0.01143702271
0.0185831699
0.006992305676
0.01354931094
0.01234981219
0.04259038171
0.04759243412
0.01585108147
0.01741053568
0.006182261566
0.02761787261
0.06942921842
0.01808981652
0.007470661275
0.006189609078
0.04238721511
0.03712806259
0.03327791898
0.02845587244
0.01158963709
0.01193757171
0.0102301876
0.06808264868
0.07143051694
0.0414400369
0.02379086962
0.02081162322
0.04129693598
0.03203260117
0.01086638754
0.004880279089
0.003810252965
0.01629408445
0.003952101037
0.004702945937
0.03566851124
0.03730182121
0.004082814003
0.03737135052
0.03645540822
0.03037085586
0.00362523704
0.01988214818
0.003658645542
0.003637360914
0.003609986902
0.003357093701
0.0297747889
0.009856421385
0.005405139228
0.02956879959
0.03852958865
0.009654095919
0.003457344763
0.004859813406
0.01460073844
0.03367507873
0.01761703626
0.004767603377
0.004669560414
0.01004684158
0.01875302516
0.004456297279
0.004951499493
0.004868353126
0.04189733419
0.04764261961
0.01603976285
0.01621503071
0.004493963096
0.02905456396
0.06769034397
0.01883780845
0.005369300093
0.002585431046
0.01096300527
0.03716455898
0.03417043718
0.02858382483
0.009884991373
0.003976674763
0.002920904506
0.06184677958
0.06743508997
0.04115240265
0.02516811571
0.0221644726
0.03711625715
0.02777531398
0.008421360999
0.002738882754
0.001972168327
0.01235262211
0.002414974515
0.003183726556
0.03185992418
0.01007983951
0.002290357087
0.01042190441
0.03481718278
0.02853397126
0.0017315195
0.01726851597
0.002086663356
0.00159080428
0.001589496286
0.001278063268
0.02829152222
0.008423617671
0.004775325768
0.02872471102
0.03750709853
0.009040663142
0.002240517848
0.003771931811
0.01503129589
0.03266383149
0.01514756267
0.002528666394
0.002342908772
0.007391987084
0.01483698518
0.003115476984
0.002275747914
0.002055069056
0.01027115846
0.01067829954
0.01547302945
0.0141564371
0.003993632059
0.02708968688
0.05885666231
0.01804310161
0.003975139298
0.001104743843
0.003441512051
0.01381712929
0.03327926873
0.02723926424
0.008117712125
0.001909280499
0.001319894491
0.05754962406
0.06217328613
0.03947025997
0.02521158109
0.02163993363
0.03289735914
0.02332167669
0.006345449682
0.0019023008
0.0009824003232
0.008708352535
0.00142816283
0.002621662439
0.0279630938
0.003052112779
0.001327083409
0.00391773637
0.03296083467
0.02691476581
0.001065883753
0.01452597413
0.001295161804
0.0009731501325
0.000913465578
0.0006669333271
0.02648510417
0.007272267196
0.004564632624
0.0265821382
0.0350542441
0.008463674331
0.001681649121
0.003289001915
0.01504795719
0.03126860742
0.01255456598
0.001388830726
0.001335847682
0.005442387034
0.01173030507
0.002388186847
0.001294224759
0.001012465846
0.002981509366
0.003033380891
0.01466775354
0.01210803132
0.003730563776
0.02447751915
0.05094604423
0.01694045765
0.003061505731
0.0005948649002
0.001296295869
0.004057940381
0.03147037032
0.0253943032
0.006589674011
0.001102339194
0.0006115152409
0.05281330446
0.05739829125
0.03774935999
0.02461792311
0.02012003898
0.02900807809
0.01950274196
0.004709406506
0.001213973914
0.0005257297215
0.005776864383
0.0009403036968
0.00158623122
0.008402819263
0.001068123791
0.0008928525222
0.002440600034
0.03085247873
0.02525051386
0.000843349071
0.01197073702
0.0009043394264
0.0007864524884
0.00080556723
0.0004448585301
0.02457089324
0.006369001941
0.004463161177
0.02418981936
0.03221588183
0.008049260557
0.001413497436
0.003079334442
0.01490604091
0.02980569804
0.01028960087
0.0009261047133
0.0008819308772
0.004153440151
0.009368287488
0.001958010588
0.0008926382858
0.0005654918755
0.001310609596
0.00131140871
0.0137942704
0.01027539386
0.003524566071
0.02157502145
0.0434339203
0.01592405005
0.002542719336
0.00038532898
0.0006059937126
0.001378958699
0.02958779146
0.02352482677
0.005444356234
0.000744964644
0.0003581709615
0.04876664997
0.05329569689
0.03613813142
0.02378202304
0.01858713383
0.02568970342
0.01635548297
0.003541723397
0.0007952501088
0.0003189680488
0.003739768204
0.0006806931519
0.0008514642312
0.002695394181
0.0004261144234
0.0006206333845
0.001298330983
0.01080930973
0.008803549559
0.000482677602
0.009731367574
0.0006615704298
0.0004648720245
0.00051247274
0.0003841186943
0.02277754708
0.005662846006
0.004347260608
0.0218882963
0.02950639704
0.007683252686
0.001277700549
0.002983883475
0.01464633524
0.02839116088
0.008442707031
0.0006995451448
0.0006588349367
0.003253829658
0.007482595527
0.001685303348
0.0006724616171
0.0003474328128
0.0006933609613
0.0008108605322
0.01292919145
0.008696116567
0.003291705988
0.01858875194
0.03634902689
0.01505601626
0.002355123841
0.000294271864
0.0003523899041
0.0006105201229
0.02792045879
0.02180519931
0.004591218521
0.000610215685
0.0002654014206
0.04548300122
0.04983425675
0.03464896669
0.0229222538
0.01740064261
)
;

boundaryField
{
    walls
    {
        type            zeroGradient;
    }
    inlet
    {
        type            fixedValue;
        value           uniform 0;
    }
    outlet
    {
        type            inletOutlet;
        phi             alphaRhoPhi;
        inletValue      uniform 0;
        value           nonuniform List<scalar> 
384
(
0.01505369505
0.01287006712
0.01261519848
0.01308931281
0.02499133483
0.03660345063
0.0183118625
0.01901166714
0.0518954528
0.05325084729
0.03300043802
0.02918998957
0.002222335575
0.007873428227
0.01853709903
0.0285769526
0.0345845541
0.04458232403
0.03025757108
0.03588484453
0.05570724134
0.05529984975
0.03672164374
0.0383903309
0.00177329847
0.02159892192
0.03487627288
0.04373394951
0.04045182899
0.04353386607
0.04121023172
0.03893249488
0.05637009311
0.03789697433
0.02703671529
0.0396720908
0.02239433741
0.03325077651
0.03696396961
0.03661612784
0.0333953461
0.03662200266
0.03883014457
0.01871220905
0.01441311538
0.005465890429
0.01929573577
0.02850764039
0.04788661518
0.05348449851
0.03347927233
0.02803867884
0.02843324801
0.03030197786
0.02906180765
0.01479982577
0.004240989519
0.005284587283
0.05042490156
0.06213489973
0.03022972337
0.02597495583
0.005581136397
0.01674783563
0.02415630357
0.02704415815
0.0315305511
0.02044429031
0.001289925727
0.001416434849
0.0339381844
0.06135761875
0.0217223369
0.004921766325
0.0007813323448
0.002246712472
0.02802373241
0.02885706524
0.02327221318
0.001343862402
0.0001703244685
0.0003236744706
0.005909462328
0.04016117696
0.001057494315
0.0006879922061
0.01214539391
0.009008900986
0.02848523176
0.02329051651
0.005350607642
0.0002234701947
0.0001535645896
0.0003621828845
0.007873091387
0.02084192933
0.00480653053
0.003638135679
0.00891208477
0.02486622309
0.03457911444
0.02501043226
0.00564287225
0.0002967293701
0.0002188880814
0.001422385629
0.02268360233
0.01319513125
0.01612332729
0.01631310494
0.0130728825
0.02004725277
0.02363120843
0.002483293189
0.0003443488235
0.0004125162124
0.001976611154
0.02034619544
0.01715799572
0.009089662477
0.004624937796
0.001212434094
0.01176446352
0.02533591737
0.02005366431
0.0008839290855
0.0002853436208
0.000710595174
0.008773607755
0.02949409593
0.0163437178
0.006357559716
0.006433962604
0.00103602077
0.005409414194
0.01856392982
0.009548459515
0.001114897822
0.0002576209683
0.00121932309
0.01247645598
0.02809768389
0.02443603153
0.01988734778
0.02601623931
0.01498479817
0.0282123422
0.02755372829
0.01926992326
0.0146529834
0.0006294395087
0.001000118331
0.01629563812
0.04470717867
0.03904872993
0.03317324791
0.02688475063
0.01678264976
0.04425342058
0.03522885401
0.02954825299
0.02034215851
0.0007059299355
0.000547203508
0.005613976875
0.03483543692
0.02053301905
0.02609668603
0.02031449093
0.009969100641
0.04627711867
0.03823941214
0.03211719251
0.03217083329
0.00259175593
0.0006023798742
0.0005284098305
0.007526741377
0.003231124434
0.01792287621
0.01600567791
0.004314262
0.0344183502
0.03469116975
0.03150558215
0.03490062379
0.0060297211
0.00287049576
0.0002606936303
0.000357992046
0.001079399002
0.01874697611
0.0159870744
0.006303137799
0.03505502696
0.03060337132
0.02868461778
0.03239991533
0.002912441211
0.00653079289
0.0005808548698
0.0001615882254
0.001932166619
0.02307843329
0.02832407561
0.02075493837
0.02356603299
0.01864886607
0.04421974918
0.06880589462
0.06425040568
0.03401754319
0.01513333457
0.044084918
0.04108363138
0.04604749888
0.0249749043
0.02395064352
0.0193356606
0.003910458448
0.03533272342
0.06510163639
0.05917566902
0.01803255011
0.008198297601
0.03830169782
0.02223942223
0.03152376102
0.02409054081
0.02977906531
0.0143838574
0.0008666105107
0.02358948382
0.05027921048
0.05315276807
0.01855593868
0.0140803304
0.03846815071
0.01265791495
0.01544614555
0.02727352287
0.03449661487
0.008878704926
0.0006889619968
0.01146633366
0.03093895183
0.0532419699
0.03811761261
0.0446669062
0.04991667489
0.01682308849
0.004571123683
0.03004601568
0.03636800442
0.007725491459
0.001929044408
0.001054713453
0.02166015425
0.04010546686
0.05368757538
0.07238164402
0.06403265643
0.02904865698
0.002728270615
0.05737577758
0.07447746427
0.07856426196
0.06863775771
0.03422937323
0.02255934525
0.02988638446
0.01449159721
0.009112930109
0.01289322816
0.03131939001
0.03992941834
0.0458122507
0.06008400362
0.04945260726
0.05133784423
0.03429464346
0.02046906566
0.01529939463
0.0007760182018
0.0004844214286
0.0009747630374
0.01778976829
0.03356044851
0.02760603959
0.03617864804
0.0157913633
0.0356269577
0.03820744813
0.02954810759
0.01627667599
0.000575440236
0.001461437142
0.001226138511
0.00394648779
0.01991284443
0.01459992673
0.01217608032
0.001619017242
0.02804797952
0.03775079023
0.03726113824
0.007419228109
0.002852004832
0.03170009216
0.01028764957
0.00145163168
0.008857378705
0.01074673814
0.003265632766
0.0009601642984
0.03212669023
0.03623147168
0.03975984267
0.004065582356
0.01139901676
0.03279690309
0.04012614262
0.001295020035
0.00566951913
0.02568970342
0.003739768204
0.0006206333845
0.009731367574
0.02277754708
0.007683252686
0.008442707031
0.001685303348
0.01292919145
0.01505601626
0.02792045879
0.04548300122
0.01635548297
0.0006806931519
0.001298330983
0.0006615704298
0.005662846006
0.001277700549
0.0006995451448
0.0006724616171
0.008696116567
0.002355123841
0.02180519931
0.04983425675
0.003541723397
0.0008514642312
0.01080930973
0.0004648720245
0.004347260608
0.002983883475
0.0006588349367
0.0003474328128
0.003291705988
0.000294271864
0.004591218521
0.03464896669
0.0007952501088
0.002695394181
0.008803549559
0.00051247274
0.0218882963
0.01464633524
0.003253829658
0.0006933609613
0.01858875194
0.0003523899041
0.000610215685
0.0229222538
0.0003189680488
0.0004261144234
0.000482677602
0.0003841186943
0.02950639704
0.02839116088
0.007482595527
0.0008108605322
0.03634902689
0.0006105201229
0.0002654014206
0.01740064261
)
;
    }
}


// ************************************************************************* //
