/*--------------------------------*- C++ -*----------------------------------*\
  =========                 |
  \\      /  F ield         | OpenFOAM: The Open Source CFD Toolbox
   \\    /   O peration     | Website:  https://openfoam.org
    \\  /    A nd           | Version:  7
     \\/     M anipulation  |
\*---------------------------------------------------------------------------*/
FoamFile
{
    version     2.0;
    format      ascii;
    class       volScalarField;
    location    "2";
    object      CO2avg;
}
// * * * * * * * * * * * * * * * * * * * * * * * * * * * * * * * * * * * * * //

dimensions      [0 0 0 0 0 0 0];

internalField   nonuniform List<scalar> 
6144
(
8.870299824e-08
8.870299824e-08
6.619015936e-08
6.619015936e-08
7.360843568e-08
7.360843568e-08
9.322059259e-08
9.322059259e-08
6.817129593e-08
6.817129593e-08
8.3519321e-08
8.3519321e-08
8.870299824e-08
8.870299824e-08
6.619015936e-08
6.619015936e-08
7.360843568e-08
7.360843568e-08
9.322059259e-08
9.322059259e-08
6.817129593e-08
6.817129593e-08
8.3519321e-08
8.3519321e-08
7.36618165e-08
7.36618165e-08
6.245663523e-08
6.245663523e-08
8.300221419e-08
8.300221419e-08
7.823546773e-08
7.823546773e-08
8.845843242e-08
8.845843242e-08
9.123614181e-08
9.123614181e-08
7.36618165e-08
7.36618165e-08
6.245663523e-08
6.245663523e-08
8.300221419e-08
8.300221419e-08
7.823546773e-08
7.823546773e-08
8.845843242e-08
8.845843242e-08
9.123614181e-08
9.123614181e-08
9.377233903e-08
9.377233903e-08
6.756059944e-08
6.756059944e-08
8.946557264e-08
8.946557264e-08
9.223445462e-08
9.223445462e-08
5.892874874e-08
5.892874874e-08
7.997316647e-08
7.997316647e-08
9.377233903e-08
9.377233903e-08
6.756059944e-08
6.756059944e-08
8.946557264e-08
8.946557264e-08
9.223445462e-08
9.223445462e-08
5.892874874e-08
5.892874874e-08
7.997316647e-08
7.997316647e-08
5.603407507e-08
5.603407507e-08
8.10684632e-08
8.10684632e-08
8.726577776e-08
8.726577776e-08
6.057010763e-08
6.057010763e-08
1.007909447e-07
1.007909447e-07
1.176835633e-07
1.176835633e-07
5.603407507e-08
5.603407507e-08
8.10684632e-08
8.10684632e-08
8.726577776e-08
8.726577776e-08
6.057010763e-08
6.057010763e-08
1.007909447e-07
1.007909447e-07
1.176835633e-07
1.176835633e-07
8.685014209e-08
8.685014209e-08
7.009969867e-08
7.009969867e-08
6.963165081e-08
6.963165081e-08
1.090045096e-07
1.090045096e-07
8.736089554e-08
8.736089554e-08
9.055941198e-08
9.055941198e-08
8.685014209e-08
8.685014209e-08
7.009969867e-08
7.009969867e-08
6.963165081e-08
6.963165081e-08
1.090045096e-07
1.090045096e-07
8.736089554e-08
8.736089554e-08
9.055941198e-08
9.055941198e-08
8.719541612e-08
8.719541612e-08
8.705657631e-08
8.705657631e-08
1.078971636e-07
1.078971636e-07
8.041697889e-08
8.041697889e-08
8.794997157e-08
8.794997157e-08
8.215257731e-08
8.215257731e-08
8.719541612e-08
8.719541612e-08
8.705657631e-08
8.705657631e-08
1.078971636e-07
1.078971636e-07
8.041697889e-08
8.041697889e-08
8.794997157e-08
8.794997157e-08
8.215257731e-08
8.215257731e-08
8.870299824e-08
8.870299824e-08
6.619015936e-08
6.619015936e-08
7.360843568e-08
7.360843568e-08
9.322059259e-08
9.322059259e-08
6.817129593e-08
6.817129593e-08
8.3519321e-08
8.3519321e-08
8.870299824e-08
8.870299824e-08
6.619015936e-08
6.619015936e-08
7.360843568e-08
7.360843568e-08
9.322059259e-08
9.322059259e-08
6.817129593e-08
6.817129593e-08
8.3519321e-08
8.3519321e-08
7.36618165e-08
7.36618165e-08
6.245663523e-08
6.245663523e-08
8.300221419e-08
8.300221419e-08
7.823546773e-08
7.823546773e-08
8.845843242e-08
8.845843242e-08
9.123614181e-08
9.123614181e-08
7.36618165e-08
7.36618165e-08
6.245663523e-08
6.245663523e-08
8.300221419e-08
8.300221419e-08
7.823546773e-08
7.823546773e-08
8.845843242e-08
8.845843242e-08
9.123614181e-08
9.123614181e-08
9.377233903e-08
9.377233903e-08
6.756059944e-08
6.756059944e-08
8.946557264e-08
8.946557264e-08
9.223445462e-08
9.223445462e-08
5.892874874e-08
5.892874874e-08
7.997316647e-08
7.997316647e-08
9.377233903e-08
9.377233903e-08
6.756059944e-08
6.756059944e-08
8.946557264e-08
8.946557264e-08
9.223445462e-08
9.223445462e-08
5.892874874e-08
5.892874874e-08
7.997316647e-08
7.997316647e-08
5.603407507e-08
5.603407507e-08
8.10684632e-08
8.10684632e-08
8.726577776e-08
8.726577776e-08
6.057010763e-08
6.057010763e-08
1.007909447e-07
1.007909447e-07
1.176835633e-07
1.176835633e-07
5.603407507e-08
5.603407507e-08
8.10684632e-08
8.10684632e-08
8.726577776e-08
8.726577776e-08
6.057010763e-08
6.057010763e-08
1.007909447e-07
1.007909447e-07
1.176835633e-07
1.176835633e-07
8.685014209e-08
8.685014209e-08
7.009969867e-08
7.009969867e-08
6.963165081e-08
6.963165081e-08
1.090045096e-07
1.090045096e-07
8.736089554e-08
8.736089554e-08
9.055941198e-08
9.055941198e-08
8.685014209e-08
8.685014209e-08
7.009969867e-08
7.009969867e-08
6.963165081e-08
6.963165081e-08
1.090045096e-07
1.090045096e-07
8.736089554e-08
8.736089554e-08
9.055941198e-08
9.055941198e-08
8.719541612e-08
8.719541612e-08
8.705657631e-08
8.705657631e-08
1.078971636e-07
1.078971636e-07
8.041697889e-08
8.041697889e-08
8.794997157e-08
8.794997157e-08
8.215257731e-08
8.215257731e-08
8.719541612e-08
8.719541612e-08
8.705657631e-08
8.705657631e-08
1.078971636e-07
1.078971636e-07
8.041697889e-08
8.041697889e-08
8.794997157e-08
8.794997157e-08
8.215257731e-08
8.215257731e-08
7.259512246e-06
7.259512246e-06
9.209702642e-06
9.209702642e-06
7.435938765e-06
7.435938765e-06
7.099820711e-06
7.099820711e-06
6.940762494e-06
6.940762494e-06
7.441152336e-06
7.441152336e-06
7.259512246e-06
7.259512246e-06
9.209702642e-06
9.209702642e-06
7.435938765e-06
7.435938765e-06
7.099820711e-06
7.099820711e-06
6.940762494e-06
6.940762494e-06
7.441152336e-06
7.441152336e-06
6.909572662e-06
6.909572662e-06
5.725427024e-06
5.725427024e-06
7.62272374e-06
7.62272374e-06
6.831760413e-06
6.831760413e-06
8.372804358e-06
8.372804358e-06
7.328697939e-06
7.328697939e-06
6.909572662e-06
6.909572662e-06
5.725427024e-06
5.725427024e-06
7.62272374e-06
7.62272374e-06
6.831760413e-06
6.831760413e-06
8.372804358e-06
8.372804358e-06
7.328697939e-06
7.328697939e-06
7.400946017e-06
7.400946017e-06
4.896313439e-06
4.896313439e-06
4.63753254e-06
4.63753254e-06
6.507214878e-06
6.507214878e-06
4.585034546e-06
4.585034546e-06
8.818026804e-06
8.818026804e-06
7.400946017e-06
7.400946017e-06
4.896313439e-06
4.896313439e-06
4.63753254e-06
4.63753254e-06
6.507214878e-06
6.507214878e-06
4.585034546e-06
4.585034546e-06
8.818026804e-06
8.818026804e-06
5.014562425e-06
5.014562425e-06
7.08188036e-06
7.08188036e-06
7.470568835e-06
7.470568835e-06
7.555666312e-06
7.555666312e-06
7.613628884e-06
7.613628884e-06
7.640916876e-06
7.640916876e-06
5.014562425e-06
5.014562425e-06
7.08188036e-06
7.08188036e-06
7.470568835e-06
7.470568835e-06
7.555666312e-06
7.555666312e-06
7.613628884e-06
7.613628884e-06
7.640916876e-06
7.640916876e-06
9.645048277e-06
9.645048277e-06
8.690313365e-06
8.690313365e-06
6.774797465e-06
6.774797465e-06
4.474359358e-06
4.474359358e-06
6.93987797e-06
6.93987797e-06
6.107818476e-06
6.107818476e-06
9.645048277e-06
9.645048277e-06
8.690313365e-06
8.690313365e-06
6.774797465e-06
6.774797465e-06
4.474359358e-06
4.474359358e-06
6.93987797e-06
6.93987797e-06
6.107818476e-06
6.107818476e-06
7.403153598e-06
7.403153598e-06
4.384384575e-06
4.384384575e-06
8.969595448e-06
8.969595448e-06
7.566069904e-06
7.566069904e-06
6.171290799e-06
6.171290799e-06
7.862896504e-06
7.862896504e-06
7.403153598e-06
7.403153598e-06
4.384384575e-06
4.384384575e-06
8.969595448e-06
8.969595448e-06
7.566069904e-06
7.566069904e-06
6.171290799e-06
6.171290799e-06
7.862896504e-06
7.862896504e-06
7.259512246e-06
7.259512246e-06
9.209702642e-06
9.209702642e-06
7.435938765e-06
7.435938765e-06
7.099820711e-06
7.099820711e-06
6.940762494e-06
6.940762494e-06
7.441152336e-06
7.441152336e-06
7.259512246e-06
7.259512246e-06
9.209702642e-06
9.209702642e-06
7.435938765e-06
7.435938765e-06
7.099820711e-06
7.099820711e-06
6.940762494e-06
6.940762494e-06
7.441152336e-06
7.441152336e-06
6.909572662e-06
6.909572662e-06
5.725427024e-06
5.725427024e-06
7.62272374e-06
7.62272374e-06
6.831760413e-06
6.831760413e-06
8.372804358e-06
8.372804358e-06
7.328697939e-06
7.328697939e-06
6.909572662e-06
6.909572662e-06
5.725427024e-06
5.725427024e-06
7.62272374e-06
7.62272374e-06
6.831760413e-06
6.831760413e-06
8.372804358e-06
8.372804358e-06
7.328697939e-06
7.328697939e-06
7.400946017e-06
7.400946017e-06
4.896313439e-06
4.896313439e-06
4.63753254e-06
4.63753254e-06
6.507214878e-06
6.507214878e-06
4.585034546e-06
4.585034546e-06
8.818026804e-06
8.818026804e-06
7.400946017e-06
7.400946017e-06
4.896313439e-06
4.896313439e-06
4.63753254e-06
4.63753254e-06
6.507214878e-06
6.507214878e-06
4.585034546e-06
4.585034546e-06
8.818026804e-06
8.818026804e-06
5.014562425e-06
5.014562425e-06
7.08188036e-06
7.08188036e-06
7.470568835e-06
7.470568835e-06
7.555666312e-06
7.555666312e-06
7.613628884e-06
7.613628884e-06
7.640916876e-06
7.640916876e-06
5.014562425e-06
5.014562425e-06
7.08188036e-06
7.08188036e-06
7.470568835e-06
7.470568835e-06
7.555666312e-06
7.555666312e-06
7.613628884e-06
7.613628884e-06
7.640916876e-06
7.640916876e-06
9.645048277e-06
9.645048277e-06
8.690313365e-06
8.690313365e-06
6.774797465e-06
6.774797465e-06
4.474359358e-06
4.474359358e-06
6.93987797e-06
6.93987797e-06
6.107818476e-06
6.107818476e-06
9.645048277e-06
9.645048277e-06
8.690313365e-06
8.690313365e-06
6.774797465e-06
6.774797465e-06
4.474359358e-06
4.474359358e-06
6.93987797e-06
6.93987797e-06
6.107818476e-06
6.107818476e-06
7.403153598e-06
7.403153598e-06
4.384384575e-06
4.384384575e-06
8.969595448e-06
8.969595448e-06
7.566069904e-06
7.566069904e-06
6.171290799e-06
6.171290799e-06
7.862896504e-06
7.862896504e-06
7.403153598e-06
7.403153598e-06
4.384384575e-06
4.384384575e-06
8.969595448e-06
8.969595448e-06
7.566069904e-06
7.566069904e-06
6.171290799e-06
6.171290799e-06
7.862896504e-06
7.862896504e-06
0.0004564888328
0.0004564888328
0.0003877472011
0.0003877472011
0.0003742443191
0.0003742443191
0.0005723292384
0.0005723292384
0.0003395037597
0.0003395037597
0.0005031034732
0.0005031034732
0.0004564888328
0.0004564888328
0.0003877472011
0.0003877472011
0.0003742443191
0.0003742443191
0.0005723292384
0.0005723292384
0.0003395037597
0.0003395037597
0.0005031034732
0.0005031034732
0.0003619130934
0.0003619130934
0.0002417659796
0.0002417659796
0.0004836076107
0.0004836076107
0.0003650544442
0.0003650544442
0.0004091028397
0.0004091028397
0.0004636659342
0.0004636659342
0.0003619130934
0.0003619130934
0.0002417659796
0.0002417659796
0.0004836076107
0.0004836076107
0.0003650544442
0.0003650544442
0.0004091028397
0.0004091028397
0.0004636659342
0.0004636659342
0.0004254941853
0.0004254941853
0.0002623881555
0.0002623881555
0.0002753400372
0.0002753400372
0.0003158335157
0.0003158335157
0.0003911278168
0.0003911278168
0.0004243735446
0.0004243735446
0.0004254941853
0.0004254941853
0.0002623881555
0.0002623881555
0.0002753400372
0.0002753400372
0.0003158335157
0.0003158335157
0.0003911278168
0.0003911278168
0.0004243735446
0.0004243735446
0.0004232618182
0.0004232618182
0.0005013290476
0.0005013290476
0.0003093857025
0.0003093857025
0.0006385795074
0.0006385795074
0.0004250516136
0.0004250516136
0.0004542663611
0.0004542663611
0.0004232618182
0.0004232618182
0.0005013290476
0.0005013290476
0.0003093857025
0.0003093857025
0.0006385795074
0.0006385795074
0.0004250516136
0.0004250516136
0.0004542663611
0.0004542663611
0.0002884599692
0.0002884599692
0.0005019630939
0.0005019630939
0.0004620166576
0.0004620166576
0.00041452228
0.00041452228
0.0005387575156
0.0005387575156
0.0003716419763
0.0003716419763
0.0002884599692
0.0002884599692
0.0005019630939
0.0005019630939
0.0004620166576
0.0004620166576
0.00041452228
0.00041452228
0.0005387575156
0.0005387575156
0.0003716419763
0.0003716419763
0.0003893506511
0.0003893506511
0.0004666304807
0.0004666304807
0.000323044945
0.000323044945
0.0004794742429
0.0004794742429
0.0005706823501
0.0005706823501
0.0005354864076
0.0005354864076
0.0003893506511
0.0003893506511
0.0004666304807
0.0004666304807
0.000323044945
0.000323044945
0.0004794742429
0.0004794742429
0.0005706823501
0.0005706823501
0.0005354864076
0.0005354864076
0.0004564888328
0.0004564888328
0.0003877472011
0.0003877472011
0.0003742443191
0.0003742443191
0.0005723292384
0.0005723292384
0.0003395037597
0.0003395037597
0.0005031034732
0.0005031034732
0.0004564888328
0.0004564888328
0.0003877472011
0.0003877472011
0.0003742443191
0.0003742443191
0.0005723292384
0.0005723292384
0.0003395037597
0.0003395037597
0.0005031034732
0.0005031034732
0.0003619130934
0.0003619130934
0.0002417659796
0.0002417659796
0.0004836076107
0.0004836076107
0.0003650544442
0.0003650544442
0.0004091028397
0.0004091028397
0.0004636659342
0.0004636659342
0.0003619130934
0.0003619130934
0.0002417659796
0.0002417659796
0.0004836076107
0.0004836076107
0.0003650544442
0.0003650544442
0.0004091028397
0.0004091028397
0.0004636659342
0.0004636659342
0.0004254941853
0.0004254941853
0.0002623881555
0.0002623881555
0.0002753400372
0.0002753400372
0.0003158335157
0.0003158335157
0.0003911278168
0.0003911278168
0.0004243735446
0.0004243735446
0.0004254941853
0.0004254941853
0.0002623881555
0.0002623881555
0.0002753400372
0.0002753400372
0.0003158335157
0.0003158335157
0.0003911278168
0.0003911278168
0.0004243735446
0.0004243735446
0.0004232618182
0.0004232618182
0.0005013290476
0.0005013290476
0.0003093857025
0.0003093857025
0.0006385795074
0.0006385795074
0.0004250516136
0.0004250516136
0.0004542663611
0.0004542663611
0.0004232618182
0.0004232618182
0.0005013290476
0.0005013290476
0.0003093857025
0.0003093857025
0.0006385795074
0.0006385795074
0.0004250516136
0.0004250516136
0.0004542663611
0.0004542663611
0.0002884599692
0.0002884599692
0.0005019630939
0.0005019630939
0.0004620166576
0.0004620166576
0.00041452228
0.00041452228
0.0005387575156
0.0005387575156
0.0003716419763
0.0003716419763
0.0002884599692
0.0002884599692
0.0005019630939
0.0005019630939
0.0004620166576
0.0004620166576
0.00041452228
0.00041452228
0.0005387575156
0.0005387575156
0.0003716419763
0.0003716419763
0.0003893506511
0.0003893506511
0.0004666304807
0.0004666304807
0.000323044945
0.000323044945
0.0004794742429
0.0004794742429
0.0005706823501
0.0005706823501
0.0005354864076
0.0005354864076
0.0003893506511
0.0003893506511
0.0004666304807
0.0004666304807
0.000323044945
0.000323044945
0.0004794742429
0.0004794742429
0.0005706823501
0.0005706823501
0.0005354864076
0.0005354864076
0.01594022617
0.01594022617
0.01389149367
0.01389149367
0.01789467399
0.01789467399
0.01795319035
0.01795319035
0.01382232573
0.01382232573
0.01633450198
0.01633450198
0.01594022617
0.01594022617
0.01389149367
0.01389149367
0.01789467399
0.01789467399
0.01795319035
0.01795319035
0.01382232573
0.01382232573
0.01633450198
0.01633450198
0.0116761023
0.0116761023
0.01127103904
0.01127103904
0.01332764602
0.01332764602
0.009094050218
0.009094050218
0.01536514656
0.01536514656
0.01846707587
0.01846707587
0.0116761023
0.0116761023
0.01127103904
0.01127103904
0.01332764602
0.01332764602
0.009094050218
0.009094050218
0.01536514656
0.01536514656
0.01846707587
0.01846707587
0.01143278954
0.01143278954
0.01172493824
0.01172493824
0.008953376943
0.008953376943
0.01361983279
0.01361983279
0.01568024912
0.01568024912
0.01334727587
0.01334727587
0.01143278954
0.01143278954
0.01172493824
0.01172493824
0.008953376943
0.008953376943
0.01361983279
0.01361983279
0.01568024912
0.01568024912
0.01334727587
0.01334727587
0.01244007404
0.01244007404
0.01856274087
0.01856274087
0.01237625155
0.01237625155
0.01296087007
0.01296087007
0.01099054537
0.01099054537
0.01647381009
0.01647381009
0.01244007404
0.01244007404
0.01856274087
0.01856274087
0.01237625155
0.01237625155
0.01296087007
0.01296087007
0.01099054537
0.01099054537
0.01647381009
0.01647381009
0.01432228624
0.01432228624
0.01480996852
0.01480996852
0.01492335579
0.01492335579
0.01702231633
0.01702231633
0.01312158384
0.01312158384
0.01290161672
0.01290161672
0.01432228624
0.01432228624
0.01480996852
0.01480996852
0.01492335579
0.01492335579
0.01702231633
0.01702231633
0.01312158384
0.01312158384
0.01290161672
0.01290161672
0.01495485124
0.01495485124
0.01325131505
0.01325131505
0.015428758
0.015428758
0.0146123513
0.0146123513
0.01364288309
0.01364288309
0.01948633985
0.01948633985
0.01495485124
0.01495485124
0.01325131505
0.01325131505
0.015428758
0.015428758
0.0146123513
0.0146123513
0.01364288309
0.01364288309
0.01948633985
0.01948633985
0.01594022617
0.01594022617
0.01389149367
0.01389149367
0.01789467399
0.01789467399
0.01795319035
0.01795319035
0.01382232573
0.01382232573
0.01633450198
0.01633450198
0.01594022617
0.01594022617
0.01389149367
0.01389149367
0.01789467399
0.01789467399
0.01795319035
0.01795319035
0.01382232573
0.01382232573
0.01633450198
0.01633450198
0.0116761023
0.0116761023
0.01127103904
0.01127103904
0.01332764602
0.01332764602
0.009094050218
0.009094050218
0.01536514656
0.01536514656
0.01846707587
0.01846707587
0.0116761023
0.0116761023
0.01127103904
0.01127103904
0.01332764602
0.01332764602
0.009094050218
0.009094050218
0.01536514656
0.01536514656
0.01846707587
0.01846707587
0.01143278954
0.01143278954
0.01172493824
0.01172493824
0.008953376943
0.008953376943
0.01361983279
0.01361983279
0.01568024912
0.01568024912
0.01334727587
0.01334727587
0.01143278954
0.01143278954
0.01172493824
0.01172493824
0.008953376943
0.008953376943
0.01361983279
0.01361983279
0.01568024912
0.01568024912
0.01334727587
0.01334727587
0.01244007404
0.01244007404
0.01856274087
0.01856274087
0.01237625155
0.01237625155
0.01296087007
0.01296087007
0.01099054537
0.01099054537
0.01647381009
0.01647381009
0.01244007404
0.01244007404
0.01856274087
0.01856274087
0.01237625155
0.01237625155
0.01296087007
0.01296087007
0.01099054537
0.01099054537
0.01647381009
0.01647381009
0.01432228624
0.01432228624
0.01480996852
0.01480996852
0.01492335579
0.01492335579
0.01702231633
0.01702231633
0.01312158384
0.01312158384
0.01290161672
0.01290161672
0.01432228624
0.01432228624
0.01480996852
0.01480996852
0.01492335579
0.01492335579
0.01702231633
0.01702231633
0.01312158384
0.01312158384
0.01290161672
0.01290161672
0.01495485124
0.01495485124
0.01325131505
0.01325131505
0.015428758
0.015428758
0.0146123513
0.0146123513
0.01364288309
0.01364288309
0.01948633985
0.01948633985
0.01495485124
0.01495485124
0.01325131505
0.01325131505
0.015428758
0.015428758
0.0146123513
0.0146123513
0.01364288309
0.01364288309
0.01948633985
0.01948633985
0.1560492246
0.1560492246
0.1672006746
0.1672006746
0.1389711793
0.1389711793
0.1371637546
0.1371637546
0.136014391
0.136014391
0.1297086732
0.1297086732
0.1560492246
0.1560492246
0.1672006746
0.1672006746
0.1389711793
0.1389711793
0.1371637546
0.1371637546
0.136014391
0.136014391
0.1297086732
0.1297086732
0.1636269186
0.1636269186
0.1195589701
0.1195589701
0.1545359246
0.1545359246
0.09427817974
0.09427817974
0.1169793747
0.1169793747
0.171159515
0.171159515
0.1636269186
0.1636269186
0.1195589701
0.1195589701
0.1545359246
0.1545359246
0.09427817974
0.09427817974
0.1169793747
0.1169793747
0.171159515
0.171159515
0.1510647403
0.1510647403
0.1264051952
0.1264051952
0.1219308118
0.1219308118
0.1175077215
0.1175077215
0.09183531872
0.09183531872
0.1322612399
0.1322612399
0.1510647403
0.1510647403
0.1264051952
0.1264051952
0.1219308118
0.1219308118
0.1175077215
0.1175077215
0.09183531872
0.09183531872
0.1322612399
0.1322612399
0.1801194773
0.1801194773
0.1897327094
0.1897327094
0.148213939
0.148213939
0.1238514244
0.1238514244
0.1280563838
0.1280563838
0.1217478357
0.1217478357
0.1801194773
0.1801194773
0.1897327094
0.1897327094
0.148213939
0.148213939
0.1238514244
0.1238514244
0.1280563838
0.1280563838
0.1217478357
0.1217478357
0.1494820661
0.1494820661
0.156027654
0.156027654
0.1276730901
0.1276730901
0.1069503389
0.1069503389
0.109942967
0.109942967
0.1528582015
0.1528582015
0.1494820661
0.1494820661
0.156027654
0.156027654
0.1276730901
0.1276730901
0.1069503389
0.1069503389
0.109942967
0.109942967
0.1528582015
0.1528582015
0.1473180557
0.1473180557
0.1602074445
0.1602074445
0.1630602072
0.1630602072
0.157301003
0.157301003
0.1421065933
0.1421065933
0.1557734807
0.1557734807
0.1473180557
0.1473180557
0.1602074445
0.1602074445
0.1630602072
0.1630602072
0.157301003
0.157301003
0.1421065933
0.1421065933
0.1557734807
0.1557734807
0.1560492246
0.1560492246
0.1672006746
0.1672006746
0.1389711793
0.1389711793
0.1371637546
0.1371637546
0.136014391
0.136014391
0.1297086732
0.1297086732
0.1560492246
0.1560492246
0.1672006746
0.1672006746
0.1389711793
0.1389711793
0.1371637546
0.1371637546
0.136014391
0.136014391
0.1297086732
0.1297086732
0.1636269186
0.1636269186
0.1195589701
0.1195589701
0.1545359246
0.1545359246
0.09427817974
0.09427817974
0.1169793747
0.1169793747
0.171159515
0.171159515
0.1636269186
0.1636269186
0.1195589701
0.1195589701
0.1545359246
0.1545359246
0.09427817974
0.09427817974
0.1169793747
0.1169793747
0.171159515
0.171159515
0.1510647403
0.1510647403
0.1264051952
0.1264051952
0.1219308118
0.1219308118
0.1175077215
0.1175077215
0.09183531872
0.09183531872
0.1322612399
0.1322612399
0.1510647403
0.1510647403
0.1264051952
0.1264051952
0.1219308118
0.1219308118
0.1175077215
0.1175077215
0.09183531872
0.09183531872
0.1322612399
0.1322612399
0.1801194773
0.1801194773
0.1897327094
0.1897327094
0.148213939
0.148213939
0.1238514244
0.1238514244
0.1280563838
0.1280563838
0.1217478357
0.1217478357
0.1801194773
0.1801194773
0.1897327094
0.1897327094
0.148213939
0.148213939
0.1238514244
0.1238514244
0.1280563838
0.1280563838
0.1217478357
0.1217478357
0.1494820661
0.1494820661
0.156027654
0.156027654
0.1276730901
0.1276730901
0.1069503389
0.1069503389
0.109942967
0.109942967
0.1528582015
0.1528582015
0.1494820661
0.1494820661
0.156027654
0.156027654
0.1276730901
0.1276730901
0.1069503389
0.1069503389
0.109942967
0.109942967
0.1528582015
0.1528582015
0.1473180557
0.1473180557
0.1602074445
0.1602074445
0.1630602072
0.1630602072
0.157301003
0.157301003
0.1421065933
0.1421065933
0.1557734807
0.1557734807
0.1473180557
0.1473180557
0.1602074445
0.1602074445
0.1630602072
0.1630602072
0.157301003
0.157301003
0.1421065933
0.1421065933
0.1557734807
0.1557734807
0.2560098274
0.2560098274
0.253894067
0.253894067
0.2547133291
0.2547133291
0.2373196733
0.2373196733
0.2464253299
0.2464253299
0.219665935
0.219665935
0.2560098274
0.2560098274
0.253894067
0.253894067
0.2547133291
0.2547133291
0.2373196733
0.2373196733
0.2464253299
0.2464253299
0.219665935
0.219665935
0.2550269362
0.2550269362
0.2452315696
0.2452315696
0.2445503715
0.2445503715
0.2143410585
0.2143410585
0.217284276
0.217284276
0.24971193
0.24971193
0.2550269362
0.2550269362
0.2452315696
0.2452315696
0.2445503715
0.2445503715
0.2143410585
0.2143410585
0.217284276
0.217284276
0.24971193
0.24971193
0.2480103373
0.2480103373
0.2312337521
0.2312337521
0.2231792527
0.2231792527
0.221696657
0.221696657
0.1976361084
0.1976361084
0.2333819529
0.2333819529
0.2480103373
0.2480103373
0.2312337521
0.2312337521
0.2231792527
0.2231792527
0.221696657
0.221696657
0.1976361084
0.1976361084
0.2333819529
0.2333819529
0.2581851294
0.2581851294
0.2515026975
0.2515026975
0.2442261672
0.2442261672
0.2209866443
0.2209866443
0.223085964
0.223085964
0.2276953608
0.2276953608
0.2581851294
0.2581851294
0.2515026975
0.2515026975
0.2442261672
0.2442261672
0.2209866443
0.2209866443
0.223085964
0.223085964
0.2276953608
0.2276953608
0.2592633382
0.2592633382
0.2543896354
0.2543896354
0.2407638958
0.2407638958
0.1922652126
0.1922652126
0.2207175487
0.2207175487
0.2466235758
0.2466235758
0.2592633382
0.2592633382
0.2543896354
0.2543896354
0.2407638958
0.2407638958
0.1922652126
0.1922652126
0.2207175487
0.2207175487
0.2466235758
0.2466235758
0.2546438964
0.2546438964
0.2581870949
0.2581870949
0.2533067907
0.2533067907
0.2554822994
0.2554822994
0.2559891471
0.2559891471
0.2505309302
0.2505309302
0.2546438964
0.2546438964
0.2581870949
0.2581870949
0.2533067907
0.2533067907
0.2554822994
0.2554822994
0.2559891471
0.2559891471
0.2505309302
0.2505309302
0.2560098274
0.2560098274
0.253894067
0.253894067
0.2547133291
0.2547133291
0.2373196733
0.2373196733
0.2464253299
0.2464253299
0.219665935
0.219665935
0.2560098274
0.2560098274
0.253894067
0.253894067
0.2547133291
0.2547133291
0.2373196733
0.2373196733
0.2464253299
0.2464253299
0.219665935
0.219665935
0.2550269362
0.2550269362
0.2452315696
0.2452315696
0.2445503715
0.2445503715
0.2143410585
0.2143410585
0.217284276
0.217284276
0.24971193
0.24971193
0.2550269362
0.2550269362
0.2452315696
0.2452315696
0.2445503715
0.2445503715
0.2143410585
0.2143410585
0.217284276
0.217284276
0.24971193
0.24971193
0.2480103373
0.2480103373
0.2312337521
0.2312337521
0.2231792527
0.2231792527
0.221696657
0.221696657
0.1976361084
0.1976361084
0.2333819529
0.2333819529
0.2480103373
0.2480103373
0.2312337521
0.2312337521
0.2231792527
0.2231792527
0.221696657
0.221696657
0.1976361084
0.1976361084
0.2333819529
0.2333819529
0.2581851294
0.2581851294
0.2515026975
0.2515026975
0.2442261672
0.2442261672
0.2209866443
0.2209866443
0.223085964
0.223085964
0.2276953608
0.2276953608
0.2581851294
0.2581851294
0.2515026975
0.2515026975
0.2442261672
0.2442261672
0.2209866443
0.2209866443
0.223085964
0.223085964
0.2276953608
0.2276953608
0.2592633382
0.2592633382
0.2543896354
0.2543896354
0.2407638958
0.2407638958
0.1922652126
0.1922652126
0.2207175487
0.2207175487
0.2466235758
0.2466235758
0.2592633382
0.2592633382
0.2543896354
0.2543896354
0.2407638958
0.2407638958
0.1922652126
0.1922652126
0.2207175487
0.2207175487
0.2466235758
0.2466235758
0.2546438964
0.2546438964
0.2581870949
0.2581870949
0.2533067907
0.2533067907
0.2554822994
0.2554822994
0.2559891471
0.2559891471
0.2505309302
0.2505309302
0.2546438964
0.2546438964
0.2581870949
0.2581870949
0.2533067907
0.2533067907
0.2554822994
0.2554822994
0.2559891471
0.2559891471
0.2505309302
0.2505309302
0.2646207911
0.2646207911
0.2579722347
0.2579722347
0.2573814688
0.2573814688
0.2497242542
0.2497242542
0.2534742111
0.2534742111
0.2403818266
0.2403818266
0.2646207911
0.2646207911
0.2579722347
0.2579722347
0.2573814688
0.2573814688
0.2497242542
0.2497242542
0.2534742111
0.2534742111
0.2403818266
0.2403818266
0.2591665163
0.2591665163
0.2477393053
0.2477393053
0.2485595089
0.2485595089
0.2339708583
0.2339708583
0.2443980731
0.2443980731
0.2559963285
0.2559963285
0.2591665163
0.2591665163
0.2477393053
0.2477393053
0.2485595089
0.2485595089
0.2339708583
0.2339708583
0.2443980731
0.2443980731
0.2559963285
0.2559963285
0.2503482057
0.2503482057
0.234385411
0.234385411
0.2261777088
0.2261777088
0.2295092702
0.2295092702
0.2253680373
0.2253680373
0.2444098668
0.2444098668
0.2503482057
0.2503482057
0.234385411
0.234385411
0.2261777088
0.2261777088
0.2295092702
0.2295092702
0.2253680373
0.2253680373
0.2444098668
0.2444098668
0.2621481426
0.2621481426
0.2532257136
0.2532257136
0.2473157135
0.2473157135
0.2336157087
0.2336157087
0.2371050653
0.2371050653
0.2412383794
0.2412383794
0.2621481426
0.2621481426
0.2532257136
0.2532257136
0.2473157135
0.2473157135
0.2336157087
0.2336157087
0.2371050653
0.2371050653
0.2412383794
0.2412383794
0.2608271745
0.2608271745
0.2595905376
0.2595905376
0.2531047532
0.2531047532
0.2154525243
0.2154525243
0.2360357921
0.2360357921
0.2546034037
0.2546034037
0.2608271745
0.2608271745
0.2595905376
0.2595905376
0.2531047532
0.2531047532
0.2154525243
0.2154525243
0.2360357921
0.2360357921
0.2546034037
0.2546034037
0.2617682947
0.2617682947
0.2613068524
0.2613068524
0.2562156656
0.2562156656
0.2638230435
0.2638230435
0.260992398
0.260992398
0.2573534099
0.2573534099
0.2617682947
0.2617682947
0.2613068524
0.2613068524
0.2562156656
0.2562156656
0.2638230435
0.2638230435
0.260992398
0.260992398
0.2573534099
0.2573534099
0.2646207911
0.2646207911
0.2579722347
0.2579722347
0.2573814688
0.2573814688
0.2497242542
0.2497242542
0.2534742111
0.2534742111
0.2403818266
0.2403818266
0.2646207911
0.2646207911
0.2579722347
0.2579722347
0.2573814688
0.2573814688
0.2497242542
0.2497242542
0.2534742111
0.2534742111
0.2403818266
0.2403818266
0.2591665163
0.2591665163
0.2477393053
0.2477393053
0.2485595089
0.2485595089
0.2339708583
0.2339708583
0.2443980731
0.2443980731
0.2559963285
0.2559963285
0.2591665163
0.2591665163
0.2477393053
0.2477393053
0.2485595089
0.2485595089
0.2339708583
0.2339708583
0.2443980731
0.2443980731
0.2559963285
0.2559963285
0.2503482057
0.2503482057
0.234385411
0.234385411
0.2261777088
0.2261777088
0.2295092702
0.2295092702
0.2253680373
0.2253680373
0.2444098668
0.2444098668
0.2503482057
0.2503482057
0.234385411
0.234385411
0.2261777088
0.2261777088
0.2295092702
0.2295092702
0.2253680373
0.2253680373
0.2444098668
0.2444098668
0.2621481426
0.2621481426
0.2532257136
0.2532257136
0.2473157135
0.2473157135
0.2336157087
0.2336157087
0.2371050653
0.2371050653
0.2412383794
0.2412383794
0.2621481426
0.2621481426
0.2532257136
0.2532257136
0.2473157135
0.2473157135
0.2336157087
0.2336157087
0.2371050653
0.2371050653
0.2412383794
0.2412383794
0.2608271745
0.2608271745
0.2595905376
0.2595905376
0.2531047532
0.2531047532
0.2154525243
0.2154525243
0.2360357921
0.2360357921
0.2546034037
0.2546034037
0.2608271745
0.2608271745
0.2595905376
0.2595905376
0.2531047532
0.2531047532
0.2154525243
0.2154525243
0.2360357921
0.2360357921
0.2546034037
0.2546034037
0.2617682947
0.2617682947
0.2613068524
0.2613068524
0.2562156656
0.2562156656
0.2638230435
0.2638230435
0.260992398
0.260992398
0.2573534099
0.2573534099
0.2617682947
0.2617682947
0.2613068524
0.2613068524
0.2562156656
0.2562156656
0.2638230435
0.2638230435
0.260992398
0.260992398
0.2573534099
0.2573534099
0.2670489411
0.2670489411
0.2597625098
0.2597625098
0.2586303761
0.2586303761
0.2544581457
0.2544581457
0.256078358
0.256078358
0.2484921673
0.2484921673
0.2670489411
0.2670489411
0.2597625098
0.2597625098
0.2586303761
0.2586303761
0.2544581457
0.2544581457
0.256078358
0.256078358
0.2484921673
0.2484921673
0.2599280832
0.2599280832
0.2480857303
0.2480857303
0.2498122612
0.2498122612
0.2408615523
0.2408615523
0.2480265438
0.2480265438
0.2574949547
0.2574949547
0.2599280832
0.2599280832
0.2480857303
0.2480857303
0.2498122612
0.2498122612
0.2408615523
0.2408615523
0.2480265438
0.2480265438
0.2574949547
0.2574949547
0.2511558812
0.2511558812
0.2351579804
0.2351579804
0.2271259466
0.2271259466
0.2302053667
0.2302053667
0.2304136006
0.2304136006
0.2475435904
0.2475435904
0.2511558812
0.2511558812
0.2351579804
0.2351579804
0.2271259466
0.2271259466
0.2302053667
0.2302053667
0.2304136006
0.2304136006
0.2475435904
0.2475435904
0.2619641518
0.2619641518
0.2530503279
0.2530503279
0.2477764376
0.2477764376
0.2370315375
0.2370315375
0.2395012147
0.2395012147
0.2437319384
0.2437319384
0.2619641518
0.2619641518
0.2530503279
0.2530503279
0.2477764376
0.2477764376
0.2370315375
0.2370315375
0.2395012147
0.2395012147
0.2437319384
0.2437319384
0.260648756
0.260648756
0.2611946019
0.2611946019
0.2561551657
0.2561551657
0.220433633
0.220433633
0.2415965764
0.2415965764
0.2564225469
0.2564225469
0.260648756
0.260648756
0.2611946019
0.2611946019
0.2561551657
0.2561551657
0.220433633
0.220433633
0.2415965764
0.2415965764
0.2564225469
0.2564225469
0.2625678831
0.2625678831
0.2614991758
0.2614991758
0.25782577
0.25782577
0.2662775019
0.2662775019
0.2620244608
0.2620244608
0.2589093367
0.2589093367
0.2625678831
0.2625678831
0.2614991758
0.2614991758
0.25782577
0.25782577
0.2662775019
0.2662775019
0.2620244608
0.2620244608
0.2589093367
0.2589093367
0.2670489411
0.2670489411
0.2597625098
0.2597625098
0.2586303761
0.2586303761
0.2544581457
0.2544581457
0.256078358
0.256078358
0.2484921673
0.2484921673
0.2670489411
0.2670489411
0.2597625098
0.2597625098
0.2586303761
0.2586303761
0.2544581457
0.2544581457
0.256078358
0.256078358
0.2484921673
0.2484921673
0.2599280832
0.2599280832
0.2480857303
0.2480857303
0.2498122612
0.2498122612
0.2408615523
0.2408615523
0.2480265438
0.2480265438
0.2574949547
0.2574949547
0.2599280832
0.2599280832
0.2480857303
0.2480857303
0.2498122612
0.2498122612
0.2408615523
0.2408615523
0.2480265438
0.2480265438
0.2574949547
0.2574949547
0.2511558812
0.2511558812
0.2351579804
0.2351579804
0.2271259466
0.2271259466
0.2302053667
0.2302053667
0.2304136006
0.2304136006
0.2475435904
0.2475435904
0.2511558812
0.2511558812
0.2351579804
0.2351579804
0.2271259466
0.2271259466
0.2302053667
0.2302053667
0.2304136006
0.2304136006
0.2475435904
0.2475435904
0.2619641518
0.2619641518
0.2530503279
0.2530503279
0.2477764376
0.2477764376
0.2370315375
0.2370315375
0.2395012147
0.2395012147
0.2437319384
0.2437319384
0.2619641518
0.2619641518
0.2530503279
0.2530503279
0.2477764376
0.2477764376
0.2370315375
0.2370315375
0.2395012147
0.2395012147
0.2437319384
0.2437319384
0.260648756
0.260648756
0.2611946019
0.2611946019
0.2561551657
0.2561551657
0.220433633
0.220433633
0.2415965764
0.2415965764
0.2564225469
0.2564225469
0.260648756
0.260648756
0.2611946019
0.2611946019
0.2561551657
0.2561551657
0.220433633
0.220433633
0.2415965764
0.2415965764
0.2564225469
0.2564225469
0.2625678831
0.2625678831
0.2614991758
0.2614991758
0.25782577
0.25782577
0.2662775019
0.2662775019
0.2620244608
0.2620244608
0.2589093367
0.2589093367
0.2625678831
0.2625678831
0.2614991758
0.2614991758
0.25782577
0.25782577
0.2662775019
0.2662775019
0.2620244608
0.2620244608
0.2589093367
0.2589093367
8.3519321e-08
8.793043138e-08
8.793043138e-08
7.346211303e-08
7.346211303e-08
8.3519321e-08
8.793043138e-08
8.793043138e-08
8.793043138e-08
6.37049339e-08
8.389656988e-08
8.389656988e-08
8.389656988e-08
8.793043138e-08
6.37049339e-08
8.389656988e-08
8.389656988e-08
8.389656988e-08
7.649267462e-08
7.649267462e-08
8.172498434e-08
8.172498434e-08
8.172498434e-08
8.278525511e-08
8.278525511e-08
8.172498434e-08
8.172498434e-08
8.172498434e-08
8.278525511e-08
8.278525511e-08
1.117904805e-07
1.117904805e-07
1.117904805e-07
7.447784028e-08
7.447784028e-08
1.117904805e-07
1.117904805e-07
1.117904805e-07
7.447784028e-08
7.447784028e-08
7.688882891e-08
7.688882891e-08
7.688882891e-08
7.530203571e-08
7.530203571e-08
7.688882891e-08
7.688882891e-08
7.688882891e-08
9.644989404e-08
5.264359744e-08
8.215257731e-08
9.644989404e-08
9.644989404e-08
9.644989404e-08
5.264359744e-08
8.215257731e-08
9.644989404e-08
9.644989404e-08
7.689049872e-08
7.689049872e-08
8.3519321e-08
8.793043138e-08
8.793043138e-08
7.346211303e-08
7.346211303e-08
8.3519321e-08
8.793043138e-08
8.793043138e-08
8.793043138e-08
6.37049339e-08
8.389656988e-08
8.389656988e-08
8.389656988e-08
8.793043138e-08
6.37049339e-08
8.389656988e-08
8.389656988e-08
8.389656988e-08
7.649267462e-08
7.649267462e-08
8.172498434e-08
8.172498434e-08
8.172498434e-08
8.278525511e-08
8.278525511e-08
8.172498434e-08
8.172498434e-08
8.172498434e-08
8.278525511e-08
8.278525511e-08
1.117904805e-07
1.117904805e-07
1.117904805e-07
7.447784028e-08
7.447784028e-08
1.117904805e-07
1.117904805e-07
1.117904805e-07
7.447784028e-08
7.447784028e-08
7.688882891e-08
7.688882891e-08
7.688882891e-08
7.530203571e-08
7.530203571e-08
7.688882891e-08
7.688882891e-08
7.688882891e-08
9.644989404e-08
5.264359744e-08
8.215257731e-08
9.644989404e-08
9.644989404e-08
9.644989404e-08
5.264359744e-08
8.215257731e-08
9.644989404e-08
9.644989404e-08
7.689049872e-08
7.689049872e-08
7.441152336e-06
6.761652464e-06
6.761652464e-06
6.054164916e-06
6.054164916e-06
7.441152336e-06
6.761652464e-06
6.761652464e-06
6.761652464e-06
5.823267397e-06
6.113077083e-06
6.113077083e-06
6.113077083e-06
6.761652464e-06
5.823267397e-06
6.113077083e-06
6.113077083e-06
6.113077083e-06
5.73553086e-06
5.73553086e-06
6.288131442e-06
6.288131442e-06
6.288131442e-06
6.174289947e-06
6.174289947e-06
6.288131442e-06
6.288131442e-06
6.288131442e-06
6.174289947e-06
6.174289947e-06
6.496824218e-06
6.496824218e-06
6.496824218e-06
5.928555133e-06
5.928555133e-06
6.496824218e-06
6.496824218e-06
6.496824218e-06
5.928555133e-06
5.928555133e-06
7.27951046e-06
7.27951046e-06
7.27951046e-06
6.853364651e-06
6.853364651e-06
7.27951046e-06
7.27951046e-06
7.27951046e-06
8.981138826e-06
8.574699633e-06
7.862896504e-06
8.981138826e-06
8.981138826e-06
8.981138826e-06
8.574699633e-06
7.862896504e-06
8.981138826e-06
8.981138826e-06
5.872834427e-06
5.872834427e-06
7.441152336e-06
6.761652464e-06
6.761652464e-06
6.054164916e-06
6.054164916e-06
7.441152336e-06
6.761652464e-06
6.761652464e-06
6.761652464e-06
5.823267397e-06
6.113077083e-06
6.113077083e-06
6.113077083e-06
6.761652464e-06
5.823267397e-06
6.113077083e-06
6.113077083e-06
6.113077083e-06
5.73553086e-06
5.73553086e-06
6.288131442e-06
6.288131442e-06
6.288131442e-06
6.174289947e-06
6.174289947e-06
6.288131442e-06
6.288131442e-06
6.288131442e-06
6.174289947e-06
6.174289947e-06
6.496824218e-06
6.496824218e-06
6.496824218e-06
5.928555133e-06
5.928555133e-06
6.496824218e-06
6.496824218e-06
6.496824218e-06
5.928555133e-06
5.928555133e-06
7.27951046e-06
7.27951046e-06
7.27951046e-06
6.853364651e-06
6.853364651e-06
7.27951046e-06
7.27951046e-06
7.27951046e-06
8.981138826e-06
8.574699633e-06
7.862896504e-06
8.981138826e-06
8.981138826e-06
8.981138826e-06
8.574699633e-06
7.862896504e-06
8.981138826e-06
8.981138826e-06
5.872834427e-06
5.872834427e-06
0.0005031034732
0.0003860967829
0.0003860967829
0.0004126240696
0.0004126240696
0.0005031034732
0.0003860967829
0.0003860967829
0.0003860967829
0.0004859601809
0.0004492812229
0.0004492812229
0.0004492812229
0.0003860967829
0.0004859601809
0.0004492812229
0.0004492812229
0.0004492812229
0.0002940261886
0.0002940261886
0.0004095624964
0.0004095624964
0.0004095624964
0.0004206434555
0.0004206434555
0.0004095624964
0.0004095624964
0.0004095624964
0.0004206434555
0.0004206434555
0.000455706373
0.000455706373
0.000455706373
0.0004057437325
0.0004057437325
0.000455706373
0.000455706373
0.000455706373
0.0004057437325
0.0004057437325
0.0005136525484
0.0005136525484
0.0005136525484
0.0003573811238
0.0003573811238
0.0005136525484
0.0005136525484
0.0005136525484
0.0005276176297
0.0003755142631
0.0005354864076
0.0005276176297
0.0005276176297
0.0005276176297
0.0003755142631
0.0005354864076
0.0005276176297
0.0005276176297
0.0004717559856
0.0004717559856
0.0005031034732
0.0003860967829
0.0003860967829
0.0004126240696
0.0004126240696
0.0005031034732
0.0003860967829
0.0003860967829
0.0003860967829
0.0004859601809
0.0004492812229
0.0004492812229
0.0004492812229
0.0003860967829
0.0004859601809
0.0004492812229
0.0004492812229
0.0004492812229
0.0002940261886
0.0002940261886
0.0004095624964
0.0004095624964
0.0004095624964
0.0004206434555
0.0004206434555
0.0004095624964
0.0004095624964
0.0004095624964
0.0004206434555
0.0004206434555
0.000455706373
0.000455706373
0.000455706373
0.0004057437325
0.0004057437325
0.000455706373
0.000455706373
0.000455706373
0.0004057437325
0.0004057437325
0.0005136525484
0.0005136525484
0.0005136525484
0.0003573811238
0.0003573811238
0.0005136525484
0.0005136525484
0.0005136525484
0.0005276176297
0.0003755142631
0.0005354864076
0.0005276176297
0.0005276176297
0.0005276176297
0.0003755142631
0.0005354864076
0.0005276176297
0.0005276176297
0.0004717559856
0.0004717559856
0.01633450198
0.01471406125
0.01471406125
0.01574934812
0.01574934812
0.01633450198
0.01471406125
0.01471406125
0.01471406125
0.01032788691
0.01249744142
0.01249744142
0.01249744142
0.01471406125
0.01032788691
0.01249744142
0.01249744142
0.01249744142
0.01283655263
0.01283655263
0.01177441132
0.01177441132
0.01177441132
0.01270622276
0.01270622276
0.01177441132
0.01177441132
0.01177441132
0.01270622276
0.01270622276
0.01445588542
0.01445588542
0.01445588542
0.01482589795
0.01482589795
0.01445588542
0.01445588542
0.01445588542
0.01482589795
0.01482589795
0.02035714416
0.02035714416
0.02035714416
0.01387799585
0.01387799585
0.02035714416
0.02035714416
0.02035714416
0.01654018545
0.01368303707
0.01948633985
0.01654018545
0.01654018545
0.01654018545
0.01368303707
0.01948633985
0.01654018545
0.01654018545
0.01345520579
0.01345520579
0.01633450198
0.01471406125
0.01471406125
0.01574934812
0.01574934812
0.01633450198
0.01471406125
0.01471406125
0.01471406125
0.01032788691
0.01249744142
0.01249744142
0.01249744142
0.01471406125
0.01032788691
0.01249744142
0.01249744142
0.01249744142
0.01283655263
0.01283655263
0.01177441132
0.01177441132
0.01177441132
0.01270622276
0.01270622276
0.01177441132
0.01177441132
0.01177441132
0.01270622276
0.01270622276
0.01445588542
0.01445588542
0.01445588542
0.01482589795
0.01482589795
0.01445588542
0.01445588542
0.01445588542
0.01482589795
0.01482589795
0.02035714416
0.02035714416
0.02035714416
0.01387799585
0.01387799585
0.02035714416
0.02035714416
0.02035714416
0.01654018545
0.01368303707
0.01948633985
0.01654018545
0.01654018545
0.01654018545
0.01368303707
0.01948633985
0.01654018545
0.01654018545
0.01345520579
0.01345520579
0.1297086732
0.1552914182
0.1552914182
0.1584482628
0.1584482628
0.1297086732
0.1552914182
0.1552914182
0.1552914182
0.1142177717
0.1521686822
0.1521686822
0.1521686822
0.1552914182
0.1142177717
0.1521686822
0.1521686822
0.1521686822
0.1250296954
0.1250296954
0.1248194907
0.1248194907
0.1248194907
0.1527057077
0.1527057077
0.1248194907
0.1248194907
0.1248194907
0.1527057077
0.1527057077
0.1208051218
0.1208051218
0.1208051218
0.1426024924
0.1426024924
0.1208051218
0.1208051218
0.1208051218
0.1426024924
0.1426024924
0.1740672986
0.1740672986
0.1740672986
0.09535682144
0.09535682144
0.1740672986
0.1740672986
0.1740672986
0.1430596021
0.1270579056
0.1557734807
0.1430596021
0.1430596021
0.1430596021
0.1270579056
0.1557734807
0.1430596021
0.1430596021
0.1202935442
0.1202935442
0.1297086732
0.1552914182
0.1552914182
0.1584482628
0.1584482628
0.1297086732
0.1552914182
0.1552914182
0.1552914182
0.1142177717
0.1521686822
0.1521686822
0.1521686822
0.1552914182
0.1142177717
0.1521686822
0.1521686822
0.1521686822
0.1250296954
0.1250296954
0.1248194907
0.1248194907
0.1248194907
0.1527057077
0.1527057077
0.1248194907
0.1248194907
0.1248194907
0.1527057077
0.1527057077
0.1208051218
0.1208051218
0.1208051218
0.1426024924
0.1426024924
0.1208051218
0.1208051218
0.1208051218
0.1426024924
0.1426024924
0.1740672986
0.1740672986
0.1740672986
0.09535682144
0.09535682144
0.1740672986
0.1740672986
0.1740672986
0.1430596021
0.1270579056
0.1557734807
0.1430596021
0.1430596021
0.1430596021
0.1270579056
0.1557734807
0.1430596021
0.1430596021
0.1202935442
0.1202935442
0.219665935
0.2458963338
0.2458963338
0.2559065909
0.2559065909
0.219665935
0.2458963338
0.2458963338
0.2458963338
0.2501503831
0.2472957621
0.2472957621
0.2472957621
0.2458963338
0.2501503831
0.2472957621
0.2472957621
0.2472957621
0.2491425889
0.2491425889
0.2377644417
0.2377644417
0.2377644417
0.2380704888
0.2380704888
0.2377644417
0.2377644417
0.2377644417
0.2380704888
0.2380704888
0.227531477
0.227531477
0.227531477
0.2502158176
0.2502158176
0.227531477
0.227531477
0.227531477
0.2502158176
0.2502158176
0.2484127384
0.2484127384
0.2484127384
0.1444064681
0.1444064681
0.2484127384
0.2484127384
0.2484127384
0.2412081462
0.2125152914
0.2505309302
0.2412081462
0.2412081462
0.2412081462
0.2125152914
0.2505309302
0.2412081462
0.2412081462
0.2452649035
0.2452649035
0.219665935
0.2458963338
0.2458963338
0.2559065909
0.2559065909
0.219665935
0.2458963338
0.2458963338
0.2458963338
0.2501503831
0.2472957621
0.2472957621
0.2472957621
0.2458963338
0.2501503831
0.2472957621
0.2472957621
0.2472957621
0.2491425889
0.2491425889
0.2377644417
0.2377644417
0.2377644417
0.2380704888
0.2380704888
0.2377644417
0.2377644417
0.2377644417
0.2380704888
0.2380704888
0.227531477
0.227531477
0.227531477
0.2502158176
0.2502158176
0.227531477
0.227531477
0.227531477
0.2502158176
0.2502158176
0.2484127384
0.2484127384
0.2484127384
0.1444064681
0.1444064681
0.2484127384
0.2484127384
0.2484127384
0.2412081462
0.2125152914
0.2505309302
0.2412081462
0.2412081462
0.2412081462
0.2125152914
0.2505309302
0.2412081462
0.2412081462
0.2452649035
0.2452649035
0.2403818266
0.2543433714
0.2543433714
0.258192692
0.258192692
0.2403818266
0.2543433714
0.2543433714
0.2543433714
0.2592617895
0.249187095
0.249187095
0.249187095
0.2543433714
0.2592617895
0.249187095
0.249187095
0.249187095
0.2508799702
0.2508799702
0.2458909976
0.2458909976
0.2458909976
0.2425189015
0.2425189015
0.2458909976
0.2458909976
0.2458909976
0.2425189015
0.2425189015
0.2430650075
0.2430650075
0.2430650075
0.2596102011
0.2596102011
0.2430650075
0.2430650075
0.2430650075
0.2596102011
0.2596102011
0.2536245461
0.2536245461
0.2536245461
0.183308034
0.183308034
0.2536245461
0.2536245461
0.2536245461
0.2518829341
0.2364761825
0.2573534099
0.2518829341
0.2518829341
0.2518829341
0.2364761825
0.2573534099
0.2518829341
0.2518829341
0.2539012024
0.2539012024
0.2403818266
0.2543433714
0.2543433714
0.258192692
0.258192692
0.2403818266
0.2543433714
0.2543433714
0.2543433714
0.2592617895
0.249187095
0.249187095
0.249187095
0.2543433714
0.2592617895
0.249187095
0.249187095
0.249187095
0.2508799702
0.2508799702
0.2458909976
0.2458909976
0.2458909976
0.2425189015
0.2425189015
0.2458909976
0.2458909976
0.2458909976
0.2425189015
0.2425189015
0.2430650075
0.2430650075
0.2430650075
0.2596102011
0.2596102011
0.2430650075
0.2430650075
0.2430650075
0.2596102011
0.2596102011
0.2536245461
0.2536245461
0.2536245461
0.183308034
0.183308034
0.2536245461
0.2536245461
0.2536245461
0.2518829341
0.2364761825
0.2573534099
0.2518829341
0.2518829341
0.2518829341
0.2364761825
0.2573534099
0.2518829341
0.2518829341
0.2539012024
0.2539012024
0.2484921673
0.2567127582
0.2567127582
0.2589906774
0.2589906774
0.2484921673
0.2567127582
0.2567127582
0.2567127582
0.26049455
0.2495048646
0.2495048646
0.2495048646
0.2567127582
0.26049455
0.2495048646
0.2495048646
0.2495048646
0.2502512144
0.2502512144
0.2466382836
0.2466382836
0.2466382836
0.2429365659
0.2429365659
0.2466382836
0.2466382836
0.2466382836
0.2429365659
0.2429365659
0.2472891588
0.2472891588
0.2472891588
0.2629911428
0.2629911428
0.2472891588
0.2472891588
0.2472891588
0.2629911428
0.2629911428
0.2552979846
0.2552979846
0.2552979846
0.2063810154
0.2063810154
0.2552979846
0.2552979846
0.2552979846
0.2550012696
0.2387343319
0.2589093367
0.2550012696
0.2550012696
0.2550012696
0.2387343319
0.2589093367
0.2550012696
0.2550012696
0.2548219542
0.2548219542
0.2484921673
0.2567127582
0.2567127582
0.2589906774
0.2589906774
0.2484921673
0.2567127582
0.2567127582
0.2567127582
0.26049455
0.2495048646
0.2495048646
0.2495048646
0.2567127582
0.26049455
0.2495048646
0.2495048646
0.2495048646
0.2502512144
0.2502512144
0.2466382836
0.2466382836
0.2466382836
0.2429365659
0.2429365659
0.2466382836
0.2466382836
0.2466382836
0.2429365659
0.2429365659
0.2472891588
0.2472891588
0.2472891588
0.2629911428
0.2629911428
0.2472891588
0.2472891588
0.2472891588
0.2629911428
0.2629911428
0.2552979846
0.2552979846
0.2552979846
0.2063810154
0.2063810154
0.2552979846
0.2552979846
0.2552979846
0.2550012696
0.2387343319
0.2589093367
0.2550012696
0.2550012696
0.2550012696
0.2387343319
0.2589093367
0.2550012696
0.2550012696
0.2548219542
0.2548219542
8.215257731e-08
7.382320738e-08
7.382320738e-08
7.689049872e-08
7.689049872e-08
8.215257731e-08
7.382320738e-08
7.382320738e-08
7.382320738e-08
5.443608933e-08
6.449508573e-08
6.449508573e-08
6.449508573e-08
7.382320738e-08
5.443608933e-08
6.449508573e-08
6.449508573e-08
6.449508573e-08
7.379436007e-08
7.379436007e-08
7.398470547e-08
7.398470547e-08
7.398470547e-08
7.212375373e-08
7.212375373e-08
7.398470547e-08
7.398470547e-08
7.398470547e-08
7.212375373e-08
7.212375373e-08
5.561858106e-08
5.561858106e-08
5.561858106e-08
7.762663372e-08
7.762663372e-08
5.561858106e-08
5.561858106e-08
5.561858106e-08
7.762663372e-08
7.762663372e-08
7.737152304e-08
7.737152304e-08
7.737152304e-08
6.881450302e-08
6.881450302e-08
7.737152304e-08
7.737152304e-08
7.737152304e-08
6.685090581e-08
6.51651916e-08
8.719541612e-08
6.685090581e-08
6.685090581e-08
6.685090581e-08
6.51651916e-08
8.719541612e-08
6.685090581e-08
6.685090581e-08
5.277349852e-08
5.277349852e-08
8.215257731e-08
7.382320738e-08
7.382320738e-08
7.689049872e-08
7.689049872e-08
8.215257731e-08
7.382320738e-08
7.382320738e-08
7.382320738e-08
5.443608933e-08
6.449508573e-08
6.449508573e-08
6.449508573e-08
7.382320738e-08
5.443608933e-08
6.449508573e-08
6.449508573e-08
6.449508573e-08
7.379436007e-08
7.379436007e-08
7.398470547e-08
7.398470547e-08
7.398470547e-08
7.212375373e-08
7.212375373e-08
7.398470547e-08
7.398470547e-08
7.398470547e-08
7.212375373e-08
7.212375373e-08
5.561858106e-08
5.561858106e-08
5.561858106e-08
7.762663372e-08
7.762663372e-08
5.561858106e-08
5.561858106e-08
5.561858106e-08
7.762663372e-08
7.762663372e-08
7.737152304e-08
7.737152304e-08
7.737152304e-08
6.881450302e-08
6.881450302e-08
7.737152304e-08
7.737152304e-08
7.737152304e-08
6.685090581e-08
6.51651916e-08
8.719541612e-08
6.685090581e-08
6.685090581e-08
6.685090581e-08
6.51651916e-08
8.719541612e-08
6.685090581e-08
6.685090581e-08
5.277349852e-08
5.277349852e-08
7.862896504e-06
6.369769285e-06
6.369769285e-06
5.872834427e-06
5.872834427e-06
7.862896504e-06
6.369769285e-06
6.369769285e-06
6.369769285e-06
3.431953517e-06
6.369282239e-06
6.369282239e-06
6.369282239e-06
6.369769285e-06
3.431953517e-06
6.369282239e-06
6.369282239e-06
6.369282239e-06
7.323937656e-06
7.323937656e-06
5.967830228e-06
5.967830228e-06
5.967830228e-06
6.01701251e-06
6.01701251e-06
5.967830228e-06
5.967830228e-06
5.967830228e-06
6.01701251e-06
6.01701251e-06
6.874752395e-06
6.874752395e-06
6.874752395e-06
5.531374268e-06
5.531374268e-06
6.874752395e-06
6.874752395e-06
6.874752395e-06
5.531374268e-06
5.531374268e-06
6.239765354e-06
6.239765354e-06
6.239765354e-06
6.953620876e-06
6.953620876e-06
6.239765354e-06
6.239765354e-06
6.239765354e-06
7.30921779e-06
5.007544677e-06
7.403153598e-06
7.30921779e-06
7.30921779e-06
7.30921779e-06
5.007544677e-06
7.403153598e-06
7.30921779e-06
7.30921779e-06
5.134167402e-06
5.134167402e-06
7.862896504e-06
6.369769285e-06
6.369769285e-06
5.872834427e-06
5.872834427e-06
7.862896504e-06
6.369769285e-06
6.369769285e-06
6.369769285e-06
3.431953517e-06
6.369282239e-06
6.369282239e-06
6.369282239e-06
6.369769285e-06
3.431953517e-06
6.369282239e-06
6.369282239e-06
6.369282239e-06
7.323937656e-06
7.323937656e-06
5.967830228e-06
5.967830228e-06
5.967830228e-06
6.01701251e-06
6.01701251e-06
5.967830228e-06
5.967830228e-06
5.967830228e-06
6.01701251e-06
6.01701251e-06
6.874752395e-06
6.874752395e-06
6.874752395e-06
5.531374268e-06
5.531374268e-06
6.874752395e-06
6.874752395e-06
6.874752395e-06
5.531374268e-06
5.531374268e-06
6.239765354e-06
6.239765354e-06
6.239765354e-06
6.953620876e-06
6.953620876e-06
6.239765354e-06
6.239765354e-06
6.239765354e-06
7.30921779e-06
5.007544677e-06
7.403153598e-06
7.30921779e-06
7.30921779e-06
7.30921779e-06
5.007544677e-06
7.403153598e-06
7.30921779e-06
7.30921779e-06
5.134167402e-06
5.134167402e-06
0.0005354864076
0.0003859992543
0.0003859992543
0.0004717559856
0.0004717559856
0.0005354864076
0.0003859992543
0.0003859992543
0.0003859992543
0.0002358234484
0.0003789860033
0.0003789860033
0.0003789860033
0.0003859992543
0.0002358234484
0.0003789860033
0.0003789860033
0.0003789860033
0.0004621072447
0.0004621072447
0.0004059910869
0.0004059910869
0.0004059910869
0.0004732210504
0.0004732210504
0.0004059910869
0.0004059910869
0.0004059910869
0.0004732210504
0.0004732210504
0.0003190138273
0.0003190138273
0.0003190138273
0.000407811854
0.000407811854
0.0003190138273
0.0003190138273
0.0003190138273
0.000407811854
0.000407811854
0.0003559527576
0.0003559527576
0.0003559527576
0.0003623591335
0.0003623591335
0.0003559527576
0.0003559527576
0.0003559527576
0.0004234837548
0.0004342940024
0.0003893506511
0.0004234837548
0.0004234837548
0.0004234837548
0.0004342940024
0.0003893506511
0.0004234837548
0.0004234837548
0.0003555159406
0.0003555159406
0.0005354864076
0.0003859992543
0.0003859992543
0.0004717559856
0.0004717559856
0.0005354864076
0.0003859992543
0.0003859992543
0.0003859992543
0.0002358234484
0.0003789860033
0.0003789860033
0.0003789860033
0.0003859992543
0.0002358234484
0.0003789860033
0.0003789860033
0.0003789860033
0.0004621072447
0.0004621072447
0.0004059910869
0.0004059910869
0.0004059910869
0.0004732210504
0.0004732210504
0.0004059910869
0.0004059910869
0.0004059910869
0.0004732210504
0.0004732210504
0.0003190138273
0.0003190138273
0.0003190138273
0.000407811854
0.000407811854
0.0003190138273
0.0003190138273
0.0003190138273
0.000407811854
0.000407811854
0.0003559527576
0.0003559527576
0.0003559527576
0.0003623591335
0.0003623591335
0.0003559527576
0.0003559527576
0.0003559527576
0.0004234837548
0.0004342940024
0.0003893506511
0.0004234837548
0.0004234837548
0.0004234837548
0.0004342940024
0.0003893506511
0.0004234837548
0.0004234837548
0.0003555159406
0.0003555159406
0.01948633985
0.01195692793
0.01195692793
0.01345520579
0.01345520579
0.01948633985
0.01195692793
0.01195692793
0.01195692793
0.0124108792
0.0127809189
0.0127809189
0.0127809189
0.01195692793
0.0124108792
0.0127809189
0.0127809189
0.0127809189
0.01271010083
0.01271010083
0.01424694099
0.01424694099
0.01424694099
0.01390487245
0.01390487245
0.01424694099
0.01424694099
0.01424694099
0.01390487245
0.01390487245
0.0114918115
0.0114918115
0.0114918115
0.01414646381
0.01414646381
0.0114918115
0.0114918115
0.0114918115
0.01414646381
0.01414646381
0.01309337992
0.01309337992
0.01309337992
0.01105298342
0.01105298342
0.01309337992
0.01309337992
0.01309337992
0.01186617281
0.01628529386
0.01495485124
0.01186617281
0.01186617281
0.01186617281
0.01628529386
0.01495485124
0.01186617281
0.01186617281
0.01303695305
0.01303695305
0.01948633985
0.01195692793
0.01195692793
0.01345520579
0.01345520579
0.01948633985
0.01195692793
0.01195692793
0.01195692793
0.0124108792
0.0127809189
0.0127809189
0.0127809189
0.01195692793
0.0124108792
0.0127809189
0.0127809189
0.0127809189
0.01271010083
0.01271010083
0.01424694099
0.01424694099
0.01424694099
0.01390487245
0.01390487245
0.01424694099
0.01424694099
0.01424694099
0.01390487245
0.01390487245
0.0114918115
0.0114918115
0.0114918115
0.01414646381
0.01414646381
0.0114918115
0.0114918115
0.0114918115
0.01414646381
0.01414646381
0.01309337992
0.01309337992
0.01309337992
0.01105298342
0.01105298342
0.01309337992
0.01309337992
0.01309337992
0.01186617281
0.01628529386
0.01495485124
0.01186617281
0.01186617281
0.01186617281
0.01628529386
0.01495485124
0.01186617281
0.01186617281
0.01303695305
0.01303695305
0.1557734807
0.1143393561
0.1143393561
0.1202935442
0.1202935442
0.1557734807
0.1143393561
0.1143393561
0.1143393561
0.1001182298
0.1287443234
0.1287443234
0.1287443234
0.1143393561
0.1001182298
0.1287443234
0.1287443234
0.1287443234
0.09029520892
0.09029520892
0.1615452069
0.1615452069
0.1615452069
0.1146373767
0.1146373767
0.1615452069
0.1615452069
0.1615452069
0.1146373767
0.1146373767
0.1620068735
0.1620068735
0.1620068735
0.1294615085
0.1294615085
0.1620068735
0.1620068735
0.1620068735
0.1294615085
0.1294615085
0.140610078
0.140610078
0.140610078
0.129082859
0.129082859
0.140610078
0.140610078
0.140610078
0.1478984239
0.1648128722
0.1473180557
0.1478984239
0.1478984239
0.1478984239
0.1648128722
0.1473180557
0.1478984239
0.1478984239
0.116965269
0.116965269
0.1557734807
0.1143393561
0.1143393561
0.1202935442
0.1202935442
0.1557734807
0.1143393561
0.1143393561
0.1143393561
0.1001182298
0.1287443234
0.1287443234
0.1287443234
0.1143393561
0.1001182298
0.1287443234
0.1287443234
0.1287443234
0.09029520892
0.09029520892
0.1615452069
0.1615452069
0.1615452069
0.1146373767
0.1146373767
0.1615452069
0.1615452069
0.1615452069
0.1146373767
0.1146373767
0.1620068735
0.1620068735
0.1620068735
0.1294615085
0.1294615085
0.1620068735
0.1620068735
0.1620068735
0.1294615085
0.1294615085
0.140610078
0.140610078
0.140610078
0.129082859
0.129082859
0.140610078
0.140610078
0.140610078
0.1478984239
0.1648128722
0.1473180557
0.1478984239
0.1478984239
0.1478984239
0.1648128722
0.1473180557
0.1478984239
0.1478984239
0.116965269
0.116965269
0.2505309302
0.2316602295
0.2316602295
0.2452649035
0.2452649035
0.2505309302
0.2316602295
0.2316602295
0.2316602295
0.2231044915
0.2316264579
0.2316264579
0.2316264579
0.2316602295
0.2231044915
0.2316264579
0.2316264579
0.2316264579
0.1112190395
0.1112190395
0.2618354727
0.2618354727
0.2618354727
0.2127152121
0.2127152121
0.2618354727
0.2618354727
0.2618354727
0.2127152121
0.2127152121
0.2463744557
0.2463744557
0.2463744557
0.2577243166
0.2577243166
0.2463744557
0.2463744557
0.2463744557
0.2577243166
0.2577243166
0.2513796049
0.2513796049
0.2513796049
0.2488609381
0.2488609381
0.2513796049
0.2513796049
0.2513796049
0.2536845681
0.2549782322
0.2546438964
0.2536845681
0.2536845681
0.2536845681
0.2549782322
0.2546438964
0.2536845681
0.2536845681
0.2489021832
0.2489021832
0.2505309302
0.2316602295
0.2316602295
0.2452649035
0.2452649035
0.2505309302
0.2316602295
0.2316602295
0.2316602295
0.2231044915
0.2316264579
0.2316264579
0.2316264579
0.2316602295
0.2231044915
0.2316264579
0.2316264579
0.2316264579
0.1112190395
0.1112190395
0.2618354727
0.2618354727
0.2618354727
0.2127152121
0.2127152121
0.2618354727
0.2618354727
0.2618354727
0.2127152121
0.2127152121
0.2463744557
0.2463744557
0.2463744557
0.2577243166
0.2577243166
0.2463744557
0.2463744557
0.2463744557
0.2577243166
0.2577243166
0.2513796049
0.2513796049
0.2513796049
0.2488609381
0.2488609381
0.2513796049
0.2513796049
0.2513796049
0.2536845681
0.2549782322
0.2546438964
0.2536845681
0.2536845681
0.2536845681
0.2549782322
0.2546438964
0.2536845681
0.2536845681
0.2489021832
0.2489021832
0.2573534099
0.2440213542
0.2440213542
0.2539012024
0.2539012024
0.2573534099
0.2440213542
0.2440213542
0.2440213542
0.2378579934
0.2443000048
0.2443000048
0.2443000048
0.2440213542
0.2378579934
0.2443000048
0.2443000048
0.2443000048
0.1489890494
0.1489890494
0.256898525
0.256898525
0.256898525
0.2355718892
0.2355718892
0.256898525
0.256898525
0.256898525
0.2355718892
0.2355718892
0.2562516607
0.2562516607
0.2562516607
0.2588248753
0.2588248753
0.2562516607
0.2562516607
0.2562516607
0.2588248753
0.2588248753
0.2588874848
0.2588874848
0.2588874848
0.2511657825
0.2511657825
0.2588874848
0.2588874848
0.2588874848
0.2594511178
0.2569470413
0.2617682947
0.2594511178
0.2594511178
0.2594511178
0.2569470413
0.2617682947
0.2594511178
0.2594511178
0.2593817326
0.2593817326
0.2573534099
0.2440213542
0.2440213542
0.2539012024
0.2539012024
0.2573534099
0.2440213542
0.2440213542
0.2440213542
0.2378579934
0.2443000048
0.2443000048
0.2443000048
0.2440213542
0.2378579934
0.2443000048
0.2443000048
0.2443000048
0.1489890494
0.1489890494
0.256898525
0.256898525
0.256898525
0.2355718892
0.2355718892
0.256898525
0.256898525
0.256898525
0.2355718892
0.2355718892
0.2562516607
0.2562516607
0.2562516607
0.2588248753
0.2588248753
0.2562516607
0.2562516607
0.2562516607
0.2588248753
0.2588248753
0.2588874848
0.2588874848
0.2588874848
0.2511657825
0.2511657825
0.2588874848
0.2588874848
0.2588874848
0.2594511178
0.2569470413
0.2617682947
0.2594511178
0.2594511178
0.2594511178
0.2569470413
0.2617682947
0.2594511178
0.2594511178
0.2593817326
0.2593817326
0.2589093367
0.2452084187
0.2452084187
0.2548219542
0.2548219542
0.2589093367
0.2452084187
0.2452084187
0.2452084187
0.2419335517
0.2465769342
0.2465769342
0.2465769342
0.2452084187
0.2419335517
0.2465769342
0.2465769342
0.2465769342
0.1868943367
0.1868943367
0.2547023286
0.2547023286
0.2547023286
0.238727007
0.238727007
0.2547023286
0.2547023286
0.2547023286
0.238727007
0.238727007
0.25798814
0.25798814
0.25798814
0.2577642316
0.2577642316
0.25798814
0.25798814
0.25798814
0.2577642316
0.2577642316
0.2612343042
0.2612343042
0.2612343042
0.2522667239
0.2522667239
0.2612343042
0.2612343042
0.2612343042
0.260621045
0.2571925359
0.2625678831
0.260621045
0.260621045
0.260621045
0.2571925359
0.2625678831
0.260621045
0.260621045
0.2629527134
0.2629527134
0.2589093367
0.2452084187
0.2452084187
0.2548219542
0.2548219542
0.2589093367
0.2452084187
0.2452084187
0.2452084187
0.2419335517
0.2465769342
0.2465769342
0.2465769342
0.2452084187
0.2419335517
0.2465769342
0.2465769342
0.2465769342
0.1868943367
0.1868943367
0.2547023286
0.2547023286
0.2547023286
0.238727007
0.238727007
0.2547023286
0.2547023286
0.2547023286
0.238727007
0.238727007
0.25798814
0.25798814
0.25798814
0.2577642316
0.2577642316
0.25798814
0.25798814
0.25798814
0.2577642316
0.2577642316
0.2612343042
0.2612343042
0.2612343042
0.2522667239
0.2522667239
0.2612343042
0.2612343042
0.2612343042
0.260621045
0.2571925359
0.2625678831
0.260621045
0.260621045
0.260621045
0.2571925359
0.2625678831
0.260621045
0.260621045
0.2629527134
0.2629527134
8.719541612e-08
8.554515577e-08
8.554515577e-08
5.277349852e-08
5.277349852e-08
8.719541612e-08
8.554515577e-08
8.554515577e-08
8.554515577e-08
3.327723327e-08
8.038240781e-08
8.038240781e-08
8.038240781e-08
8.554515577e-08
3.327723327e-08
8.038240781e-08
8.038240781e-08
8.038240781e-08
6.206799674e-08
6.206799674e-08
8.064111404e-08
8.064111404e-08
8.064111404e-08
6.230397743e-08
6.230397743e-08
8.064111404e-08
8.064111404e-08
8.064111404e-08
6.230397743e-08
6.230397743e-08
8.149494576e-08
8.149494576e-08
8.149494576e-08
8.595507271e-08
8.595507271e-08
8.149494576e-08
8.149494576e-08
8.149494576e-08
8.595507271e-08
8.595507271e-08
9.520692592e-08
9.520692592e-08
9.520692592e-08
6.686252443e-08
6.686252443e-08
9.520692592e-08
9.520692592e-08
9.520692592e-08
8.556745311e-08
7.589039653e-08
8.870299824e-08
8.556745311e-08
8.556745311e-08
8.556745311e-08
7.589039653e-08
8.870299824e-08
8.556745311e-08
8.556745311e-08
7.964474893e-08
7.964474893e-08
8.719541612e-08
8.554515577e-08
8.554515577e-08
5.277349852e-08
5.277349852e-08
8.719541612e-08
8.554515577e-08
8.554515577e-08
8.554515577e-08
3.327723327e-08
8.038240781e-08
8.038240781e-08
8.038240781e-08
8.554515577e-08
3.327723327e-08
8.038240781e-08
8.038240781e-08
8.038240781e-08
6.206799674e-08
6.206799674e-08
8.064111404e-08
8.064111404e-08
8.064111404e-08
6.230397743e-08
6.230397743e-08
8.064111404e-08
8.064111404e-08
8.064111404e-08
6.230397743e-08
6.230397743e-08
8.149494576e-08
8.149494576e-08
8.149494576e-08
8.595507271e-08
8.595507271e-08
8.149494576e-08
8.149494576e-08
8.149494576e-08
8.595507271e-08
8.595507271e-08
9.520692592e-08
9.520692592e-08
9.520692592e-08
6.686252443e-08
6.686252443e-08
9.520692592e-08
9.520692592e-08
9.520692592e-08
8.556745311e-08
7.589039653e-08
8.870299824e-08
8.556745311e-08
8.556745311e-08
8.556745311e-08
7.589039653e-08
8.870299824e-08
8.556745311e-08
8.556745311e-08
7.964474893e-08
7.964474893e-08
7.403153598e-06
6.780702665e-06
6.780702665e-06
5.134167402e-06
5.134167402e-06
7.403153598e-06
6.780702665e-06
6.780702665e-06
6.780702665e-06
7.608802937e-06
6.811084715e-06
6.811084715e-06
6.811084715e-06
6.780702665e-06
7.608802937e-06
6.811084715e-06
6.811084715e-06
6.811084715e-06
4.571407996e-06
4.571407996e-06
7.02620768e-06
7.02620768e-06
7.02620768e-06
4.648602548e-06
4.648602548e-06
7.02620768e-06
7.02620768e-06
7.02620768e-06
4.648602548e-06
4.648602548e-06
7.257652956e-06
7.257652956e-06
7.257652956e-06
6.972180062e-06
6.972180062e-06
7.257652956e-06
7.257652956e-06
7.257652956e-06
6.972180062e-06
6.972180062e-06
9.10713001e-06
9.10713001e-06
9.10713001e-06
8.209029162e-06
8.209029162e-06
9.10713001e-06
9.10713001e-06
9.10713001e-06
5.774096667e-06
6.979586461e-06
7.259512246e-06
5.774096667e-06
5.774096667e-06
5.774096667e-06
6.979586461e-06
7.259512246e-06
5.774096667e-06
5.774096667e-06
6.131568815e-06
6.131568815e-06
7.403153598e-06
6.780702665e-06
6.780702665e-06
5.134167402e-06
5.134167402e-06
7.403153598e-06
6.780702665e-06
6.780702665e-06
6.780702665e-06
7.608802937e-06
6.811084715e-06
6.811084715e-06
6.811084715e-06
6.780702665e-06
7.608802937e-06
6.811084715e-06
6.811084715e-06
6.811084715e-06
4.571407996e-06
4.571407996e-06
7.02620768e-06
7.02620768e-06
7.02620768e-06
4.648602548e-06
4.648602548e-06
7.02620768e-06
7.02620768e-06
7.02620768e-06
4.648602548e-06
4.648602548e-06
7.257652956e-06
7.257652956e-06
7.257652956e-06
6.972180062e-06
6.972180062e-06
7.257652956e-06
7.257652956e-06
7.257652956e-06
6.972180062e-06
6.972180062e-06
9.10713001e-06
9.10713001e-06
9.10713001e-06
8.209029162e-06
8.209029162e-06
9.10713001e-06
9.10713001e-06
9.10713001e-06
5.774096667e-06
6.979586461e-06
7.259512246e-06
5.774096667e-06
5.774096667e-06
5.774096667e-06
6.979586461e-06
7.259512246e-06
5.774096667e-06
5.774096667e-06
6.131568815e-06
6.131568815e-06
0.0003893506511
0.0004456141567
0.0004456141567
0.0003555159406
0.0003555159406
0.0003893506511
0.0004456141567
0.0004456141567
0.0004456141567
0.0004330633932
0.0004835228497
0.0004835228497
0.0004835228497
0.0004456141567
0.0004330633932
0.0004835228497
0.0004835228497
0.0004835228497
0.0003779191282
0.0003779191282
0.0004160488652
0.0004160488652
0.0004160488652
0.0002391345342
0.0002391345342
0.0004160488652
0.0004160488652
0.0004160488652
0.0002391345342
0.0002391345342
0.0003409501663
0.0003409501663
0.0003409501663
0.0003988653689
0.0003988653689
0.0003409501663
0.0003409501663
0.0003409501663
0.0003988653689
0.0003988653689
0.0005369162832
0.0005369162832
0.0005369162832
0.0004335197656
0.0004335197656
0.0005369162832
0.0005369162832
0.0005369162832
0.0004437368802
0.000418188757
0.0004564888328
0.0004437368802
0.0004437368802
0.0004437368802
0.000418188757
0.0004564888328
0.0004437368802
0.0004437368802
0.0003537096081
0.0003537096081
0.0003893506511
0.0004456141567
0.0004456141567
0.0003555159406
0.0003555159406
0.0003893506511
0.0004456141567
0.0004456141567
0.0004456141567
0.0004330633932
0.0004835228497
0.0004835228497
0.0004835228497
0.0004456141567
0.0004330633932
0.0004835228497
0.0004835228497
0.0004835228497
0.0003779191282
0.0003779191282
0.0004160488652
0.0004160488652
0.0004160488652
0.0002391345342
0.0002391345342
0.0004160488652
0.0004160488652
0.0004160488652
0.0002391345342
0.0002391345342
0.0003409501663
0.0003409501663
0.0003409501663
0.0003988653689
0.0003988653689
0.0003409501663
0.0003409501663
0.0003409501663
0.0003988653689
0.0003988653689
0.0005369162832
0.0005369162832
0.0005369162832
0.0004335197656
0.0004335197656
0.0005369162832
0.0005369162832
0.0005369162832
0.0004437368802
0.000418188757
0.0004564888328
0.0004437368802
0.0004437368802
0.0004437368802
0.000418188757
0.0004564888328
0.0004437368802
0.0004437368802
0.0003537096081
0.0003537096081
0.01495485124
0.01662821809
0.01662821809
0.01303695305
0.01303695305
0.01495485124
0.01662821809
0.01662821809
0.01662821809
0.01233635279
0.01839553874
0.01839553874
0.01839553874
0.01662821809
0.01233635279
0.01839553874
0.01839553874
0.01839553874
0.01274709733
0.01274709733
0.009426774727
0.009426774727
0.009426774727
0.01271081968
0.01271081968
0.009426774727
0.009426774727
0.009426774727
0.01271081968
0.01271081968
0.01500541829
0.01500541829
0.01500541829
0.01746207584
0.01746207584
0.01500541829
0.01500541829
0.01500541829
0.01746207584
0.01746207584
0.01748155715
0.01748155715
0.01748155715
0.01227479858
0.01227479858
0.01748155715
0.01748155715
0.01748155715
0.01397569975
0.01486689484
0.01594022617
0.01397569975
0.01397569975
0.01397569975
0.01486689484
0.01594022617
0.01397569975
0.01397569975
0.01211411694
0.01211411694
0.01495485124
0.01662821809
0.01662821809
0.01303695305
0.01303695305
0.01495485124
0.01662821809
0.01662821809
0.01662821809
0.01233635279
0.01839553874
0.01839553874
0.01839553874
0.01662821809
0.01233635279
0.01839553874
0.01839553874
0.01839553874
0.01274709733
0.01274709733
0.009426774727
0.009426774727
0.009426774727
0.01271081968
0.01271081968
0.009426774727
0.009426774727
0.009426774727
0.01271081968
0.01271081968
0.01500541829
0.01500541829
0.01500541829
0.01746207584
0.01746207584
0.01500541829
0.01500541829
0.01500541829
0.01746207584
0.01746207584
0.01748155715
0.01748155715
0.01748155715
0.01227479858
0.01227479858
0.01748155715
0.01748155715
0.01748155715
0.01397569975
0.01486689484
0.01594022617
0.01397569975
0.01397569975
0.01397569975
0.01486689484
0.01594022617
0.01397569975
0.01397569975
0.01211411694
0.01211411694
0.1473180557
0.1336770465
0.1336770465
0.116965269
0.116965269
0.1473180557
0.1336770465
0.1336770465
0.1336770465
0.1604322872
0.168809831
0.168809831
0.168809831
0.1336770465
0.1604322872
0.168809831
0.168809831
0.168809831
0.1311350016
0.1311350016
0.1140411069
0.1140411069
0.1140411069
0.1388334124
0.1388334124
0.1140411069
0.1140411069
0.1140411069
0.1388334124
0.1388334124
0.1429753799
0.1429753799
0.1429753799
0.1537865294
0.1537865294
0.1429753799
0.1429753799
0.1429753799
0.1537865294
0.1537865294
0.1374486667
0.1374486667
0.1374486667
0.07880046136
0.07880046136
0.1374486667
0.1374486667
0.1374486667
0.1449199659
0.1223402607
0.1560492246
0.1449199659
0.1449199659
0.1449199659
0.1223402607
0.1560492246
0.1449199659
0.1449199659
0.1245508332
0.1245508332
0.1473180557
0.1336770465
0.1336770465
0.116965269
0.116965269
0.1473180557
0.1336770465
0.1336770465
0.1336770465
0.1604322872
0.168809831
0.168809831
0.168809831
0.1336770465
0.1604322872
0.168809831
0.168809831
0.168809831
0.1311350016
0.1311350016
0.1140411069
0.1140411069
0.1140411069
0.1388334124
0.1388334124
0.1140411069
0.1140411069
0.1140411069
0.1388334124
0.1388334124
0.1429753799
0.1429753799
0.1429753799
0.1537865294
0.1537865294
0.1429753799
0.1429753799
0.1429753799
0.1537865294
0.1537865294
0.1374486667
0.1374486667
0.1374486667
0.07880046136
0.07880046136
0.1374486667
0.1374486667
0.1374486667
0.1449199659
0.1223402607
0.1560492246
0.1449199659
0.1449199659
0.1449199659
0.1223402607
0.1560492246
0.1449199659
0.1449199659
0.1245508332
0.1245508332
0.2546438964
0.2525186854
0.2525186854
0.2489021832
0.2489021832
0.2546438964
0.2525186854
0.2525186854
0.2525186854
0.2462639831
0.2556699184
0.2556699184
0.2556699184
0.2525186854
0.2462639831
0.2556699184
0.2556699184
0.2556699184
0.2608949422
0.2608949422
0.2443181948
0.2443181948
0.2443181948
0.2543179177
0.2543179177
0.2443181948
0.2443181948
0.2443181948
0.2543179177
0.2543179177
0.2374265613
0.2374265613
0.2374265613
0.2579845176
0.2579845176
0.2374265613
0.2374265613
0.2374265613
0.2579845176
0.2579845176
0.2128922979
0.2128922979
0.2128922979
0.10766224
0.10766224
0.2128922979
0.2128922979
0.2128922979
0.2306546102
0.1855142773
0.2560098274
0.2306546102
0.2306546102
0.2306546102
0.1855142773
0.2560098274
0.2306546102
0.2306546102
0.255678957
0.255678957
0.2546438964
0.2525186854
0.2525186854
0.2489021832
0.2489021832
0.2546438964
0.2525186854
0.2525186854
0.2525186854
0.2462639831
0.2556699184
0.2556699184
0.2556699184
0.2525186854
0.2462639831
0.2556699184
0.2556699184
0.2556699184
0.2608949422
0.2608949422
0.2443181948
0.2443181948
0.2443181948
0.2543179177
0.2543179177
0.2443181948
0.2443181948
0.2443181948
0.2543179177
0.2543179177
0.2374265613
0.2374265613
0.2374265613
0.2579845176
0.2579845176
0.2374265613
0.2374265613
0.2374265613
0.2579845176
0.2579845176
0.2128922979
0.2128922979
0.2128922979
0.10766224
0.10766224
0.2128922979
0.2128922979
0.2128922979
0.2306546102
0.1855142773
0.2560098274
0.2306546102
0.2306546102
0.2306546102
0.1855142773
0.2560098274
0.2306546102
0.2306546102
0.255678957
0.255678957
0.2617682947
0.2604493347
0.2604493347
0.2593817326
0.2593817326
0.2617682947
0.2604493347
0.2604493347
0.2604493347
0.2610006763
0.2589159498
0.2589159498
0.2589159498
0.2604493347
0.2610006763
0.2589159498
0.2589159498
0.2589159498
0.2624435596
0.2624435596
0.2521738141
0.2521738141
0.2521738141
0.2569499116
0.2569499116
0.2521738141
0.2521738141
0.2521738141
0.2569499116
0.2569499116
0.2513772705
0.2513772705
0.2513772705
0.2652985955
0.2652985955
0.2513772705
0.2513772705
0.2513772705
0.2652985955
0.2652985955
0.2322391321
0.2322391321
0.2322391321
0.1139770725
0.1139770725
0.2322391321
0.2322391321
0.2322391321
0.2362351538
0.1916449622
0.2646207911
0.2362351538
0.2362351538
0.2362351538
0.1916449622
0.2646207911
0.2362351538
0.2362351538
0.2631724738
0.2631724738
0.2617682947
0.2604493347
0.2604493347
0.2593817326
0.2593817326
0.2617682947
0.2604493347
0.2604493347
0.2604493347
0.2610006763
0.2589159498
0.2589159498
0.2589159498
0.2604493347
0.2610006763
0.2589159498
0.2589159498
0.2589159498
0.2624435596
0.2624435596
0.2521738141
0.2521738141
0.2521738141
0.2569499116
0.2569499116
0.2521738141
0.2521738141
0.2521738141
0.2569499116
0.2569499116
0.2513772705
0.2513772705
0.2513772705
0.2652985955
0.2652985955
0.2513772705
0.2513772705
0.2513772705
0.2652985955
0.2652985955
0.2322391321
0.2322391321
0.2322391321
0.1139770725
0.1139770725
0.2322391321
0.2322391321
0.2322391321
0.2362351538
0.1916449622
0.2646207911
0.2362351538
0.2362351538
0.2362351538
0.1916449622
0.2646207911
0.2362351538
0.2362351538
0.2631724738
0.2631724738
0.2625678831
0.2631348045
0.2631348045
0.2629527134
0.2629527134
0.2625678831
0.2631348045
0.2631348045
0.2631348045
0.2649537366
0.2601591647
0.2601591647
0.2601591647
0.2631348045
0.2649537366
0.2601591647
0.2601591647
0.2601591647
0.2630918646
0.2630918646
0.2532012647
0.2532012647
0.2532012647
0.2573206252
0.2573206252
0.2532012647
0.2532012647
0.2532012647
0.2573206252
0.2573206252
0.2544922825
0.2544922825
0.2544922825
0.2677145263
0.2677145263
0.2544922825
0.2544922825
0.2544922825
0.2677145263
0.2677145263
0.2345801911
0.2345801911
0.2345801911
0.1196661372
0.1196661372
0.2345801911
0.2345801911
0.2345801911
0.2435274207
0.1925310776
0.2670489411
0.2435274207
0.2435274207
0.2435274207
0.1925310776
0.2670489411
0.2435274207
0.2435274207
0.2625939306
0.2625939306
0.2625678831
0.2631348045
0.2631348045
0.2629527134
0.2629527134
0.2625678831
0.2631348045
0.2631348045
0.2631348045
0.2649537366
0.2601591647
0.2601591647
0.2601591647
0.2631348045
0.2649537366
0.2601591647
0.2601591647
0.2601591647
0.2630918646
0.2630918646
0.2532012647
0.2532012647
0.2532012647
0.2573206252
0.2573206252
0.2532012647
0.2532012647
0.2532012647
0.2573206252
0.2573206252
0.2544922825
0.2544922825
0.2544922825
0.2677145263
0.2677145263
0.2544922825
0.2544922825
0.2544922825
0.2677145263
0.2677145263
0.2345801911
0.2345801911
0.2345801911
0.1196661372
0.1196661372
0.2345801911
0.2345801911
0.2345801911
0.2435274207
0.1925310776
0.2670489411
0.2435274207
0.2435274207
0.2435274207
0.1925310776
0.2670489411
0.2435274207
0.2435274207
0.2625939306
0.2625939306
8.870299824e-08
9.256775307e-08
9.256775307e-08
7.964474893e-08
7.964474893e-08
8.870299824e-08
9.256775307e-08
9.256775307e-08
9.256775307e-08
9.728268619e-08
9.313759752e-08
9.313759752e-08
9.313759752e-08
9.256775307e-08
9.728268619e-08
9.313759752e-08
9.313759752e-08
9.313759752e-08
7.03266215e-08
7.03266215e-08
9.569578766e-08
9.569578766e-08
9.569578766e-08
7.855913274e-08
7.855913274e-08
9.569578766e-08
9.569578766e-08
9.569578766e-08
7.855913274e-08
7.855913274e-08
9.064367165e-08
9.064367165e-08
9.064367165e-08
6.948268878e-08
6.948268878e-08
9.064367165e-08
9.064367165e-08
9.064367165e-08
6.948268878e-08
6.948268878e-08
8.000384736e-08
8.000384736e-08
8.000384736e-08
6.788182045e-08
6.788182045e-08
8.000384736e-08
8.000384736e-08
8.000384736e-08
6.910347738e-08
6.209419618e-08
8.3519321e-08
6.910347738e-08
6.910347738e-08
6.910347738e-08
6.209419618e-08
8.3519321e-08
6.910347738e-08
6.910347738e-08
7.346211303e-08
7.346211303e-08
8.870299824e-08
9.256775307e-08
9.256775307e-08
7.964474893e-08
7.964474893e-08
8.870299824e-08
9.256775307e-08
9.256775307e-08
9.256775307e-08
9.728268619e-08
9.313759752e-08
9.313759752e-08
9.313759752e-08
9.256775307e-08
9.728268619e-08
9.313759752e-08
9.313759752e-08
9.313759752e-08
7.03266215e-08
7.03266215e-08
9.569578766e-08
9.569578766e-08
9.569578766e-08
7.855913274e-08
7.855913274e-08
9.569578766e-08
9.569578766e-08
9.569578766e-08
7.855913274e-08
7.855913274e-08
9.064367165e-08
9.064367165e-08
9.064367165e-08
6.948268878e-08
6.948268878e-08
9.064367165e-08
9.064367165e-08
9.064367165e-08
6.948268878e-08
6.948268878e-08
8.000384736e-08
8.000384736e-08
8.000384736e-08
6.788182045e-08
6.788182045e-08
8.000384736e-08
8.000384736e-08
8.000384736e-08
6.910347738e-08
6.209419618e-08
8.3519321e-08
6.910347738e-08
6.910347738e-08
6.910347738e-08
6.209419618e-08
8.3519321e-08
6.910347738e-08
6.910347738e-08
7.346211303e-08
7.346211303e-08
7.259512246e-06
8.176809879e-06
8.176809879e-06
6.131568815e-06
6.131568815e-06
7.259512246e-06
8.176809879e-06
8.176809879e-06
8.176809879e-06
7.713569121e-06
8.546616073e-06
8.546616073e-06
8.546616073e-06
8.176809879e-06
7.713569121e-06
8.546616073e-06
8.546616073e-06
8.546616073e-06
6.461970156e-06
6.461970156e-06
6.191587997e-06
6.191587997e-06
6.191587997e-06
6.518914589e-06
6.518914589e-06
6.191587997e-06
6.191587997e-06
6.191587997e-06
6.518914589e-06
6.518914589e-06
7.709028179e-06
7.709028179e-06
7.709028179e-06
4.811398692e-06
4.811398692e-06
7.709028179e-06
7.709028179e-06
7.709028179e-06
4.811398692e-06
4.811398692e-06
6.451826354e-06
6.451826354e-06
6.451826354e-06
8.045545378e-06
8.045545378e-06
6.451826354e-06
6.451826354e-06
6.451826354e-06
6.55347843e-06
5.767963731e-06
7.441152336e-06
6.55347843e-06
6.55347843e-06
6.55347843e-06
5.767963731e-06
7.441152336e-06
6.55347843e-06
6.55347843e-06
6.054164916e-06
6.054164916e-06
7.259512246e-06
8.176809879e-06
8.176809879e-06
6.131568815e-06
6.131568815e-06
7.259512246e-06
8.176809879e-06
8.176809879e-06
8.176809879e-06
7.713569121e-06
8.546616073e-06
8.546616073e-06
8.546616073e-06
8.176809879e-06
7.713569121e-06
8.546616073e-06
8.546616073e-06
8.546616073e-06
6.461970156e-06
6.461970156e-06
6.191587997e-06
6.191587997e-06
6.191587997e-06
6.518914589e-06
6.518914589e-06
6.191587997e-06
6.191587997e-06
6.191587997e-06
6.518914589e-06
6.518914589e-06
7.709028179e-06
7.709028179e-06
7.709028179e-06
4.811398692e-06
4.811398692e-06
7.709028179e-06
7.709028179e-06
7.709028179e-06
4.811398692e-06
4.811398692e-06
6.451826354e-06
6.451826354e-06
6.451826354e-06
8.045545378e-06
8.045545378e-06
6.451826354e-06
6.451826354e-06
6.451826354e-06
6.55347843e-06
5.767963731e-06
7.441152336e-06
6.55347843e-06
6.55347843e-06
6.55347843e-06
5.767963731e-06
7.441152336e-06
6.55347843e-06
6.55347843e-06
6.054164916e-06
6.054164916e-06
0.0004564888328
0.0005249099864
0.0005249099864
0.0003537096081
0.0003537096081
0.0004564888328
0.0005249099864
0.0005249099864
0.0005249099864
0.0006692842872
0.0005581237233
0.0005581237233
0.0005581237233
0.0005249099864
0.0006692842872
0.0005581237233
0.0005581237233
0.0005581237233
0.0002977409217
0.0002977409217
0.0004118404694
0.0004118404694
0.0004118404694
0.0002978539291
0.0002978539291
0.0004118404694
0.0004118404694
0.0004118404694
0.0002978539291
0.0002978539291
0.0004342580475
0.0004342580475
0.0004342580475
0.0004174080516
0.0004174080516
0.0004342580475
0.0004342580475
0.0004342580475
0.0004174080516
0.0004174080516
0.0004271137868
0.0004271137868
0.0004271137868
0.0004486300895
0.0004486300895
0.0004271137868
0.0004271137868
0.0004271137868
0.0004372440835
0.0004076649673
0.0005031034732
0.0004372440835
0.0004372440835
0.0004372440835
0.0004076649673
0.0005031034732
0.0004372440835
0.0004372440835
0.0004126240696
0.0004126240696
0.0004564888328
0.0005249099864
0.0005249099864
0.0003537096081
0.0003537096081
0.0004564888328
0.0005249099864
0.0005249099864
0.0005249099864
0.0006692842872
0.0005581237233
0.0005581237233
0.0005581237233
0.0005249099864
0.0006692842872
0.0005581237233
0.0005581237233
0.0005581237233
0.0002977409217
0.0002977409217
0.0004118404694
0.0004118404694
0.0004118404694
0.0002978539291
0.0002978539291
0.0004118404694
0.0004118404694
0.0004118404694
0.0002978539291
0.0002978539291
0.0004342580475
0.0004342580475
0.0004342580475
0.0004174080516
0.0004174080516
0.0004342580475
0.0004342580475
0.0004342580475
0.0004174080516
0.0004174080516
0.0004271137868
0.0004271137868
0.0004271137868
0.0004486300895
0.0004486300895
0.0004271137868
0.0004271137868
0.0004271137868
0.0004372440835
0.0004076649673
0.0005031034732
0.0004372440835
0.0004372440835
0.0004372440835
0.0004076649673
0.0005031034732
0.0004372440835
0.0004372440835
0.0004126240696
0.0004126240696
0.01594022617
0.0177759196
0.0177759196
0.01211411694
0.01211411694
0.01594022617
0.0177759196
0.0177759196
0.0177759196
0.01371530604
0.01372877214
0.01372877214
0.01372877214
0.0177759196
0.01371530604
0.01372877214
0.01372877214
0.01372877214
0.01442488549
0.01442488549
0.01190503361
0.01190503361
0.01190503361
0.01240594392
0.01240594392
0.01190503361
0.01190503361
0.01190503361
0.01240594392
0.01240594392
0.01470106677
0.01470106677
0.01470106677
0.01505968303
0.01505968303
0.01470106677
0.01470106677
0.01470106677
0.01505968303
0.01505968303
0.01225424385
0.01225424385
0.01225424385
0.01345371581
0.01345371581
0.01225424385
0.01225424385
0.01225424385
0.0120185555
0.01330474939
0.01633450198
0.0120185555
0.0120185555
0.0120185555
0.01330474939
0.01633450198
0.0120185555
0.0120185555
0.01574934812
0.01574934812
0.01594022617
0.0177759196
0.0177759196
0.01211411694
0.01211411694
0.01594022617
0.0177759196
0.0177759196
0.0177759196
0.01371530604
0.01372877214
0.01372877214
0.01372877214
0.0177759196
0.01371530604
0.01372877214
0.01372877214
0.01372877214
0.01442488549
0.01442488549
0.01190503361
0.01190503361
0.01190503361
0.01240594392
0.01240594392
0.01190503361
0.01190503361
0.01190503361
0.01240594392
0.01240594392
0.01470106677
0.01470106677
0.01470106677
0.01505968303
0.01505968303
0.01470106677
0.01470106677
0.01470106677
0.01505968303
0.01505968303
0.01225424385
0.01225424385
0.01225424385
0.01345371581
0.01345371581
0.01225424385
0.01225424385
0.01225424385
0.0120185555
0.01330474939
0.01633450198
0.0120185555
0.0120185555
0.0120185555
0.01330474939
0.01633450198
0.0120185555
0.0120185555
0.01574934812
0.01574934812
0.1560492246
0.1253144385
0.1253144385
0.1245508332
0.1245508332
0.1560492246
0.1253144385
0.1253144385
0.1253144385
0.1135508713
0.1385147696
0.1385147696
0.1385147696
0.1253144385
0.1135508713
0.1385147696
0.1385147696
0.1385147696
0.1009954978
0.1009954978
0.1689544092
0.1689544092
0.1689544092
0.1347577972
0.1347577972
0.1689544092
0.1689544092
0.1689544092
0.1347577972
0.1347577972
0.1156057428
0.1156057428
0.1156057428
0.1180840922
0.1180840922
0.1156057428
0.1156057428
0.1156057428
0.1180840922
0.1180840922
0.1464827872
0.1464827872
0.1464827872
0.1647259976
0.1647259976
0.1464827872
0.1464827872
0.1464827872
0.130831557
0.08339283469
0.1297086732
0.130831557
0.130831557
0.130831557
0.08339283469
0.1297086732
0.130831557
0.130831557
0.1584482628
0.1584482628
0.1560492246
0.1253144385
0.1253144385
0.1245508332
0.1245508332
0.1560492246
0.1253144385
0.1253144385
0.1253144385
0.1135508713
0.1385147696
0.1385147696
0.1385147696
0.1253144385
0.1135508713
0.1385147696
0.1385147696
0.1385147696
0.1009954978
0.1009954978
0.1689544092
0.1689544092
0.1689544092
0.1347577972
0.1347577972
0.1689544092
0.1689544092
0.1689544092
0.1347577972
0.1347577972
0.1156057428
0.1156057428
0.1156057428
0.1180840922
0.1180840922
0.1156057428
0.1156057428
0.1156057428
0.1180840922
0.1180840922
0.1464827872
0.1464827872
0.1464827872
0.1647259976
0.1647259976
0.1464827872
0.1464827872
0.1464827872
0.130831557
0.08339283469
0.1297086732
0.130831557
0.130831557
0.130831557
0.08339283469
0.1297086732
0.130831557
0.130831557
0.1584482628
0.1584482628
0.2560098274
0.1942286649
0.1942286649
0.255678957
0.255678957
0.2560098274
0.1942286649
0.1942286649
0.1942286649
0.1748708913
0.2031349011
0.2031349011
0.2031349011
0.1942286649
0.1748708913
0.2031349011
0.2031349011
0.2031349011
0.2065328397
0.2065328397
0.2586399253
0.2586399253
0.2586399253
0.2700268818
0.2700268818
0.2586399253
0.2586399253
0.2586399253
0.2700268818
0.2700268818
0.235897254
0.235897254
0.235897254
0.2008975623
0.2008975623
0.235897254
0.235897254
0.235897254
0.2008975623
0.2008975623
0.2453326982
0.2453326982
0.2453326982
0.2532418196
0.2532418196
0.2453326982
0.2453326982
0.2453326982
0.2290474041
0.1543029222
0.219665935
0.2290474041
0.2290474041
0.2290474041
0.1543029222
0.219665935
0.2290474041
0.2290474041
0.2559065909
0.2559065909
0.2560098274
0.1942286649
0.1942286649
0.255678957
0.255678957
0.2560098274
0.1942286649
0.1942286649
0.1942286649
0.1748708913
0.2031349011
0.2031349011
0.2031349011
0.1942286649
0.1748708913
0.2031349011
0.2031349011
0.2031349011
0.2065328397
0.2065328397
0.2586399253
0.2586399253
0.2586399253
0.2700268818
0.2700268818
0.2586399253
0.2586399253
0.2586399253
0.2700268818
0.2700268818
0.235897254
0.235897254
0.235897254
0.2008975623
0.2008975623
0.235897254
0.235897254
0.235897254
0.2008975623
0.2008975623
0.2453326982
0.2453326982
0.2453326982
0.2532418196
0.2532418196
0.2453326982
0.2453326982
0.2453326982
0.2290474041
0.1543029222
0.219665935
0.2290474041
0.2290474041
0.2290474041
0.1543029222
0.219665935
0.2290474041
0.2290474041
0.2559065909
0.2559065909
0.2646207911
0.2013803499
0.2013803499
0.2631724738
0.2631724738
0.2646207911
0.2013803499
0.2013803499
0.2013803499
0.2029496208
0.216431678
0.216431678
0.216431678
0.2013803499
0.2029496208
0.216431678
0.216431678
0.216431678
0.2220245181
0.2220245181
0.266585324
0.266585324
0.266585324
0.2729146154
0.2729146154
0.266585324
0.266585324
0.266585324
0.2729146154
0.2729146154
0.2488926591
0.2488926591
0.2488926591
0.2373615396
0.2373615396
0.2488926591
0.2488926591
0.2488926591
0.2373615396
0.2373615396
0.2518801755
0.2518801755
0.2518801755
0.2569459386
0.2569459386
0.2518801755
0.2518801755
0.2518801755
0.2418677201
0.189773781
0.2403818266
0.2418677201
0.2418677201
0.2418677201
0.189773781
0.2403818266
0.2418677201
0.2418677201
0.258192692
0.258192692
0.2646207911
0.2013803499
0.2013803499
0.2631724738
0.2631724738
0.2646207911
0.2013803499
0.2013803499
0.2013803499
0.2029496208
0.216431678
0.216431678
0.216431678
0.2013803499
0.2029496208
0.216431678
0.216431678
0.216431678
0.2220245181
0.2220245181
0.266585324
0.266585324
0.266585324
0.2729146154
0.2729146154
0.266585324
0.266585324
0.266585324
0.2729146154
0.2729146154
0.2488926591
0.2488926591
0.2488926591
0.2373615396
0.2373615396
0.2488926591
0.2488926591
0.2488926591
0.2373615396
0.2373615396
0.2518801755
0.2518801755
0.2518801755
0.2569459386
0.2569459386
0.2518801755
0.2518801755
0.2518801755
0.2418677201
0.189773781
0.2403818266
0.2418677201
0.2418677201
0.2418677201
0.189773781
0.2403818266
0.2418677201
0.2418677201
0.258192692
0.258192692
0.2670489411
0.2130969805
0.2130969805
0.2625939306
0.2625939306
0.2670489411
0.2130969805
0.2130969805
0.2130969805
0.2067711308
0.2216074281
0.2216074281
0.2216074281
0.2130969805
0.2067711308
0.2216074281
0.2216074281
0.2216074281
0.2250559761
0.2250559761
0.2690427455
0.2690427455
0.2690427455
0.2744702604
0.2744702604
0.2690427455
0.2690427455
0.2690427455
0.2744702604
0.2744702604
0.2516763591
0.2516763591
0.2516763591
0.2468457003
0.2468457003
0.2516763591
0.2516763591
0.2516763591
0.2468457003
0.2468457003
0.2537546449
0.2537546449
0.2537546449
0.2630657662
0.2630657662
0.2537546449
0.2537546449
0.2537546449
0.2439481116
0.2034003952
0.2484921673
0.2439481116
0.2439481116
0.2439481116
0.2034003952
0.2484921673
0.2439481116
0.2439481116
0.2589906774
0.2589906774
0.2670489411
0.2130969805
0.2130969805
0.2625939306
0.2625939306
0.2670489411
0.2130969805
0.2130969805
0.2130969805
0.2067711308
0.2216074281
0.2216074281
0.2216074281
0.2130969805
0.2067711308
0.2216074281
0.2216074281
0.2216074281
0.2250559761
0.2250559761
0.2690427455
0.2690427455
0.2690427455
0.2744702604
0.2744702604
0.2690427455
0.2690427455
0.2690427455
0.2744702604
0.2744702604
0.2516763591
0.2516763591
0.2516763591
0.2468457003
0.2468457003
0.2516763591
0.2516763591
0.2516763591
0.2468457003
0.2468457003
0.2537546449
0.2537546449
0.2537546449
0.2630657662
0.2630657662
0.2537546449
0.2537546449
0.2537546449
0.2439481116
0.2034003952
0.2484921673
0.2439481116
0.2439481116
0.2439481116
0.2034003952
0.2484921673
0.2439481116
0.2439481116
0.2589906774
0.2589906774
)
;

boundaryField
{
    walls
    {
        type            zeroGradient;
    }
    inlet
    {
        type            fixedValue;
        value           uniform 0;
    }
    outlet
    {
        type            inletOutlet;
        phi             alphaRhoPhi;
        inletValue      uniform 0;
        value           nonuniform List<scalar> 
384
(
0.2725086654
0.2691873226
0.2648436462
0.262357788
0.2570723862
0.2592702687
0.2651942522
0.2682653317
0.2619361869
0.2616000765
0.2679914622
0.2681617
0.2634501983
0.2681610585
0.2610423611
0.252418066
0.2432066839
0.2462567174
0.2550412813
0.2591948467
0.2594802112
0.2595869964
0.260343609
0.259956219
0.2594154649
0.2615038469
0.2553037937
0.2476895555
0.235373937
0.2406377819
0.250178255
0.2558027532
0.2550314348
0.261715189
0.2621774325
0.259018222
0.2638823237
0.2558926437
0.2489375857
0.2410949687
0.228725666
0.2366929852
0.2484231844
0.2576871103
0.2629138229
0.2663335267
0.263933292
0.2608762543
0.2591205255
0.2532243821
0.2519362016
0.2431943401
0.2319635896
0.229327088
0.2429893415
0.2593903312
0.2648402018
0.2639523891
0.25805222
0.2549614156
0.2636647878
0.2599568492
0.2590907729
0.2462192323
0.2280727696
0.2201232409
0.2357307695
0.2535226851
0.2517764066
0.2462812761
0.2614870223
0.2582356954
0.2663915238
0.2652528573
0.2325745843
0.2329402911
0.2297304983
0.2285237751
0.2428952529
0.2370501116
0.2171447056
0.2177473493
0.2668804821
0.2665016392
0.2485794399
0.241345632
0.2575059029
0.2458799361
0.2274237601
0.2357430977
0.2510584224
0.2194892876
0.2245126726
0.226270479
0.2684136137
0.2648205428
0.2584324689
0.2582421677
0.2534639379
0.233270058
0.217003622
0.2315412968
0.2508236303
0.2367424692
0.2248557529
0.2396080327
0.2617622034
0.2652359281
0.2524596869
0.2570719036
0.2589892916
0.2486705235
0.2406166082
0.236616715
0.2294399196
0.2423470587
0.2503958771
0.2566329359
0.2590576135
0.2625931561
0.2552319932
0.2478287715
0.2618357301
0.2568548639
0.2535188939
0.23664511
0.2372399069
0.2459600454
0.2588867348
0.2549036645
0.2550498978
0.2576563186
0.2544761317
0.2296059931
0.2563847465
0.2559544098
0.2565914502
0.2460043082
0.2364066034
0.2572676909
0.2596433829
0.2533347184
0.2583243548
0.2654529161
0.255498474
0.2569410958
0.2540447414
0.2481118403
0.247497031
0.2581034327
0.2432218342
0.2494967703
0.2591353178
0.2551613079
0.260897438
0.2714395678
0.2556031442
0.2572329442
0.2538949493
0.2440022995
0.2375971215
0.2547815125
0.2394607654
0.2475865495
0.2622265926
0.2594460567
0.2651247011
0.2666215801
0.2561928365
0.2589977766
0.2530783554
0.2458076315
0.234254895
0.2492331564
0.2570361244
0.2504759399
0.2357719069
0.2644363957
0.2658256792
0.2652352421
0.257438083
0.2575927891
0.2566825882
0.249099097
0.2319169087
0.2481062218
0.2670716167
0.261400255
0.2108271902
0.2248484446
0.2580146103
0.2639983817
0.2580557746
0.2607837433
0.2605741014
0.2510761737
0.2364582061
0.2548522744
0.2636081321
0.2620144065
0.2052560414
0.2125117968
0.2688889233
0.2625393724
0.2563938928
0.2502975229
0.2563397002
0.259119013
0.2576500879
0.2833738467
0.2661299181
0.259745263
0.2663303904
0.2600460196
0.2609205988
0.2610125277
0.252942693
0.2451895004
0.2530674839
0.2500294868
0.2500394374
0.2623472576
0.2565254616
0.2628157124
0.2672949634
0.2562084944
0.2627433015
0.2618554259
0.2506184249
0.2389530286
0.2533236192
0.2160811467
0.243336149
0.2336898562
0.2440119023
0.260361245
0.2659432294
0.2526303396
0.2646605048
0.2619714844
0.2474738371
0.2340252284
0.2527306378
0.1969091862
0.2456042446
0.239484124
0.2511597716
0.2588040661
0.2548334539
0.2517816372
0.2641730363
0.2622436658
0.2456571712
0.2324304253
0.252120728
0.1856025434
0.2287981303
0.2438162029
0.2585022382
0.2614211004
0.2503956856
0.2531720018
0.2619373169
0.261386103
0.2600001917
0.2591780119
0.2560665137
0.2559024633
0.2583343547
0.260045622
0.2637201395
0.2629266222
0.2637797739
0.2646188235
0.2633692675
0.2634280543
0.2618358965
0.2617066529
0.2616147375
0.258719145
0.251620369
0.2550979356
0.2638842444
0.244955258
0.238499974
0.2441305921
0.2657099485
0.2640268784
0.2627855147
0.2667819661
0.2692714609
0.2602163639
0.2466485142
0.2500818442
0.2617310419
0.2346781478
0.1980052935
0.211285589
0.2669427955
0.2673219655
0.2649352962
0.2714979205
0.257475237
0.2614462087
0.2499532848
0.2582920637
0.2688918356
0.2626569507
0.1322637377
0.1895815254
0.2607223328
0.2710100379
0.2660358514
0.2728530997
0.2593991142
0.2649550414
0.2553078935
0.2655090399
0.2704730404
0.2699120609
0.1110627546
0.1348455307
0.2589348838
0.2724842416
0.273756275
0.2640417576
0.2409375482
0.2687856719
0.2668259506
0.2709812814
0.2681065334
0.2599740969
0.2609218798
0.256612287
0.2566894651
0.2525253067
0.2694395505
0.2393025666
0.2030202983
0.2496718957
0.2718228138
0.2640597159
0.2522726519
0.2474145085
0.2637164355
0.2552979349
0.2623925645
0.25636855
0.2639764086
0.2065104402
0.1653945829
0.2232090011
0.2723279617
0.2706726439
0.2545859217
0.2332568052
0.2626355102
0.2256309481
0.2636935226
0.2602399561
0.25312886
0.1865529213
0.1725874011
0.2213895163
0.2727641504
0.2746040841
0.2691554747
0.2208179466
0.2659597792
0.2007584434
0.2410368186
0.2601643014
0.2528830874
0.1974589145
0.2154080446
0.2297349392
0.2773792011
0.2747065036
0.2737299248
0.2266789313
0.2631157006
0.1852501047
0.228587308
0.2610679759
)
;
    }
}


// ************************************************************************* //
