/*--------------------------------*- C++ -*----------------------------------*\
  =========                 |
  \\      /  F ield         | OpenFOAM: The Open Source CFD Toolbox
   \\    /   O peration     | Website:  https://openfoam.org
    \\  /    A nd           | Version:  7
     \\/     M anipulation  |
\*---------------------------------------------------------------------------*/
FoamFile
{
    version     2.0;
    format      ascii;
    class       volScalarField;
    location    "2";
    object      coalCloud1aDispAvg;
}
// * * * * * * * * * * * * * * * * * * * * * * * * * * * * * * * * * * * * * //

dimensions      [0 -1 0 0 0 0 0];

internalField   nonuniform List<scalar> 
6144
(
137.0005269
99.82656655
104.8931967
125.981682
92.1210382
96.56848284
139.8930183
171.3893253
161.3515757
133.9255124
110.3855882
141.6396396
113.6545218
123.6450999
115.4691544
137.6051246
134.9558789
94.23924087
99.20060162
137.7067279
115.3076996
95.74290404
92.76695544
139.4266325
145.9186036
131.7327015
145.8360156
135.5730981
158.4774194
143.4344795
110.5999254
143.7723656
130.1188691
127.6663617
97.53426561
122.4146496
144.8258785
158.5443348
174.7789568
167.6929139
169.1706691
168.9391501
153.2841006
138.2434162
101.6409265
128.2714222
135.2130659
145.1720292
118.3824966
164.0926233
199.3345479
178.9118179
170.2972747
160.4885456
142.4690051
99.39467205
88.44124649
90.97715982
131.7338281
131.0747807
129.1688524
156.0966485
139.6131194
162.4141805
155.7622296
155.6348179
143.0296507
131.1299726
141.2121672
93.20080084
106.2906477
112.0403377
108.8069486
141.6449697
138.8879704
158.5386448
138.4233133
141.4617072
102.3858785
124.7034619
183.5045636
120.6847591
148.0514738
160.7576537
85.92788591
104.1208039
107.9911564
149.3634368
145.4668721
129.303967
113.5228446
154.7042377
182.2566109
154.1528466
160.0622555
158.8710383
122.1601778
137.6656123
118.5996194
136.6192939
134.8120044
101.2540685
141.689986
169.4564986
176.5798007
154.3803353
156.6452556
131.8809924
119.871945
137.9234692
142.4300233
117.2529645
114.5564425
98.59060161
138.4342815
157.1896417
159.9855082
125.555985
133.0821562
124.6015687
137.4562003
129.9241681
149.1130186
147.3922633
178.3888531
150.8431014
117.6892302
131.9919052
135.6704605
123.6484494
104.8835291
114.2239436
158.4468823
167.3316221
153.8205568
126.8477385
149.240945
155.5496918
137.4314449
108.3929126
92.53432857
105.3093976
107.1037765
128.3923846
126.0341752
111.4211354
134.5292177
135.7307063
102.7481711
111.0294206
114.8119516
141.1908335
145.5548586
135.7757144
115.7219738
124.8185207
116.3697875
132.3240521
143.7921409
135.2246053
132.804462
102.3703126
107.2486608
119.1687497
127.5954009
107.5763114
111.0939628
116.2745133
133.7586584
140.9715715
147.8379169
147.1620937
147.2053
137.0992584
107.401059
125.5927881
114.9577133
123.7772327
95.96300894
109.2690672
121.2603764
121.1495059
126.6752592
135.5722615
129.2555682
144.3555231
139.4736979
132.0692122
108.4576927
121.1933046
105.2497683
95.18573496
97.37016968
123.5498582
136.6076805
124.5819298
123.3249887
108.5130825
105.1960095
93.35028993
116.4824611
109.7719739
126.751181
92.46910644
114.1726982
141.5729568
116.8251448
129.7348224
116.359401
117.0274188
118.4511089
107.9732444
135.0793968
122.2842111
135.3038438
105.6019105
121.2144108
145.8762433
121.8032081
144.4788762
154.8585591
138.3163403
113.0345621
127.9803762
149.1077621
114.8785657
144.3258207
141.2010692
102.5708984
132.4520049
130.5679825
134.617253
122.9447674
111.2718099
130.6324279
146.2896585
154.4748562
112.8554709
118.3602397
112.7252083
126.6354755
146.3144905
142.0571862
121.6375806
123.1002265
98.5932753
134.3414173
142.8475188
146.1438691
112.8777899
128.3910161
120.3971366
111.7038019
120.1436476
138.4220067
124.634613
124.2953127
97.54068136
124.003537
114.4069975
136.3131297
117.840397
103.5766454
97.52420855
131.3712831
113.1534403
110.9253199
103.8109761
117.3461258
122.7265407
101.6631079
99.11858477
104.1044392
111.2533411
119.0048212
120.3407773
122.9611941
137.7867809
130.5069781
94.87578791
100.5209065
119.2885112
130.5183662
121.8964639
103.2571583
124.2232315
123.7447941
122.7215432
114.4111589
114.45507
145.1132017
153.1979941
121.739791
131.6751288
123.1341244
109.0790924
117.1535747
127.7679124
106.6030434
100.5213237
96.00494929
103.3453373
135.735013
150.2030093
132.5667755
100.0503293
98.08614821
114.5198916
130.4935427
109.8652434
111.6797407
96.44982099
102.0797906
120.3319068
117.6446603
128.7607445
120.5242961
120.0614215
98.57277062
103.0287699
127.4919208
122.8509681
96.58842368
95.27069343
110.1385347
132.1188235
117.4348792
103.9817793
115.6424447
131.9048181
135.8418685
128.8395761
134.1947248
116.0438905
121.5488693
107.3003188
115.6075942
155.459082
119.4207574
106.0001148
94.78977278
107.1741938
116.7643076
106.3712654
133.9220603
132.3956488
134.2435163
103.0095585
127.6246211
154.8332804
123.2635205
95.75552502
90.90871414
138.4958779
116.500563
108.273004
110.2694915
116.5052306
142.1163093
133.4886004
111.7452489
139.4188791
118.041718
96.89127173
108.4177402
138.5526695
129.1411574
103.4684347
111.8832981
128.1803357
152.3150814
142.9102518
89.68882671
107.3544987
96.2013886
91.01919237
116.0730983
128.4165249
124.4732941
100.2805162
126.8505609
131.7501385
134.2701836
110.9231014
122.2112495
136.8731212
130.1713733
110.939239
105.5867257
116.2708192
108.4788248
92.69813673
98.95166192
100.0604835
118.7156593
93.40250712
134.824557
141.2251273
136.4922439
112.5149737
126.2142227
103.7307195
117.2067764
102.8082198
118.0579139
95.92105495
84.31724593
84.82351613
139.7483894
134.0450239
112.6430114
125.1011829
141.0736346
125.3672594
102.8591884
116.8612128
125.9525165
115.3910239
99.48846061
120.6081409
131.9596135
126.055349
104.9692388
108.4941267
128.898653
125.3234874
103.6237309
119.1044496
100.9235233
107.4643309
98.02776855
118.4443861
127.8679793
120.8210456
124.7848941
104.6438234
98.97726577
112.552223
109.3873223
120.2581883
133.3824714
108.7270014
100.9939807
112.6556069
112.3421571
97.10091908
103.5884605
124.0204231
118.3583166
92.79940135
112.8311756
106.1054011
119.8553931
103.0537465
112.2110918
95.70710793
90.26801273
89.42825727
97.29304618
96.96064929
115.4611378
99.32417761
110.1405802
90.87586188
98.66315015
108.7042538
98.11683379
111.4999864
107.7992225
91.48985335
82.36740533
79.07655393
94.2253127
101.6271402
118.0960495
105.2195108
119.9396232
109.8520809
109.9703833
95.05893545
120.3171817
104.3358814
98.01589676
90.94509521
101.3813002
109.2405363
107.9734646
114.4054226
137.8883457
133.0932903
102.7081916
88.07576209
119.9252838
120.9904063
92.47874191
102.8433069
93.90511246
105.472926
115.9478809
106.3218088
134.1366259
122.5805314
106.6825472
131.2889445
116.2905435
125.4249625
95.81548796
110.1060884
111.1340447
105.5540502
128.9697274
126.7955587
134.3276657
111.2759129
124.2395179
140.5143065
92.78801234
110.3324649
79.89686927
75.94969307
100.1782205
94.17234774
102.5504516
102.5815544
125.5826217
128.4255003
116.6561838
123.0983727
99.70581563
94.26181048
81.00322142
76.81915119
87.24935411
113.949742
120.9064999
114.712741
105.6112941
128.6230538
123.0349926
108.9479679
113.0259528
95.42024224
111.4217008
102.4115958
114.6617702
100.0561258
124.9935027
123.391706
112.4322408
116.1346399
103.7802971
106.1455474
109.5191248
100.0434634
123.931037
137.7510556
133.6767094
96.89484015
112.6559801
106.1535571
128.4119339
116.9836992
111.2126053
106.5254822
113.613848
97.72596627
99.77007015
122.4843779
125.3777874
90.53567386
93.86415983
98.40717319
118.1111215
130.4129874
109.9917131
98.58491051
103.3690253
101.0461278
86.00394649
80.75564941
76.65106389
96.72852553
122.0594038
118.324428
121.8816649
112.0145267
120.1372781
126.0382074
115.5757176
113.5652424
89.85793788
107.4050119
87.48392286
84.62815219
115.3780351
120.5974627
108.8974025
119.0305754
118.3669384
96.05198238
104.0444806
117.4462909
87.2359319
99.19041631
117.2722635
117.1653596
102.5653695
116.3144136
89.77510453
92.78067656
92.37295954
109.1110326
103.3095363
110.0310625
88.69156524
111.891232
117.6758242
124.6822831
108.6092453
114.8452567
92.92785096
111.358516
98.76242399
108.6335613
114.9101728
82.04492186
79.89412761
102.6162317
96.06445216
108.8676431
114.7843907
99.21335202
105.4079534
121.8151694
109.8635874
96.2193539
125.0154282
78.4979554
72.51128805
96.78123133
114.2620826
126.6026101
108.9542492
96.49671911
123.5448582
96.75302827
82.69650781
111.432715
103.0980872
88.52293876
103.7089944
114.5165596
102.1014495
123.6912539
130.6748703
133.2478755
127.8479943
82.32104352
78.0742735
96.06877993
87.62828578
114.0044819
108.5176419
82.00285963
73.17555997
92.91889221
113.1880262
116.5117503
103.4737151
96.93735288
101.6141178
99.70208688
113.1214543
116.8439747
86.2645988
93.4897642
79.92049943
104.5837172
97.72596207
106.1954607
119.760151
124.6717482
114.2306569
117.0624397
105.3789126
93.13775053
91.26493484
112.5186499
90.07230407
100.4779707
97.20426619
119.3964893
129.4394175
112.0609489
118.863487
103.2368116
102.9565047
107.4912372
121.867112
124.767272
102.4563058
90.44504361
110.7033651
111.128166
128.8944991
126.1651784
118.676949
112.9606015
100.2158367
97.21380588
111.0970003
105.7558233
112.3169939
94.10530523
115.8370509
126.0577365
114.1514332
127.8376862
132.5929934
123.5085921
102.1485449
115.6903251
102.1128636
92.67853472
108.7193018
117.9023587
103.8215556
112.7273373
106.3807226
114.581117
104.3892377
117.5967902
108.6747601
105.2859656
113.2732622
116.1185726
90.88604688
84.62735566
89.44325614
107.3155327
124.2256131
128.7996789
102.8131934
93.61719237
118.0963742
127.6129181
116.6095384
124.4216908
100.329061
114.2432087
102.4903385
125.1862873
122.7039491
106.1677234
103.540685
98.36114431
101.5055274
128.2158647
124.9757656
120.6827398
96.7767366
134.0610001
128.2400264
127.0495232
102.259889
110.5318023
104.1353599
116.8171644
99.47370772
89.4658969
109.3038044
100.7961031
91.69077365
135.7108819
136.3985902
125.2660687
124.1951357
112.2430939
113.2043242
116.0062606
122.0044613
71.74940772
81.94453483
112.6713373
125.0959298
145.4001388
129.9521274
109.159622
128.9672956
113.310449
82.65363469
95.31440355
117.2644896
74.62330993
86.02857101
120.532282
119.6230437
128.4954845
105.0758045
117.3876076
121.2972514
94.16122549
78.24326089
99.70214715
86.63065543
97.39215179
108.7669302
88.70543033
84.4993955
109.4002917
97.82317573
99.71828305
96.81371492
106.6441166
91.82072972
84.47123513
119.2207064
126.286344
91.51441989
83.96521496
97.38516074
92.060794
104.2909897
115.7028089
105.6924005
120.0081721
126.8959531
108.7199476
129.0847419
115.9483136
86.99851827
102.291001
96.12862996
89.8086878
85.92715953
104.7402868
108.9072586
97.7382475
129.7658646
116.4621231
128.2632274
102.8284534
83.92594284
94.93187184
118.4318382
108.5892964
90.76944156
116.7572417
100.405377
97.89928854
129.3113846
105.8984432
135.9827843
125.985263
98.85663367
84.52771222
106.9579167
91.74119447
96.96602744
128.742443
118.3307649
102.220341
131.8425425
118.5031654
113.2365442
126.704351
119.3448712
121.6698222
126.2913447
116.7026301
98.80644099
117.2480099
120.6367571
111.6570752
117.6568578
119.976516
121.9712618
104.3833326
110.1993519
106.7688292
119.3364917
102.2760371
119.9134883
121.9683112
119.0783285
127.6660354
116.1852396
98.07769779
120.0981164
114.484254
146.0857236
127.9802809
115.6267379
105.499587
119.3487857
112.2529796
125.7558293
116.867242
105.7450425
123.3965077
124.7057169
134.9364182
116.2302897
102.2508395
92.78361421
117.9997404
100.9364101
93.36197971
94.54061316
96.85288278
116.8497934
130.5992706
99.90174017
120.5718466
124.2880632
106.7171724
90.8776151
125.1732354
100.3849781
97.74740203
113.78717
112.9638319
102.7900579
127.8618875
94.46498372
89.48236336
109.0995733
96.43436956
92.41465383
122.425059
121.0461825
110.2875872
107.5622719
118.9145171
98.10084696
116.5004731
107.3841205
91.77040734
95.68242731
119.9046785
91.6921549
94.37371296
95.68833277
99.89328196
107.0407375
121.1993279
111.0151206
99.97398468
94.35222654
127.0343223
129.3266066
120.3292251
90.5912333
115.0404023
121.9410162
124.3535797
124.1926211
106.8073142
114.1109496
101.1789517
102.3693834
125.7568935
122.7708402
102.0898268
112.9769663
103.9214563
111.409372
131.814811
121.7314812
97.37065618
122.977641
129.1440203
110.0559646
100.240607
112.2639347
109.8274552
134.195772
131.3232718
124.1505042
129.0457213
94.26419892
87.81401378
106.7982389
111.5206373
127.3210425
100.0858845
93.26807606
115.796796
135.4554201
119.6695655
95.62298771
119.6504843
92.11521407
110.0527218
133.1662638
111.5902266
150.0577891
127.4686205
106.7140905
84.46522237
87.92621675
79.40898656
92.35054428
117.1577307
88.17788447
103.013288
139.8018932
131.5103323
119.2706364
106.4714285
98.10661491
124.7553631
108.9435216
98.89319488
95.57296185
93.08626637
121.2049977
125.0209406
102.1491494
111.6252271
133.6326461
114.1096997
109.1030289
98.4004368
115.618293
119.599508
129.0540177
107.0960749
121.7929167
102.3240909
86.07682761
93.91590395
140.3215545
110.5228903
117.6804539
94.71466199
99.04540671
114.3632105
134.8437026
137.9153032
130.927932
88.93746204
93.0948016
115.1435246
134.938726
134.7266468
104.6739286
110.1933345
112.8999129
109.9640001
120.1813658
130.6751687
115.5343647
84.8158951
109.4307231
107.5440513
110.4217474
122.7801455
101.8341243
96.95064037
117.5926161
116.3790787
103.3226542
116.1303576
105.2676673
83.71264017
96.40503964
125.1554215
118.0507586
126.2848605
118.9824788
97.72545948
110.340704
99.81586319
106.9461032
103.143311
115.3972089
95.94321778
109.5398311
137.1166026
116.6728956
132.5784369
111.425178
136.003769
116.1615912
96.86668899
117.0312401
116.7522902
133.4554965
125.8115701
103.1628189
122.1333303
132.8164031
155.70472
121.5871182
131.103731
96.50260344
117.8889804
131.5430752
112.5219988
135.5470835
122.56794
95.01916186
104.9432199
130.9616775
116.2789708
112.9306562
123.4601751
109.6783516
123.3383065
131.2718713
116.3374054
122.6330911
101.4221494
100.8660293
121.9336371
116.8099074
100.8867677
122.7908101
135.6333496
139.3334197
136.243785
130.3425383
123.7865554
100.2699081
111.3234226
119.2077082
122.5998332
116.1836325
108.8297064
99.30033336
124.1878441
136.287322
104.9559546
94.83083879
104.8336002
108.3286252
105.8554202
121.3814217
113.8458319
128.6067515
113.8986297
92.58252643
95.37791969
112.403412
97.25416932
115.3365112
114.7349145
86.83704633
102.5030035
109.5292383
106.7735875
97.49828394
98.48080193
98.0789623
133.8276337
130.1651819
98.20942254
106.5568502
93.67478515
92.19924537
110.6998005
106.7122596
100.6248892
113.2011996
92.34625345
98.90334505
106.1329828
115.7800654
99.01488289
115.0129566
89.46221297
91.64327463
112.4910808
102.7161029
87.8255568
121.5613783
93.49336044
88.17296521
85.6576739
99.73817881
99.95201793
96.89687533
122.3006697
104.1349594
94.11724159
117.3743119
110.5482596
118.9294465
123.6872048
111.1512858
108.4185375
97.60344676
106.1304196
91.66586599
111.4904743
94.74208218
95.55950218
117.198388
113.4954708
111.8364492
103.2017811
112.7748602
112.3988347
103.9133888
93.82647916
105.9372624
112.4149606
121.5657247
100.9966341
106.1932057
113.7326355
120.4118629
119.5108918
121.8360586
104.6768619
93.44127785
99.25393996
90.02481659
94.05602247
103.5188261
79.55501953
89.49863793
111.6344755
114.342882
125.4219975
135.0276459
154.7193048
112.6636735
104.7810417
98.28506999
90.76438613
109.8766998
104.4605408
102.3212354
109.7643983
116.5415525
137.1881552
143.8492826
125.4902013
94.68130831
104.2681027
106.0869098
102.6327847
111.8644603
113.81966
103.5488543
107.9335301
118.870047
128.1157415
139.3676976
109.1678696
108.4608504
96.52097215
105.5154004
117.9567972
108.6377864
109.9734001
105.6005367
117.467187
106.7800799
112.7561814
122.6401855
107.119674
101.4479691
101.4935648
93.79967583
104.8519614
91.89120619
106.396673
106.2354585
111.8742246
103.7757245
104.0978725
106.5558565
98.2987051
113.8773157
106.9513124
96.98628169
109.9080421
118.2437
102.8637708
101.3757281
121.5829975
98.83486138
128.013921
117.0139725
100.6514605
113.0364362
103.1162301
96.56968644
99.16746887
85.87011074
83.75574003
94.51688771
114.0608095
69.14052046
75.89073854
73.83659282
72.17279883
93.2254042
88.10627453
95.93445161
62.92067002
69.37481161
69.86393424
56.57729203
67.66105892
84.96778069
86.25206086
85.03380251
70.71152959
86.53889573
76.26673062
64.76629451
53.45057322
64.57477363
60.83409469
54.37795547
70.89617782
82.2337757
83.33709387
87.28483868
82.00157747
80.94068108
55.32486189
47.11312867
68.98870415
56.61062635
62.17063055
66.61510613
80.0409239
70.25777797
69.79457022
89.36310471
91.99187006
80.00654935
51.60911701
42.49772853
63.00349576
46.54182604
57.06942146
80.46168747
79.07892192
79.5310075
66.48207163
89.5792769
94.2092447
82.40578752
53.21996099
47.56796202
48.6220499
51.83690532
67.25883999
79.25323328
61.10831923
93.2823755
85.80194638
94.63377876
91.3668095
80.96721483
76.34724003
61.90279162
47.96185222
47.45911366
48.46355301
68.78411949
58.81179532
88.13214517
78.13339611
90.58708513
93.82627508
71.5250466
76.3397494
55.66515641
59.43212996
64.95863362
58.06468225
68.83145916
58.64530887
79.21238189
87.60582398
79.54662703
70.52451403
70.59679274
74.98050269
49.67779216
45.59110126
53.36009886
70.50635045
61.59346801
73.39607823
96.27424268
99.61850374
95.2417596
76.02834673
66.96637955
67.42020932
50.6120396
46.30147086
49.53280374
72.62892543
61.29205866
83.87767136
94.81292694
96.7779903
89.43045586
69.40732219
74.37431666
64.30213248
61.01127229
52.5609597
51.69017991
70.51965763
62.8049338
79.07306169
81.8188902
88.46441638
81.64607324
79.97724162
94.87805482
83.93585749
66.87400863
74.6558865
79.48725383
67.9371457
69.76144763
74.58364177
89.93866259
102.0422424
109.4048261
84.49962074
109.6035733
91.67979004
81.79887383
71.29326737
76.50526696
76.30986905
67.82359947
71.81612108
20.74016249
22.34224946
21.68178284
20.34806231
26.87923752
26.64741382
28.05102166
18.82732202
20.30090861
19.51391996
16.07818075
20.12217468
24.96888737
26.40169671
25.73814973
21.28592428
25.41559187
22.62519199
18.45368811
15.71240756
18.60561877
16.89274978
15.4020274
21.07917561
23.76092137
25.4415925
27.15113712
25.48371538
24.18807629
15.91425469
13.13056133
18.48037438
15.82998872
17.63941286
18.73486304
23.14686697
20.38499606
20.26889674
26.78438527
27.83149679
24.00926504
14.24872608
11.53816609
16.75933927
12.85266427
16.37137312
22.82744801
22.62916303
23.24661751
20.05370019
26.80850495
28.39060963
24.61692312
15.45647036
12.53747525
12.48918158
13.16915601
18.84349743
22.80489015
17.2768281
27.47782847
25.21314569
28.06317403
27.75492658
24.67493614
22.35454061
17.63575454
13.17684673
12.6499164
14.26863981
20.13187014
16.55397299
26.2681935
22.9684753
25.96074062
26.13879859
21.08916
22.1483
15.86013613
16.62968241
17.65199413
16.3897967
19.53438192
16.54275887
23.94397961
25.1427857
22.42440132
20.15919012
20.82703399
21.57990681
13.49038327
11.97735181
14.28139798
19.50344381
17.68146144
20.92743678
29.0833419
29.48562744
27.27321242
22.18384911
19.52366334
19.52993486
13.72390232
11.52434083
13.17865019
20.28128266
17.65792131
24.02677109
29.20866996
29.34722263
26.41040404
20.89751185
22.14224035
19.05031183
17.45135479
14.45805672
14.83605407
20.00588078
18.19183667
22.94395495
26.10937006
27.33559862
25.32673533
24.84075409
28.64826001
25.1036233
20.13878369
21.38377397
22.55051385
20.08102347
20.29941695
21.32254307
29.73786089
30.93719298
33.79549682
28.5476453
33.75574306
28.22013178
25.2787507
21.90474356
23.36115575
23.28262439
20.39326674
20.27239199
4.148769994
4.367066793
4.245341904
4.019607913
5.192845809
5.237991964
5.356142571
3.788614672
3.950819349
3.732708029
3.216688284
4.021979658
4.878571946
5.224052595
5.093335563
4.320072451
4.968971924
4.448366122
3.643797409
3.165031259
3.599825777
3.28602852
3.077651322
4.144055021
4.635898219
5.056956686
5.426942966
5.115790726
4.763709324
3.190144182
2.613997768
3.443319806
3.082806352
3.406507132
3.658739193
4.479294661
4.06619782
4.085549995
5.298185129
5.50916059
4.736232422
2.825776885
2.26777249
3.097716045
2.52923006
3.226032302
4.362996829
4.360381094
4.568257154
4.096137311
5.303422365
5.610585062
4.852975855
3.108255288
2.418503144
2.361701342
2.478894438
3.583973113
4.367077961
3.418706834
5.362805147
4.96452182
5.508621418
5.500166513
4.90551613
4.34046372
3.38705477
2.561397329
2.446525808
2.8684441
3.905120667
3.270419277
5.194754256
4.600456166
5.04367321
5.012474578
4.219672386
4.29515604
3.123692907
3.15537253
3.304747632
3.207307438
3.754307328
3.270754931
4.856372707
4.923672264
4.415339436
4.00440854
4.102531513
4.153351979
2.6406793
2.303898293
2.738468674
3.692965316
3.488965391
4.034736602
5.785215621
5.781397758
5.277220611
4.362577705
3.887482511
3.802821228
2.66990318
2.17909861
2.548198995
3.843148462
3.510681647
4.608417598
5.877636347
5.831623326
5.220668158
4.256226686
4.401013861
3.824591261
3.399062763
2.828617932
2.956262831
3.851389568
3.621221645
4.464558053
5.507492976
5.554024004
5.204954619
5.095793825
5.680579479
4.976970234
4.071759445
4.149454214
4.33305402
4.000648288
3.985731477
4.167605686
6.398479292
6.246938893
6.834741808
6.239171494
6.772756152
5.689317284
5.137512864
4.485978565
4.657476521
4.617535548
4.080744425
3.924925451
0.654842993
0.6763853181
0.6596964724
0.6360640841
0.796936932
0.8091919218
0.8090076522
0.602054931
0.6099496091
0.573120556
0.5156958674
0.6355469841
0.7548646778
0.8108280558
0.7935079955
0.692309526
0.7695150233
0.6917882327
0.5744153785
0.5061055167
0.5545279025
0.5135291116
0.493381447
0.6449730894
0.7198379463
0.7903410209
0.8489104255
0.8047639458
0.7408513846
0.5110240577
0.4191812829
0.5182470201
0.4808592479
0.5262169421
0.5719062577
0.6887801656
0.645722239
0.6563586266
0.8274153726
0.8581298399
0.7369982164
0.4528769355
0.3616926522
0.4629872194
0.4009077573
0.5064653684
0.6642057593
0.6692217187
0.7137225731
0.6613805176
0.8285979225
0.8731125817
0.7552679108
0.4981162771
0.3809079031
0.3660796554
0.3837277728
0.5453231624
0.6635365305
0.5415452902
0.8283769121
0.7756820085
0.8546009114
0.8569092535
0.766575014
0.6674035879
0.518821326
0.4010477636
0.3845338026
0.4573994387
0.6000303715
0.5178026766
0.8124259124
0.7312507819
0.7814366208
0.77077518
0.6688396042
0.661107745
0.4907817485
0.478895228
0.497706079
0.5013593934
0.5760867237
0.5181074076
0.7770723295
0.7697995404
0.6967431883
0.6357280214
0.6411317771
0.6353018895
0.4183000931
0.3618698169
0.4252181841
0.5605572644
0.5484989974
0.6204860348
0.9075583646
0.8966791721
0.8139052428
0.6828176072
0.6154150106
0.5891426387
0.4206775814
0.3421116341
0.400806121
0.5825857468
0.5559639436
0.7027499778
0.9315871333
0.9136506587
0.8189500547
0.6858394223
0.6932686983
0.6082753778
0.5296125341
0.4467441895
0.4704447748
0.5922762775
0.5737071734
0.6897318376
0.9122650672
0.8902006421
0.8420685397
0.8241522229
0.8891195638
0.7808226114
0.650720717
0.6430226503
0.6648063639
0.63060088
0.6227184881
0.6490512484
1.073569125
1.001409038
1.091915543
1.053215054
1.072963308
0.9053874841
0.8236010272
0.7239287748
0.7314302041
0.7203146962
0.643942549
0.6089088689
0.08838714911
0.09000325722
0.08812580121
0.08648913134
0.1051663516
0.1069672195
0.1051540138
0.08174370218
0.08099114259
0.07612419726
0.07098937637
0.08592604836
0.1002650258
0.1075899448
0.1058213485
0.09470373482
0.1022975207
0.0922944815
0.07775341039
0.06924933461
0.07359265196
0.06919057638
0.06795267462
0.08620609355
0.09613351571
0.1056802619
0.1133624387
0.1080827199
0.098782175
0.07025612497
0.05786290197
0.06774029197
0.06457224178
0.0701384434
0.07691169558
0.09111964794
0.08794151091
0.09032732875
0.110714677
0.1143544583
0.09827571685
0.062568318
0.04987522425
0.06019770891
0.05473085018
0.06825026001
0.08710322333
0.08846523483
0.09586111818
0.09119196759
0.1109278668
0.1162678555
0.1007232131
0.06842138984
0.05203868039
0.04937294952
0.05174986052
0.07167091381
0.08672935636
0.0736969848
0.109871188
0.1040743598
0.1136877981
0.1141714438
0.1024218678
0.08815372408
0.06854308335
0.05417009362
0.05229717673
0.06240638926
0.07922998898
0.07047646709
0.108945241
0.09953949019
0.1042505767
0.1023174312
0.09069818446
0.08746048578
0.06620627083
0.06281918647
0.06495323934
0.06734298347
0.07623223825
0.07054160656
0.106179084
0.1036095484
0.09458658025
0.08669056271
0.08607126903
0.08366345718
0.05718523772
0.04931546558
0.05711828046
0.07354449817
0.07400122794
0.08223053306
0.1219415795
0.1193520805
0.1081348669
0.0919454416
0.08355426254
0.07856401548
0.05732167072
0.04694485238
0.05458759871
0.07631442892
0.07547503079
0.09225828542
0.1264662301
0.1226873414
0.1103594327
0.09449945752
0.09373743927
0.08282407459
0.07122347023
0.06093124304
0.06428026532
0.07855740158
0.07792646422
0.0915493039
0.1286668829
0.1222224245
0.1163467716
0.1139587339
0.11939169
0.1051431054
0.08897254635
0.08594804816
0.08798519587
0.08506593999
0.0836448433
0.08686448705
0.1526153881
0.1379794214
0.1496067374
0.1496743087
0.1458908507
0.1236014459
0.1130613201
0.09977474084
0.09840228527
0.09620640037
0.08689579139
0.08152211394
0.01068356095
0.0107666664
0.010585225
0.01054447673
0.01248108801
0.01268518355
0.01231742541
0.009928065174
0.009677798088
0.009126603024
0.008753264215
0.01040524576
0.01196397464
0.01280089025
0.01265733054
0.01157476518
0.0122157439
0.01105702396
0.00943866839
0.008477586259
0.008796461516
0.008384060646
0.008385164838
0.01035463857
0.01154192094
0.01267105639
0.0135589148
0.01299633266
0.01182479079
0.008653850256
0.007164447759
0.008016175855
0.007793385892
0.008421799184
0.009289348936
0.01084573651
0.0107339904
0.01112148595
0.01329026583
0.01366172465
0.01176227551
0.007757759893
0.006185956682
0.007098834669
0.006706767117
0.008249983336
0.0102867078
0.0105281057
0.01157069076
0.01123559618
0.01332221457
0.01388091185
0.01205323089
0.008415192048
0.006406293557
0.006015200788
0.006306091937
0.008497577678
0.01020543364
0.008991911858
0.01309882287
0.0125410452
0.01357816234
0.0136349747
0.01226303306
0.01046929482
0.008162675866
0.006580251391
0.006400560144
0.007619166606
0.009410114045
0.008603865661
0.01311171575
0.01213454752
0.01251221425
0.01223558109
0.01100805478
0.01040301349
0.008011556351
0.007440665944
0.007664528128
0.008118414546
0.009087701156
0.008613560973
0.0129731825
0.01253715101
0.01152662423
0.01060149542
0.01038198962
0.009922764947
0.007023795812
0.006058041055
0.006911585602
0.008706772036
0.008953022577
0.009812073845
0.014699554
0.0142742167
0.01293535415
0.01113336273
0.01017185383
0.00942903805
0.00703209167
0.005824175346
0.006693997786
0.009023630819
0.009177161429
0.01090531954
0.0154054203
0.01479424615
0.01336364962
0.01165139493
0.0113817321
0.01010348713
0.008632040178
0.007477090514
0.007875870963
0.009387270782
0.00948346608
0.01091883161
0.0161848708
0.01505220429
0.01438316478
0.01410260985
0.0144074354
0.01272072954
0.01089634268
0.01035152302
0.01049525251
0.01027933411
0.01009474543
0.01044065188
0.01927550045
0.01708089835
0.0183932241
0.01882797729
0.01781908967
0.01515698469
0.0139147426
0.01230172261
0.01188248616
0.01153107345
0.010504104
0.009828867754
0.001308486524
0.001308460791
0.001291998331
0.001303172817
0.001504286856
0.001525442438
0.001467531673
0.001220884395
0.001175875544
0.001114798719
0.001093905058
0.001277036388
0.001449087403
0.001544213393
0.001535284183
0.001431069681
0.001480581035
0.001344495963
0.001161858794
0.001051126838
0.001069660074
0.001032403357
0.001048835115
0.001263373976
0.001407546252
0.001540703958
0.001643230473
0.001583065078
0.001436561106
0.001080780436
0.0009002263213
0.0009682487808
0.0009553942342
0.001028698269
0.001138629336
0.001311773641
0.001328497662
0.001386645214
0.001618131417
0.00165437689
0.001428558633
0.0009762646034
0.0007802608265
0.0008558874733
0.0008340940624
0.001011387331
0.001234771715
0.001273579485
0.001418633093
0.001401227862
0.001622806134
0.001679641135
0.001463065514
0.001048948357
0.0008025539223
0.0007468719595
0.0007829479815
0.001025581922
0.001220413267
0.001112289527
0.001586223481
0.001534238736
0.001645581787
0.001650368251
0.001487959094
0.00126289096
0.0009894016665
0.0008123062364
0.0007961686477
0.0009421405297
0.001135587959
0.00106529066
0.001601388346
0.00149918047
0.001526117736
0.001487785235
0.001352972121
0.001256609181
0.0009832927486
0.0008981129168
0.0009221682727
0.0009927748309
0.001101778952
0.001066565681
0.001605114906
0.001541289858
0.001425565872
0.001315150822
0.001271986309
0.001196993106
0.000876069495
0.0007574818757
0.0008506669067
0.001049327521
0.00109820576
0.001190248753
0.001798556259
0.001734084823
0.00157381445
0.001370502045
0.001256340132
0.001150930327
0.0008777354742
0.0007368341112
0.0008348555143
0.001086731552
0.001130422842
0.001310178933
0.001906344448
0.001812638042
0.001644689797
0.001456393054
0.001403998132
0.001250111321
0.001065488599
0.0009332795289
0.0009791411444
0.001141096018
0.001169618116
0.001321799066
0.002060198665
0.001883564066
0.001803419329
0.001769652419
0.001767663821
0.001564385022
0.001353824527
0.001269329604
0.001274164554
0.001258925926
0.001237046928
0.001273616372
0.002456461413
0.002150551738
0.002296654727
0.002383687716
0.002212008863
0.001890346775
0.001738841352
0.001537725693
0.001457264064
0.001402820652
0.001287244119
0.001205191648
149.6953913
150.6907424
143.0954006
131.8122266
108.5401671
161.9337402
153.6131869
157.9103376
137.3770608
104.8441121
152.7785128
142.527005
141.3579213
120.8872468
136.9155717
153.3776705
146.5234199
114.1583874
99.1716513
129.4718925
126.4810718
149.2738368
147.2279633
143.7242991
170.4731928
137.2741436
132.6812075
135.5096219
108.5818444
141.1484146
173.6666334
157.0107238
136.8776293
105.2133042
134.7280731
169.5968963
151.8955942
130.1477493
95.08021551
121.640006
141.6694557
114.419937
117.8469045
100.8977504
135.66324
104.8820847
90.87298344
94.61387892
101.0901124
133.8412253
124.244066
129.4167653
145.8534548
140.0688487
119.4604235
140.3060838
149.7639331
144.4916462
133.6846403
111.3108191
124.644892
122.3697502
118.9723124
111.9035274
93.23178485
140.2702207
139.8770353
140.1761379
111.663827
85.85237805
122.0311288
145.3057523
146.4022535
116.7947993
129.243995
96.83560843
114.8652811
113.1691859
87.01359077
101.7805237
96.16944412
125.0714205
112.3453639
110.5004628
169.796334
109.1747168
132.9418836
119.5655286
95.46216468
127.5666737
132.0983243
107.1587717
97.70264499
104.1074527
122.4386055
113.4934072
96.66781434
83.51132268
77.36204989
91.86535373
122.248931
106.7498641
109.2017955
95.83651552
128.9986161
99.41410073
112.4286479
118.5702192
109.2984837
137.2125764
113.2218703
122.4716831
138.7115914
132.2420124
132.5402718
126.4295283
135.9898026
131.5935298
120.3957275
102.1365658
119.7204597
127.3146885
115.4605072
96.79061105
77.72157066
125.1148077
138.431963
148.9832326
129.4105278
99.02710556
113.3528091
144.7474882
147.5564375
121.9045157
135.7617908
102.0932558
125.4074215
110.5800986
90.38989307
119.5067992
112.5307257
122.8728217
113.3335135
88.36568207
121.4722523
121.0352324
140.5755612
97.11765705
66.33834107
78.30286869
115.7784865
104.0355301
97.81554202
83.55542756
84.86028809
121.8005997
121.1412978
97.90568695
104.5993694
123.9367965
103.5934085
108.5742145
90.55546532
89.2245197
127.4234183
87.25532441
88.82434119
84.88894648
88.73161229
114.4917149
121.9054422
117.2053503
129.8208674
124.8194885
105.224869
115.4845616
118.7699834
121.319305
105.1527546
85.07431713
120.5613531
132.6142129
129.2555361
119.4983158
98.15609773
102.4084364
118.740913
142.1006438
134.9613511
105.8318158
120.4298843
130.1010066
141.5003237
120.5219566
133.6202233
98.17893451
130.5476874
130.19884
95.97547389
113.928628
99.00816491
127.8400727
122.5318797
79.31329272
86.46563384
129.5157246
107.0662726
85.11842964
73.19102265
103.3147214
130.6715961
103.8020101
94.4756412
100.3337057
113.3013142
125.6494026
130.4370033
116.0190603
100.6253412
130.5915605
122.4216817
111.5243741
105.9437532
87.11803409
111.3567211
102.4961415
99.41074868
81.25266759
71.94472451
69.84157382
110.8143529
99.74403124
102.1058482
107.0576854
84.75808155
93.89463457
95.07623752
103.6044925
107.1115255
91.76716236
123.9232203
134.4255667
130.054468
121.7457543
100.9072144
92.48704637
105.0407642
119.367
121.8298347
98.41154112
99.09860933
119.949956
130.3845564
107.9878365
114.8901738
83.89758151
99.78577184
113.2456352
81.11379797
86.54737926
90.727262
119.0728129
126.7120946
89.28836036
111.4066174
118.5668717
112.2871027
115.5433445
87.35279842
116.1491779
114.1632085
124.4875445
118.7228401
87.78338688
84.07912645
129.3252442
128.3000836
103.8398884
88.03754644
124.231207
129.9043296
104.0630452
99.34348177
76.64200493
82.55040185
92.80476559
86.60685256
90.02038434
90.90040504
75.14986386
96.62340565
98.91425003
113.5041752
110.6732313
82.36487015
101.2971081
101.1357133
103.7187836
103.4313147
87.32713525
124.7848613
132.6963576
130.9899831
125.6442638
105.2121889
104.3345875
112.4190605
128.4335458
124.3072567
96.10974321
84.58322113
90.22634211
104.4341304
86.92334111
85.38269065
76.19128578
74.03380722
78.99564489
75.63626747
108.9384905
81.9536544
95.57205005
112.7686303
91.73495135
127.3556145
93.17552389
112.2605401
120.3584022
96.48128298
125.4467719
112.5292183
114.6149142
127.6131217
113.2651234
100.2063429
105.3419357
106.4491378
115.208537
106.58351
154.6833185
122.0361143
97.19965849
89.6697365
84.77193716
121.4387406
111.88767
116.6129594
109.9319962
92.25862162
100.8932067
109.3807383
120.7100165
106.6982608
84.42814909
65.54283727
118.9033625
119.1805506
99.56187333
81.07742689
64.89956917
114.0338875
119.1018172
120.2271238
121.103764
104.8728786
93.33083359
88.76453758
96.22840233
108.7110625
99.5786853
110.8907055
93.91419244
85.86697146
88.52835372
115.0182763
97.32943675
101.2103439
85.16362492
83.12938449
125.0180325
94.53126956
114.1724659
110.183676
92.90118031
132.3688512
90.95728549
94.02567219
92.41674287
93.56558388
131.6356151
105.6630473
128.240928
111.79696
112.269591
116.0697671
134.6254488
139.7754814
122.8549004
95.71672457
106.4964582
138.3554209
108.3586514
103.2239909
93.03495642
130.1155134
125.9751261
105.3138662
95.65639412
80.48519055
83.00238396
131.5146286
130.9580647
134.3992794
117.8426846
87.19424851
136.8389733
138.7414279
125.5635227
109.7782241
88.3082179
107.497741
107.3132022
111.3207853
115.7719133
104.8496279
104.4257081
96.89566955
94.04583053
102.0635815
115.6224152
107.6648626
122.2595519
123.4019727
107.5683469
129.6708657
88.99118762
99.16406628
110.3312165
98.50918751
124.6076416
104.6147794
113.954641
101.5180227
96.47500573
130.1080416
124.4885661
112.3078801
115.828562
114.9767146
137.5897784
125.10298
152.4201811
118.1474408
91.45650961
83.88599127
131.8534401
138.1568622
107.5556383
106.641165
125.8572629
112.222974
96.01923146
91.14969417
104.0673964
164.7551527
112.4976427
109.8788687
119.9674204
106.4617525
122.6032338
126.0874154
129.5112046
141.4639876
129.1972572
105.0969835
122.7944609
130.1116595
124.7758716
115.5671466
99.01288538
116.7114825
126.7170762
125.2424539
114.1251425
99.67620828
89.36405116
101.5192407
109.7893224
102.6570875
93.52282208
98.71872648
120.0268464
133.7731795
106.9121809
108.4291232
101.8436377
101.6252081
118.1793992
105.6859527
93.66021714
110.2524832
107.2040526
108.6511416
110.6035874
112.8519032
112.5064706
95.30901094
104.9203428
115.0730216
136.6363238
104.5978598
95.68848756
83.14366918
87.0378349
78.37127315
102.3257242
110.5938675
99.20979363
98.18901506
106.4571732
118.969396
117.8314676
105.0757948
90.1417472
110.0980894
130.3408499
147.015868
139.8550255
101.5130584
102.6830222
119.8735737
117.7249511
116.927154
102.7479689
104.3110131
118.6064732
114.4855873
102.0710123
94.56748145
95.57389845
80.15886739
81.17556169
74.78739
74.2934449
79.42962584
71.4485577
79.31758217
70.9589713
67.52470787
77.05771971
71.56816944
90.9021607
92.93325592
76.93060312
84.14248011
65.73160813
81.01943295
91.57915401
88.06355668
82.60354484
57.31334675
59.92105877
64.60344887
72.10871879
62.36107747
73.17774748
76.56266404
73.7569506
69.45843745
83.34457566
60.25948037
69.39442579
56.64176516
67.95702149
74.64179246
64.77349529
70.56399362
53.4074802
56.10449662
71.22174715
82.05350817
70.39931206
59.68376773
57.65407911
52.17875492
84.0496258
92.67887025
86.10116519
58.55807376
48.30333339
81.6421293
77.66127411
77.75107484
69.9169905
74.98701307
67.32683891
61.18383209
60.93566589
64.47865556
64.31804192
23.06079126
23.29038373
21.71097613
21.8411743
23.49398794
21.75093193
23.33514618
20.96755045
20.28219639
23.13265286
21.69672579
26.43193145
26.70652972
23.31860432
25.14833122
19.47249722
23.98542408
26.84596466
26.40613209
25.31857849
16.13363827
17.25439648
18.69060544
20.54452335
17.8753427
20.55852341
22.47493163
21.37470545
20.05220479
23.27298416
17.37523299
20.28491873
17.18490849
20.25706349
22.92392765
18.96077449
19.88001061
15.21945591
16.10193653
20.30730184
23.39762758
20.044374
16.91054897
16.26402198
14.18463987
24.09666416
25.59685838
23.5476967
16.6857687
13.25495432
23.21465709
22.4175943
22.23696109
20.5760825
21.61481018
18.96213752
17.39430611
17.58676927
18.70311205
18.89999052
4.489149756
4.549053998
4.322485593
4.347636048
4.605328328
4.348772029
4.569359539
4.205416554
4.113335265
4.573778264
4.363975234
5.11405836
5.169331168
4.703109559
4.977125689
3.910235651
4.69584448
5.214161959
5.197038017
5.04772565
3.21418943
3.45492931
3.721739508
3.995912558
3.569891205
3.93231137
4.348779865
4.161804821
3.964894918
4.461097626
3.454106154
3.954707915
3.487902412
4.003339427
4.546396925
3.760092476
3.82213079
3.040101326
3.198742684
3.912113488
4.499467024
3.920981301
3.326805324
3.140405978
2.761493991
4.676995426
4.832055603
4.420402735
3.284273871
2.625825517
4.466691998
4.366312537
4.301670991
4.056172082
4.175366942
3.70908632
3.459018367
3.489769715
3.673107811
3.740543656
0.6965113569
0.7079922343
0.6838236521
0.6863300477
0.7156152556
0.6838913884
0.7102985548
0.6688267513
0.6591729338
0.7147539862
0.6903077537
0.7851648974
0.7963495462
0.7467859213
0.7783858034
0.6217623709
0.7274473294
0.8016336032
0.8062882441
0.7902262268
0.5144788915
0.5522073666
0.5904868409
0.6218986654
0.5698479615
0.602228034
0.6659052769
0.6442388526
0.6237743109
0.6848612377
0.5468683826
0.6116964505
0.5577874342
0.6258206398
0.7069745162
0.591111678
0.5883296761
0.4861598773
0.5071794039
0.6005686107
0.6893399256
0.6115634494
0.5235558997
0.4864933504
0.4345620731
0.7209961328
0.7305608439
0.6665728905
0.516250933
0.4207732661
0.6858817791
0.675373255
0.6627142324
0.632361035
0.6413220399
0.5813927537
0.5500058824
0.5523705296
0.5749435223
0.5869234143
0.09299461593
0.0947406832
0.09265871299
0.09283087841
0.09557720185
0.09194904795
0.09493073931
0.09106308274
0.09023001985
0.09584686838
0.09317891236
0.1036748588
0.105562914
0.1012091509
0.1043363275
0.08455674732
0.09674026369
0.1058336944
0.1071465981
0.1057315201
0.07080232772
0.07569937042
0.08037897233
0.0834819491
0.07809524239
0.07968719592
0.08765441253
0.0857690602
0.08417895299
0.09071647342
0.07424781579
0.08134052882
0.07613504669
0.08390001456
0.09394894881
0.07961144113
0.07819025978
0.06676029658
0.06904126704
0.0794163516
0.09094005464
0.08193899534
0.07084858462
0.06515167471
0.05906540898
0.09541074964
0.09538734678
0.08700276334
0.0697526801
0.05812644818
0.09076673337
0.08972062136
0.08784670048
0.08445224986
0.08477334803
0.07848965199
0.07507838402
0.07510191416
0.07742689437
0.07898096208
0.01116255649
0.01139018893
0.01124389178
0.01125279108
0.0114782515
0.01107765621
0.01140606589
0.01110100882
0.01104238666
0.01154564735
0.01124869732
0.01231653444
0.0125862837
0.01226524111
0.01254768087
0.01028974221
0.01155946087
0.01255979716
0.01277641153
0.01267550328
0.008732997605
0.009293935495
0.009807783409
0.01008912444
0.009592349638
0.00951175446
0.010386055
0.01026818601
0.01018583823
0.01082329836
0.009033449505
0.009728284516
0.009290647159
0.01009508721
0.0111903753
0.009610676736
0.009366177855
0.008214519944
0.008427461165
0.009455445426
0.01079661918
0.009853764425
0.008606285759
0.00786944671
0.007222557087
0.01133692363
0.01123004572
0.01025684133
0.00846153345
0.007204962481
0.0108133679
0.01070754574
0.01047202057
0.01011559922
0.01008411221
0.009523443252
0.0091854932
0.009160929138
0.009370927519
0.00953664421
0.001360706831
0.001390097856
0.001382294215
0.001382845269
0.001400761096
0.001353160477
0.001392085681
0.00137106905
0.001368121012
0.001412627223
0.001374683887
0.001486668532
0.001524243337
0.001504487205
0.001530731291
0.001268010678
0.001402432974
0.001513493425
0.001545257571
0.001540090388
0.001091984769
0.001156383238
0.0012135339
0.001240005115
0.001194779169
0.001156015252
0.001251405383
0.001248908104
0.001249672794
0.001312877795
0.00111410518
0.001182435616
0.001147828294
0.001232479122
0.001351040624
0.001176198935
0.001141589044
0.001024674511
0.001043381416
0.00114463439
0.001302143838
0.001201959409
0.001060956339
0.0009681204984
0.0008979297533
0.001366304014
0.001344459911
0.001231445078
0.001041984139
0.0009062389396
0.001309120069
0.001297037736
0.001267790406
0.001228710969
0.001219018703
0.001173602799
0.001139420576
0.001133765645
0.001151941426
0.001168546255
137.34607
138.4760085
128.868873
118.5509857
97.48847979
130.8133428
119.6765727
117.9781943
119.0870332
99.62750182
138.1132804
131.0538882
138.0979255
127.714673
153.2585029
120.0877806
146.895269
151.5693
136.92921
197.047169
126.5770465
125.4001999
125.939806
97.53416435
131.3503606
130.7231785
139.0780631
127.855764
93.89769797
127.4476241
140.168875
106.0046943
85.79757495
83.40541775
125.0469552
126.019233
135.7373394
117.9477963
140.1867846
190.1319164
144.7133676
156.1305066
142.8668442
122.7220777
144.4292515
137.1171687
127.575022
138.0942323
123.4192015
138.4016631
162.0307381
147.5793287
147.2756731
131.1400914
101.6869652
150.7457232
125.870641
101.9231424
82.18427984
65.43601338
127.6302696
121.2546754
107.1064055
90.93965213
74.2414926
124.2294154
120.7598283
128.1372349
118.0820864
95.13144393
145.4523157
130.3520832
138.9605746
128.2082809
145.1737811
136.0554096
144.0809544
134.5470887
112.8140328
137.7151534
128.670824
132.1213976
104.5524773
74.73746608
87.10297695
145.2861185
147.9504443
126.4586054
89.15020711
106.0282853
134.2118849
116.7106725
112.4085063
74.90331336
80.78833314
107.7904278
135.962294
126.7736472
94.96355457
97.85257248
115.0954752
134.2140162
120.9461274
109.4122711
100.8464297
135.4719437
123.6798342
126.7928248
117.3820087
123.4375215
133.2344213
134.6715995
132.1319032
126.4649656
100.0292631
124.1901844
123.6086112
116.1971674
110.161428
91.89557793
126.3318214
130.2241405
120.1066152
108.3975381
89.59332372
114.0810383
122.6233096
112.8569506
96.60907573
85.41275281
122.2475004
112.9800563
126.7614075
133.1576639
142.1098692
98.16653081
89.36170929
92.66141659
98.80146522
94.20159559
120.5652159
108.6592306
101.1843707
85.29089608
105.0567103
118.5282191
129.6804849
111.2946399
98.35650666
95.99119537
125.5859855
113.2139491
116.7365371
88.40210134
110.617108
114.1577787
130.9135934
123.638299
92.71590384
116.7461114
120.5247537
115.760606
112.5877592
95.25251176
106.8491759
118.4287906
100.5171885
105.8438675
111.0068524
101.4452723
111.7244306
107.2976768
124.7275531
126.5480279
97.76171059
107.1787381
104.1919649
107.9122677
109.0319559
93.05372516
118.3674642
126.040524
122.9598339
118.4218163
102.703758
123.2040443
119.5312603
115.1181441
102.6080037
107.186221
121.5129914
95.82124914
88.68302134
89.89391882
112.1415966
93.82274195
80.44744032
70.27515049
64.66452244
73.44283255
104.6554916
111.1341855
90.1378244
79.75502759
115.8195562
120.0417272
135.8328865
119.0109942
99.73683583
125.4125212
97.76623129
105.0692272
107.1755258
90.08261511
126.2717637
98.48366091
110.8550953
90.45083389
85.40912226
123.1245176
104.5334174
108.6663593
88.83861964
72.66315697
85.71893889
93.78542389
94.7742068
103.6179332
101.8176676
115.3713707
103.1246698
98.12171936
108.2439283
115.7691933
95.38200365
101.188539
99.48390172
103.5092013
105.766806
90.57116204
125.323149
126.6321738
117.0146972
109.9907834
92.54824373
117.8558771
119.0605975
99.47404934
74.69251467
62.76429614
104.7150028
102.6210698
100.227301
74.54713934
75.24135617
104.9054776
114.5271317
113.3748002
83.31083393
98.25738742
124.1294208
118.5499677
115.6751497
95.52542708
129.1851817
121.5530765
128.3580809
109.1954599
114.5121348
141.9197334
120.4832303
121.7764109
91.63237105
93.15097846
125.9987494
97.60473233
96.55806864
90.52162085
108.7621094
140.5868957
108.3537745
105.3713935
101.6109462
92.05002924
121.9385628
105.382787
110.1718949
104.4564564
102.0533117
127.1052152
98.28500409
108.5087052
126.1530525
122.4924084
98.16172437
104.8214623
113.4507392
106.3278643
92.89070815
76.24673707
123.9578645
118.4055052
106.3520395
95.63446613
78.55242369
115.9666188
109.7033174
100.8339526
77.23763633
60.83218369
105.3683227
110.6754102
99.13122993
82.21245185
98.46986708
117.3106562
113.0700069
115.6354648
80.60701711
85.95380938
120.0726055
129.0490203
124.0661574
94.14219076
125.4801092
125.5795861
117.9486814
117.0565262
100.6562672
130.525156
124.2730129
129.4297833
106.0625816
100.5795649
103.1562494
102.5382385
129.7146092
119.6980989
102.2239908
128.8937058
98.26212612
121.3660137
102.9120304
88.72231412
120.1829736
120.1463277
119.1463264
115.7428826
105.7167876
127.9302146
130.8126153
121.495402
129.5341491
121.2327467
97.22093951
121.4675737
117.2851158
117.1826946
113.8697535
96.19780414
132.0071247
124.8791165
103.9317888
83.93144002
66.44219428
135.5028178
113.1661849
97.42486898
86.67019287
70.04884973
117.1025073
114.6093214
115.9447508
96.92488656
110.3005941
87.47577183
96.09176146
113.0706038
93.30540609
118.8466422
104.4722158
118.4964484
103.753929
87.60300127
127.9320923
118.2514598
111.2614729
112.1483027
91.09835495
127.8669011
94.01940224
108.4462653
117.2083727
94.78997328
119.0716387
88.7252807
129.4563864
125.0019463
95.84005297
115.8637301
93.11049572
126.2854983
112.2726113
82.80971258
95.10294438
107.5391386
118.8661995
97.99556263
90.02411965
110.4389489
113.4265214
103.5909737
94.19472958
85.57280102
79.47804647
134.8283159
134.7214582
128.6250039
121.6277834
102.5078495
118.1508638
122.3117008
111.2670738
98.23299205
80.44534083
116.1777088
104.8637359
87.49989643
71.1384366
61.42586428
104.1606213
122.4193564
121.0738272
89.12410066
81.23032503
80.21341333
95.42367733
111.9727476
96.36483273
119.3888989
107.2801108
130.5939155
116.979862
94.75734372
124.1540362
137.2847567
137.1917797
106.6551695
86.29318274
114.5663483
119.0696241
129.0489362
117.8415995
92.82856008
110.1853571
101.5117048
117.2195788
95.05374197
90.03227827
93.09035512
100.469051
97.64056932
84.90775244
90.64656393
131.4253322
102.85043
117.481731
105.5254617
102.1535978
102.6753813
123.1910649
119.0424821
116.9168907
108.0559797
114.2665178
128.4742816
130.0111464
124.8625034
117.3033263
101.3922109
106.5841661
110.0428025
100.9594876
83.96328641
74.77992539
89.44859789
91.97374725
96.55292759
89.13120245
96.11311049
86.39702804
102.1081438
112.0194731
106.0311137
101.0917089
86.49777984
86.03002895
83.01606698
91.29678449
99.97270428
102.5035638
125.0981144
98.38340571
95.27251426
97.97476783
115.3579725
130.6337239
119.0156551
94.6489294
78.37936754
93.73737667
108.6598329
105.4577693
95.25702124
80.04126935
87.42732745
94.27836223
74.86122891
74.99647662
89.247491
81.14170393
83.60479103
85.92243882
83.74171168
108.8340488
104.6775141
116.6225129
120.1135951
101.6792979
107.2123081
116.2498522
103.9108421
102.5920214
93.89640602
103.3740098
95.70295797
93.74578517
94.96501384
84.64384153
73.59791202
62.98717354
56.88977998
56.41278554
60.61456464
69.63665237
73.84784692
67.9913223
72.83711857
70.31211389
78.95814248
78.85074205
73.85835112
79.68912443
73.69948961
58.95409538
72.56401603
71.10233258
53.36526957
46.19622625
40.00030711
86.64529751
92.22825866
69.85273107
63.6705024
49.92033223
93.20108842
103.2027386
106.7143421
78.13055484
70.31670253
70.93845829
68.59994959
74.54256327
95.78061445
86.88758517
86.78516653
79.33687425
61.27217353
77.43060205
85.92492331
75.20739216
80.75979833
67.46545891
79.5368392
91.60305113
98.51784273
90.74797964
77.55506467
83.82034301
93.53641069
82.44375406
66.49683447
61.62365021
66.42155475
79.93717147
85.13007287
82.63052268
84.64234841
78.63209956
68.60074591
18.05892339
16.24421403
16.42321245
18.30896188
21.05213962
21.96921384
20.45828232
21.42488244
21.28828208
23.31878408
23.96008192
22.23150609
22.97667677
20.99153058
16.83335011
22.67947586
21.97039028
16.8015829
13.22822914
10.41481393
26.95306556
29.48027341
25.95328177
20.45952969
14.69817088
29.98136218
38.51732212
51.06407868
32.09436469
24.27423896
23.46596366
24.1583617
28.08949645
31.43950491
28.42064409
29.75536269
30.28030954
23.13995943
25.6338923
27.19693033
33.39477137
44.98770774
30.22675456
27.38398566
28.58912757
34.15293936
32.67341797
25.58677617
26.22722745
28.60677904
26.30248784
21.86817244
19.84771778
21.02635208
24.16695549
28.55805699
29.39533365
30.70767766
28.07641796
24.47270879
3.571820042
3.269895322
3.319808741
3.682420039
4.141431356
4.312582418
4.086721541
4.208196479
4.244366482
4.544876708
4.741959755
4.448205264
4.452187131
4.041246522
3.325970716
4.64178899
4.492973896
3.581260707
2.718388795
2.066335726
5.530515586
6.262909731
6.023134809
4.459878241
3.106841793
6.350462701
8.825858834
12.23940963
7.744873955
5.422390393
5.15641186
5.649120009
6.628668602
6.678485484
5.952229333
6.567051223
7.08202446
5.516959447
5.482789507
5.588228502
8.237260111
11.23333435
7.575574385
6.048863663
5.876859371
7.475490575
7.387888115
5.700292093
5.45262443
5.745361657
5.627684141
4.876700947
4.390749745
4.474264086
4.890132852
6.278011791
6.64399676
6.920447285
6.32501609
5.574727118
0.5645859423
0.5265314004
0.5343764173
0.5842533154
0.6423793954
0.6703591601
0.6441213003
0.655948543
0.6657946598
0.7007121039
0.7394994036
0.7019332249
0.6873155511
0.6217628751
0.5254052594
0.7459862666
0.726152498
0.6005386501
0.4511492871
0.3400072062
0.8953979054
1.041193759
1.048580154
0.7633536849
0.5291220901
1.052632037
1.51195852
2.07292159
1.36837977
0.9373002434
0.8859807279
1.011655521
1.173236325
1.109005385
0.9748091221
1.12093838
1.24052029
0.9931827157
0.9179254891
0.9031385212
1.461742734
1.936672968
1.362326505
1.031422833
0.9529774867
1.255137818
1.26453718
0.987303392
0.8965500223
0.9124963518
0.9470058062
0.8494919518
0.7633950318
0.7514787795
0.7879028642
1.073810724
1.146269727
1.184052119
1.089873505
0.975611956
0.07674671782
0.07268306638
0.07363011554
0.07926870805
0.08548351218
0.08953227044
0.08689137393
0.08783628494
0.08927393646
0.09274894658
0.09886623268
0.09476745368
0.09145816047
0.08261722321
0.07139269459
0.1023511887
0.1004995939
0.08558433579
0.06447455471
0.04879472618
0.1240089049
0.1467222015
0.1511639931
0.1106232095
0.07736901975
0.148119863
0.2143632216
0.2857956638
0.1980000269
0.1364319645
0.1288729462
0.1508264622
0.1718215473
0.1565464173
0.1361780663
0.1611092625
0.1800565015
0.1481897063
0.1308402435
0.1249785745
0.2110746306
0.269886027
0.1989261302
0.148055975
0.1322830058
0.1771267808
0.1803600097
0.1437401164
0.1261591542
0.1245356896
0.1355111045
0.1248068091
0.1123343433
0.1077089177
0.1093758809
0.1549494903
0.1653466166
0.1694287255
0.1574574128
0.1432338223
0.00936661918
0.008977055563
0.009073143908
0.009631448377
0.01022340088
0.01075107203
0.01050757595
0.01056719258
0.01072466846
0.01103348036
0.01187203431
0.01146821909
0.01096549172
0.009904888217
0.008714593453
0.01256742301
0.01245951522
0.01085496538
0.008257596623
0.006316402604
0.0153723939
0.01836780728
0.01911517742
0.01421080175
0.0101080493
0.01854436477
0.02666576654
0.03444673104
0.02499025019
0.01756264874
0.0166262688
0.01971781362
0.02205133697
0.01968986529
0.01701951535
0.02048240526
0.02294007313
0.01936289409
0.01663644275
0.01551908188
0.02652016871
0.03279670483
0.02523657841
0.01880832541
0.01645421766
0.02212840779
0.02265998045
0.01846700413
0.01588461474
0.0152919698
0.0172604453
0.0162147949
0.01464735051
0.0137850258
0.01366948577
0.01978612281
0.02102951326
0.02141348689
0.02009977121
0.01856043299
0.001160543679
0.001122979413
0.001132104656
0.001186280031
0.001242171364
0.001311908201
0.001288927621
0.001290949278
0.001306046757
0.001332830175
0.001448153343
0.001408069781
0.001338384648
0.001210225626
0.001081094475
0.001564892589
0.001567193205
0.001391634638
0.001074282317
0.0008344187848
0.001931855475
0.002318147015
0.002420125075
0.001839589975
0.001339179074
0.002343974138
0.003318938243
0.004149040884
0.003146923004
0.002275613524
0.002163122406
0.002580387781
0.002833445063
0.002504367496
0.002159160491
0.002619650682
0.002929103399
0.002532067352
0.002142505104
0.001960662246
0.003320306452
0.003981186392
0.003188838446
0.002405618159
0.002078618205
0.002782849037
0.002858206258
0.00238376383
0.002028827752
0.001913306473
0.002222215625
0.002121072005
0.001926179923
0.001789304214
0.001742306871
0.00254248514
0.002687460231
0.002723710562
0.00258270602
0.002419227418
135.4732519
129.8370653
119.9837507
113.7707044
96.05664178
119.036225
106.2327251
106.2839679
114.6811826
99.15296393
129.3913871
130.0201283
116.5848611
114.1056448
99.02500001
101.9422077
114.9139782
127.9857067
105.3691733
126.4234416
104.6254516
139.4166059
139.0032131
96.76665012
118.9318576
136.7945216
161.7780739
139.6274129
95.91792536
125.3024627
128.6537702
152.2162081
137.1146765
99.36241512
120.2555918
125.2091372
122.020197
122.4852491
96.99040243
127.0330779
120.00968
116.5686723
99.37505201
113.2952511
176.6226726
135.4405249
119.8701471
122.1186071
112.101802
130.4218352
112.0286049
122.1672783
146.3804429
138.7428598
107.5995545
134.7808984
144.2425461
141.9924155
130.3189689
106.058647
111.9359933
109.4217303
110.0751831
109.6782711
96.69604229
124.4395546
117.3882252
126.6235576
123.7292106
125.6378491
103.8061889
112.1629392
121.8781016
110.8058298
125.4442485
105.7887964
123.2843332
131.5659171
98.69549888
115.0125409
115.7272854
124.8706988
125.2527473
80.74286526
85.05445737
126.4957439
142.7675863
109.8797215
80.80358838
103.254357
132.8109193
148.7894995
117.0947478
96.75769835
87.96363527
110.47844
128.7386902
120.5627114
86.24987008
82.62264123
104.4278356
101.2516942
91.82085706
103.8486696
107.4358949
120.556667
118.1522795
102.0114988
87.5390952
83.47756152
123.9281011
123.8814755
131.6037438
121.9260454
91.2814868
112.9619837
106.5322443
101.0582072
92.43234946
76.79692973
121.2892805
120.0843002
108.6489675
93.87610771
77.62101977
118.0781039
121.0515377
135.5974822
127.2432073
105.6273014
105.7528512
111.8465105
109.0187326
96.62480631
110.0428502
99.0476764
106.4391866
119.2268355
84.13852538
87.34076869
105.9109784
130.0023684
132.3290262
89.97046639
107.0185737
130.8688894
147.9358146
130.1632837
84.52199104
93.1262698
130.8479103
148.2746232
129.5808213
95.74977892
103.7199692
127.6732076
126.4711329
123.0164556
97.60168679
117.9718573
128.3589251
122.0305741
104.1418223
118.2664212
136.3343128
122.7632812
120.3523643
115.589898
107.9273572
114.0655398
111.6593205
121.4824991
116.9188866
114.5743854
91.0403783
103.2630612
96.98523239
92.53564759
90.57891207
76.41935334
126.1810125
131.6504272
126.7660256
117.6633882
96.9447453
123.1989771
127.1535712
140.8175232
129.9261718
98.84390569
106.4528901
104.719103
117.5854011
92.17944386
85.54280868
110.6577804
102.4218897
121.7251068
95.92840518
116.4915498
112.9584728
112.3668545
127.0165235
101.5219036
134.3311561
117.9026317
117.8796756
121.8502538
107.8445735
145.5957833
135.9744686
135.8252378
111.9895107
97.81225551
90.74271723
114.678857
122.981953
111.9744358
92.79730339
121.7996366
101.9657702
98.93242593
83.45134885
91.69431908
126.0306533
101.9963915
115.8333676
106.8709144
108.9753057
101.9275928
112.6750328
124.1005904
112.7543964
109.8184848
85.8022756
122.9563095
122.2888112
103.2257437
85.67195599
68.45417177
120.8506648
131.4418345
128.751823
121.8640042
102.4047676
120.470018
115.8071165
119.1499419
119.464529
102.473251
117.1104646
112.4760158
117.7021125
99.27292919
107.3385105
100.135796
106.6338959
124.5341189
104.2025634
132.2173156
99.35607211
120.4638048
123.834796
108.4496239
136.0292772
135.3383905
133.4083834
108.3002111
108.3509766
108.0760505
144.0630114
120.9549192
102.041511
76.93530324
75.20325443
114.2540124
103.2403403
86.19234131
77.77111817
114.0199987
123.5683489
120.5676036
92.31660956
83.1520238
116.2620186
119.9961281
111.9741016
113.5844295
107.6343963
122.245015
106.3724666
102.2932142
104.2798285
110.723657
92.10268694
114.8671469
125.1169403
120.7800365
111.5540026
91.56995294
133.7496417
139.6807488
137.8010394
132.004247
113.7131521
115.1109851
114.6398533
120.5717863
117.5989991
117.7401345
119.4911982
125.9421388
104.6159064
82.99300812
79.05516393
102.0680915
127.7888226
125.8761137
104.7649292
130.2719805
87.37275558
101.2789469
97.87950682
117.0542383
145.1407854
139.8631841
136.7852977
98.7600066
115.0848922
135.9467712
151.7559628
142.6514265
100.3782383
83.98030861
113.0456043
137.0319917
139.1831582
116.5751091
88.94171063
109.829584
116.5609584
137.2856864
126.0115061
86.60408744
89.76001714
113.6817991
112.8078013
122.6069678
108.9208409
122.9215125
119.1627331
111.8607583
111.724606
115.0355756
95.01511101
125.4154421
128.1016679
132.9713117
124.6730089
101.6567014
149.4104409
150.3929285
153.2676391
143.7773114
119.7278874
123.8565859
116.0719015
117.1642108
119.9173459
106.0368227
133.1499734
139.8789337
114.5958215
99.17510012
79.11312357
106.0648764
134.697588
120.7101948
98.30106331
122.2446858
89.94319336
118.1352054
91.29480053
86.16310625
119.4413755
108.8217369
130.0917589
95.54780086
88.52901522
127.5322584
108.4234553
128.5908367
115.0395606
90.38632743
119.3083179
121.7855991
111.2408838
103.8085045
94.00834688
86.77042076
118.4742594
130.881066
130.7594283
99.77312146
111.7204644
129.1679556
122.8809758
127.5296067
107.3177764
116.2382745
125.9844812
125.8175953
118.0131171
112.3237302
90.52504884
124.494977
117.1069846
106.8457318
93.68610881
76.48903655
132.7506993
134.7221601
131.8692851
125.955066
109.7870291
130.7658872
127.4038948
128.2491089
117.6456338
119.808022
125.2570723
132.6294423
121.000271
87.89783556
76.40519139
121.7905831
112.7339604
94.22905411
80.49439419
105.2625832
110.7732516
124.9274558
102.571033
75.66257319
76.60941334
120.5807623
132.3104234
119.1076428
88.11350222
114.3517159
104.9581077
106.454217
119.764148
89.57058472
114.0220044
114.5586302
94.49145687
104.9626114
82.68538433
81.20713321
109.9240171
103.1042402
116.88546
92.73944011
101.1540446
132.8910354
114.0733811
116.2048226
88.87979277
74.3067278
117.9161912
113.6894366
121.4683898
113.3263267
88.41249325
120.5857497
125.8723731
119.6662921
107.5528682
87.4811412
94.31635655
90.93892093
93.01827116
93.07309832
86.32226941
117.1155473
110.1388661
112.1263795
101.6254543
104.1845782
120.7490617
123.4917789
113.8829008
88.32223435
93.36846046
105.858608
112.6224853
103.5931668
87.13119097
98.40956105
92.20713627
100.7031267
94.62806925
95.44551772
77.62642488
95.32920699
96.16740818
104.0365191
89.69492694
99.46506511
111.3090898
107.1215488
119.0703551
90.96549532
100.0264381
105.2714655
86.18601483
87.19623547
98.50453432
117.6186361
101.8741439
101.2324901
97.78442687
86.04029628
72.25170185
117.8915679
104.7452578
90.80638085
83.53732734
67.51338273
110.369535
99.54805489
99.04987086
91.0113063
85.86024926
98.20375655
100.0420057
98.34219676
84.76425586
73.33482968
88.51406882
88.5946497
85.51460347
80.73880194
80.76235092
94.94657928
96.57483898
108.6838976
92.95505095
76.72220161
100.295853
90.3695491
91.57702951
76.2221943
80.85194477
99.41569624
96.13387272
93.73277762
85.2007683
88.38964281
84.12159029
74.7022725
76.50514008
72.9456982
75.81259532
88.90941734
79.25892795
76.99951381
93.28942288
88.16744578
87.86899318
73.9900491
81.10422663
77.25120247
62.31044443
72.88519693
70.10247521
60.46831071
73.83832615
81.15129146
76.65279195
73.24195716
53.15088084
46.85477924
41.32794063
68.88927943
59.57347974
55.36034775
67.99433546
69.04846205
74.21263486
73.39668004
69.86576245
70.30434233
62.97886368
75.04526783
76.27950834
78.89692215
76.10801104
77.87677381
34.83004311
41.63303427
46.13531104
39.16702283
33.78974698
29.91144165
32.854833
37.7504862
32.18796091
25.82531974
30.36503166
28.02654295
28.52137219
24.67809468
25.08900843
30.46456218
29.24777098
28.71563442
26.6985909
27.23175631
26.0104976
23.08982586
23.37934208
22.54723109
23.84783197
27.22077951
24.23069214
23.55402034
28.51408426
27.05284276
26.10341268
22.19626642
23.48984029
23.3015184
18.66707851
21.79306959
21.05260142
18.32193215
21.56546255
23.07133485
22.3295072
21.01158253
15.22494464
13.49615803
12.30406292
19.8363532
17.25762328
16.42439112
20.14474463
21.23287846
21.83203857
21.52939618
20.75615853
20.97439032
19.26580269
22.11344175
22.68427481
23.56283727
23.58835557
24.34091548
8.1524506
10.1569082
11.43238723
9.882730056
8.380859406
6.322924233
7.234106064
8.210817736
7.099843319
5.76774383
6.082114298
5.802276066
5.873246077
5.208528637
5.132655171
6.052966923
5.83695672
5.737011822
5.406294659
5.463346508
5.229844529
4.727217846
4.721886758
4.61429199
4.846948015
5.399994064
4.866628214
4.772683052
5.609362822
5.398327558
5.132010761
4.463662115
4.598382546
4.61121649
3.80882214
4.36036567
4.17562936
3.713087003
4.202610238
4.42626031
4.340867574
4.047580813
3.048242386
2.724613844
2.533117917
3.933864268
3.463123162
3.326038556
3.942103894
4.19454163
4.321308538
4.225839
4.120615092
4.154661264
3.914627183
4.340307425
4.463586881
4.639269976
4.726535943
4.86717132
1.412151432
1.760848739
1.972078229
1.762220547
1.523475328
1.055303709
1.22703909
1.367251191
1.204589232
1.0020582
0.9654232112
0.9464746677
0.9527151508
0.8593027849
0.8299766917
0.9459171213
0.9184859838
0.9026450837
0.8585459359
0.8618252254
0.8263260797
0.7605835699
0.7527372579
0.7424100692
0.7721040825
0.8418505408
0.7698216422
0.7604072342
0.8673513305
0.8456774259
0.7978227832
0.7088587793
0.7166825785
0.7199316962
0.615156686
0.6888557135
0.6548201768
0.59335606
0.6501410044
0.6770006261
0.6708057552
0.6219578056
0.4882305981
0.440312114
0.4145702742
0.6217133581
0.5539313623
0.5339643908
0.6109520611
0.6499366647
0.6775269621
0.6587578193
0.6470540301
0.6513045293
0.6257743873
0.6756463607
0.693938088
0.7209459818
0.740968903
0.7610582255
0.2016499784
0.2484356906
0.276032091
0.2544990724
0.2261522822
0.1498756299
0.1747078425
0.1914346002
0.1719102819
0.1467486298
0.1316419769
0.1316935154
0.1320007206
0.1205548257
0.1150729853
0.1266345762
0.1238260782
0.1216596419
0.1164910719
0.11632748
0.111642034
0.1043552139
0.1027196429
0.1018819961
0.1050039051
0.1123460158
0.1041640433
0.1033751672
0.1149316919
0.1132101601
0.1063879013
0.09623467457
0.0960675704
0.09635836171
0.08485609269
0.09307800032
0.08808328764
0.08098520774
0.08648455168
0.08924731729
0.0892515474
0.08248877481
0.06715796613
0.06109208915
0.05802343092
0.08432113646
0.07594938424
0.07331689412
0.08137750226
0.08618302734
0.09104231112
0.0882545343
0.087065217
0.08757143287
0.08533344728
0.09033365362
0.09251102524
0.09599488338
0.09906784925
0.1015545963
0.02522847516
0.0305965297
0.03375169437
0.03195482564
0.02917072
0.01892996798
0.02197141389
0.02375586508
0.02171945864
0.01900366298
0.01612513379
0.01636401984
0.01635624182
0.01508662922
0.01431337872
0.01522404612
0.01498106563
0.01471790812
0.01416165659
0.0140831578
0.01351807004
0.01279603936
0.01256042942
0.01249617021
0.01278365892
0.01345446633
0.01262836864
0.01256715908
0.01368181384
0.01357878161
0.01273838026
0.01169336392
0.01157448341
0.01158001432
0.01045808182
0.01126431949
0.01063749166
0.009887456857
0.01034822566
0.01059934274
0.01069157244
0.009868062882
0.008280982014
0.007593329325
0.007257576512
0.01025450474
0.009324485747
0.009005552396
0.009749321383
0.01025921508
0.01097172437
0.01062423566
0.01050772782
0.01056656177
0.0103997244
0.01084888697
0.01107329343
0.01146884835
0.01185352778
0.01213322499
0.003158594919
0.003764890937
0.004127355259
0.003999131871
0.003744248733
0.00241170443
0.002776572671
0.002970327963
0.002763731739
0.002476855101
0.002007409803
0.002058489901
0.002054121452
0.001911708906
0.001809814301
0.001859397913
0.001840461444
0.001808513388
0.001746882654
0.001731115999
0.001660312557
0.001588906372
0.001557935787
0.001552148341
0.001577815194
0.001635419585
0.001552331689
0.001547042771
0.00165403149
0.001650846245
0.001548068883
0.001439386015
0.001416439063
0.001413045634
0.001304401524
0.001381737179
0.00130431681
0.001222862754
0.00125851816
0.001280448246
0.001302781562
0.001202518472
0.001035952585
0.0009572802006
0.0009195997573
0.001264737613
0.001160150728
0.001120554466
0.001187310666
0.001239872078
0.001341012119
0.001298771145
0.001286492152
0.001293668224
0.001282658535
0.001322599985
0.001345229756
0.001389733305
0.001436120366
0.00146810105
151.1699262
164.4680686
175.4388462
164.2394555
134.3123914
107.2570064
122.5502756
146.2180931
141.6372938
109.6322428
117.2751281
111.0249182
103.9193664
99.08219341
109.9135049
116.8545911
146.3115092
142.7961031
120.6519393
99.60641649
101.9922025
143.2022563
146.0245026
115.5858755
134.7875309
125.1168716
121.3824509
136.2446361
136.0991084
152.4588633
164.785152
157.7858974
134.2580624
110.2475544
136.7661633
179.5662902
150.1980125
106.7643702
86.09849109
109.915601
156.0729446
126.7152
126.8920348
114.3901088
98.77340878
118.7177765
109.1514077
119.8579834
114.0946503
129.3844076
126.8459957
119.5004051
119.1767363
121.7897581
100.7318189
144.5811643
147.6743219
140.450574
132.4190664
110.3753063
133.5148049
143.6288041
148.0783783
149.1660541
125.4293913
116.2623133
135.1137955
136.824485
129.9121213
98.92416245
120.9068403
132.5242998
122.6342991
94.12530653
86.06738506
123.8244855
134.2451159
108.3375316
94.47349615
107.7893267
106.6974901
135.307104
120.866759
97.35786369
128.1204878
103.5252949
101.0046319
91.40481146
96.42083725
123.5316653
119.0810672
124.4368064
106.8042658
108.0970143
122.6922455
141.2349299
127.2979637
111.4619534
80.49944007
86.68705689
129.7737302
130.0392654
107.6672025
93.16039356
114.585709
126.7997188
126.3096513
111.0318024
105.9139402
130.0866657
134.8869899
132.6774902
135.9190832
130.7353306
104.9581864
136.991705
141.4663454
136.3344051
128.7950888
107.4190134
108.7628216
102.3809997
97.34443207
89.99380476
76.16620644
122.0573886
120.4853134
130.6201398
119.5832438
93.6529091
127.7427883
108.6040899
113.316461
102.9114789
114.0319773
164.4300858
116.6107667
89.51854145
94.12689953
97.94026957
154.6718957
143.3607672
99.71969011
85.99466381
113.1879456
145.7236257
134.5421423
98.32509296
89.63379264
79.64856375
130.7365621
122.0355136
110.8252039
88.12315852
85.12700499
114.12932
135.0259001
123.8972152
89.55942098
108.4470015
120.770171
139.3800194
130.5016457
98.66848367
119.3351433
139.7001811
128.3679467
125.1473877
111.8168174
132.0438194
128.0926593
120.9545403
118.81391
120.065719
99.47474322
119.9659196
128.4343924
125.0490091
119.0059149
99.54526574
121.8046411
123.3307471
111.5045659
97.64387436
79.83009333
113.1808507
108.2103932
113.4350191
100.3321297
88.72398085
121.1955991
97.09311806
90.57910638
92.95532279
124.1625769
111.982831
90.07842548
80.54538262
85.32582473
119.6709273
130.380565
134.7289737
115.4444907
85.01589582
107.3213933
120.9107583
132.6398059
110.4094629
78.83392947
75.83539212
111.8449799
124.1987846
103.6042326
104.0468133
117.4341684
117.0546561
129.3254569
100.2443865
87.2276895
110.5965389
135.8823062
127.0869401
120.3729769
85.65566045
90.0334479
131.0606637
117.9225995
119.725466
106.4006068
123.2542692
112.8066365
118.9186381
118.2024667
117.9115336
96.59152772
109.3806507
111.9782072
111.339787
109.700422
92.77952686
112.7288082
115.9791584
104.1815192
91.41869319
78.27424061
117.7439552
115.0161104
110.5249034
118.0720411
124.7970026
110.7181621
124.6214904
120.0709506
110.2545561
137.3492443
100.2127252
98.64924569
113.5163786
103.9213888
132.1815211
92.56535957
97.4547126
108.0595365
78.77341976
88.05140273
118.7704916
93.99829754
80.96130274
77.24479778
106.4638048
135.9047805
114.1717033
101.8403622
92.45803262
122.2267046
132.9986563
132.0743407
105.4114359
97.80103015
98.81436114
122.7428575
132.5900697
118.9032306
93.53964281
112.1278031
118.2168028
103.0172891
97.29198542
92.6208265
112.1050508
107.6963374
111.8504674
123.175607
117.5966614
92.70482339
116.8642379
119.1253167
107.5027567
92.3396775
75.15547573
103.8642617
105.9118928
108.912168
108.3779225
92.72322594
121.634087
118.3274382
100.1935684
90.36722597
82.95053577
118.3551444
121.6526383
99.95715639
93.76555484
117.9205604
87.36773727
96.8414954
118.0219338
124.6316276
146.3575486
98.64830261
114.0399727
114.1094409
96.79640413
122.4120868
125.3081588
101.7496438
82.94782142
96.78244485
122.6861397
129.3543178
123.9598694
94.44186967
86.27305652
124.517194
103.8535177
113.0457001
110.5735721
92.28089167
117.9046795
95.86283315
118.6058733
102.4376948
82.57723526
106.4422599
94.25137979
99.70036113
100.3495979
80.39689949
78.44678628
96.75266407
109.6162863
110.8191127
105.0283492
80.45453987
103.7182966
105.0071821
105.7701654
106.0504005
90.15950553
116.45432
123.4806171
134.5242986
127.8911358
105.0991876
126.1685836
118.3216283
123.8546087
115.3894137
88.77777727
95.50488058
82.07167475
77.20579288
73.29830216
79.76389067
89.28027995
78.49918624
80.86536348
89.76796504
117.4885217
99.67833237
114.6865513
90.9693241
81.23682063
116.3031246
109.6733061
122.7445334
87.85019104
70.54473066
84.61972757
107.1570196
137.9571704
116.0202954
89.65762357
110.2982112
101.8936709
136.2001861
127.3957963
95.4383614
110.7965056
103.9155004
136.1030759
123.7931277
83.72998128
83.62627621
101.8046311
116.1907008
104.1753264
87.47403065
93.01665007
100.1616282
104.9056337
107.5937128
91.52731323
71.74958005
102.2038072
103.0506559
107.078346
109.5583381
95.08522826
126.8687815
133.1438583
130.0020938
122.2610671
102.0658702
117.6776464
115.6626888
114.7131244
112.0279123
93.95709066
93.52699401
90.0496254
103.5261044
95.83682704
106.1993684
119.3647732
107.0636522
117.7892686
106.6296188
96.39448936
110.128627
132.1819979
124.0139691
96.53674451
112.6233315
126.5723795
138.559484
117.5161143
87.39330118
103.773107
122.0039786
135.7166869
104.3649291
98.94170404
86.52637067
99.58327192
124.3454127
106.2294516
98.32543293
85.21519561
109.4479845
128.0779806
123.143361
100.5458548
106.0727294
122.6090812
121.8887922
122.1668627
106.5534434
83.54482967
109.9837363
121.2947588
116.7855616
108.065112
85.38614255
118.567601
124.4003988
121.3050111
118.6152584
103.8912589
115.9934757
119.1407253
109.2100442
98.96907219
87.23811783
108.369213
121.5998781
110.1023248
92.2711113
89.75378492
98.57093053
92.46467426
93.2466644
81.80413279
96.09522929
121.8982427
114.2443919
105.0894799
86.58832217
87.18658901
110.9970457
119.7863823
112.514614
96.54722531
90.64372838
107.6923121
114.3091366
105.2106935
86.69842267
98.3510779
99.22601982
101.5775886
87.60185974
93.37743691
96.50103102
95.77555033
94.11884513
88.45039811
78.89513843
84.44257403
100.2065846
103.8469709
90.13557849
95.73365218
108.0423433
100.1390074
98.24877112
85.00905652
72.42671941
60.99185849
107.6642643
106.2156237
101.8153177
91.79429224
87.89789314
116.350841
121.2598128
119.0891399
110.9316546
106.7729541
63.16826734
67.85416361
73.26917178
73.37091808
77.12886461
55.6736214
50.56210333
46.69531904
42.54618862
44.3415498
54.87049224
45.28395101
41.88297908
46.93989791
64.19638986
68.22317955
71.21124972
59.81345664
63.54336233
60.09077692
84.0371365
82.41079264
72.77954465
88.07376402
105.4681565
70.63908495
66.7371987
79.55867034
84.99806968
91.82427707
78.64808991
67.31399096
76.91482942
80.7338627
82.01622367
61.8427748
73.23398964
72.37482956
56.68234068
54.02966849
61.90991511
72.55611207
69.02542675
86.08696305
106.2344248
57.17463403
64.25743043
72.11618484
70.10657534
55.34539724
63.41431374
79.12195828
76.5875482
71.42192344
57.98677902
87.73885484
100.2646196
91.08732411
81.73553488
71.82265761
18.03269806
19.02907315
20.83485238
21.6889309
23.0901185
15.52186763
13.06801128
12.06792934
11.56100197
12.18592148
15.55326534
12.46017843
11.34519431
13.43955799
17.99515586
19.18413219
19.7547348
17.06315159
18.77402894
18.236675
24.54876219
23.64006379
21.64474036
27.08582156
32.88146311
21.15337213
19.58505634
23.69986092
26.53901009
28.58502011
23.39859526
20.26680665
23.47239153
24.61446634
24.94406039
18.48242232
21.7252789
21.76776522
17.66066713
16.48200961
18.12768595
21.12867009
21.34804344
26.30378033
31.92321042
16.74070573
19.10853926
21.88397834
21.78150381
18.10227666
18.54883822
23.03467245
22.8773301
21.28255925
17.50119635
25.42920723
28.69197353
26.70791624
24.04355878
21.36503202
3.584451634
3.701537536
4.015148652
4.246633142
4.505349416
3.063314057
2.522911701
2.321684244
2.279475409
2.39515526
3.079141577
2.464110187
2.24875832
2.66165335
3.416819889
3.752872118
3.766642412
3.37190549
3.712317046
3.707348135
4.772244653
4.573916242
4.351802616
5.405351642
6.501223922
4.269388105
3.95697697
4.69964419
5.340013984
5.754174424
4.601507235
4.102593839
4.675632475
4.906250259
4.975098604
3.739735354
4.273083705
4.315543828
3.661775292
3.420174335
3.624637047
4.144713055
4.341830961
5.222933341
6.188914776
3.383227267
3.836259292
4.350837946
4.372502282
3.811484549
3.720193334
4.479402368
4.522269773
4.21185671
3.57438874
4.898264259
5.429621648
5.17818649
4.72104081
4.281258087
0.5687110431
0.5771251184
0.6178204648
0.6564390693
0.6923904227
0.486434031
0.4002031131
0.367476979
0.3646712356
0.3805354843
0.4888392038
0.394619285
0.3623697805
0.4212871177
0.5190156854
0.5881932323
0.5774863671
0.5326286745
0.5828732375
0.5941282844
0.7358527907
0.7053188497
0.6919957389
0.846275098
1.003715637
0.6804871637
0.6353868158
0.737949801
0.8413203459
0.9068605415
0.7156626529
0.6554704029
0.7331368553
0.7697258331
0.7816813194
0.5985136849
0.6658494264
0.676132724
0.5965068125
0.561167105
0.5759450126
0.6470990056
0.6922638232
0.8143616967
0.94326104
0.5434676998
0.6096386255
0.6818869169
0.6891145779
0.6236271624
0.5922179647
0.6921399218
0.7051922891
0.6602465613
0.5775353296
0.7486156071
0.8173079331
0.7937710003
0.73457625
0.6787829642
0.07740654358
0.07754044512
0.08195439747
0.08696388532
0.09119334852
0.06653628451
0.05514738321
0.05061882707
0.05040090987
0.05219708199
0.06680326856
0.0545863549
0.05043934242
0.05735311586
0.06816188001
0.07937249341
0.0766695936
0.07234392325
0.07863601748
0.08126019866
0.09754129322
0.09370781259
0.0940627887
0.113167568
0.1322936659
0.09263226198
0.08730862693
0.09940365413
0.1131283396
0.121895921
0.09551046775
0.08944535967
0.09841545582
0.1033463994
0.1051226941
0.08185638411
0.08914295282
0.09087669045
0.08275228885
0.07854487615
0.07843952519
0.08690773049
0.09403865706
0.1085389638
0.1232207725
0.07470060729
0.08291319273
0.09155558844
0.09288703231
0.08648428519
0.08068623267
0.0920033973
0.09417816431
0.08884615117
0.07974237875
0.0984507778
0.1061727657
0.1044672694
0.09808499554
0.09207763718
0.009440303974
0.009368281617
0.009789333089
0.0103429721
0.01078710799
0.008172392219
0.006846089036
0.006290227043
0.006260369821
0.006436852023
0.008198229872
0.006787163577
0.006305092269
0.007013901489
0.008085675272
0.009624820016
0.009194084243
0.00882280121
0.009530903353
0.009933272564
0.01162899839
0.0112099373
0.01143868386
0.01355256796
0.0156271796
0.01127409502
0.01073019649
0.01201744854
0.01361765589
0.01465709602
0.01144877214
0.01091553256
0.01185116631
0.01244269425
0.01267586032
0.01001154348
0.01072890175
0.01096967254
0.01024414721
0.00981054514
0.009572388292
0.01049292998
0.01141389764
0.01296453236
0.01446632643
0.009184026773
0.01009876444
0.01103090974
0.0112250624
0.01067745299
0.009840116703
0.01100117398
0.0112849238
0.01073689858
0.009843429212
0.01165795695
0.012448525
0.01236263829
0.01175898669
0.0111829385
0.001166983996
0.001149833857
0.001188835254
0.001248255269
0.00129482972
0.001019261591
0.000864648541
0.0007960983857
0.0007902987826
0.0008068774302
0.001021903283
0.0008579074197
0.0008006739934
0.0008717499555
0.0009779096706
0.001185396669
0.00112395716
0.001092681457
0.001173380778
0.001229009627
0.001408677399
0.001363685891
0.001408456826
0.001644009552
0.001870184871
0.001388739692
0.001335219216
0.001474426591
0.00166059205
0.001784016187
0.001393244077
0.001348898245
0.001448194459
0.001519665232
0.0015503251
0.001239823294
0.00131229014
0.001344929661
0.001283035397
0.001239784924
0.001184411398
0.001287080445
0.001401912523
0.001569487064
0.001724010038
0.001143555855
0.001246743176
0.001348878863
0.001376184629
0.001331626162
0.001215822861
0.001336712265
0.001372152553
0.001317589071
0.001230541365
0.001403605785
0.001485978447
0.001486115791
0.001430571951
0.001375966262
)
;

boundaryField
{
    walls
    {
        type            calculated;
        value           uniform 0;
    }
    inlet
    {
        type            calculated;
        value           uniform 0;
    }
    outlet
    {
        type            calculated;
        value           uniform 0;
    }
}


// ************************************************************************* //
