/*--------------------------------*- C++ -*----------------------------------*\
  =========                 |
  \\      /  F ield         | OpenFOAM: The Open Source CFD Toolbox
   \\    /   O peration     | Website:  https://openfoam.org
    \\  /    A nd           | Version:  7
     \\/     M anipulation  |
\*---------------------------------------------------------------------------*/
FoamFile
{
    version     2.0;
    format      ascii;
    class       volScalarField;
    location    "2";
    object      H;
}
// * * * * * * * * * * * * * * * * * * * * * * * * * * * * * * * * * * * * * //

dimensions      [0 0 0 0 0 0 0];

internalField   nonuniform List<scalar> 
6144
(
0
0
0
0
0
0
0
0
0
0
4.171393664e-37
1.18112238e-36
0
0
0
0
0
0
0
0
0
0
1.900798826e-36
0
0
0
0
0
0
0
0
0
0
6.204940912e-36
0
0
0
0
0
0
0
0
0
0
2.116202747e-37
9.162688441e-36
2.773750323e-35
9.021615736e-36
0
0
0
0
0
0
0
0
2.712795671e-37
1.764682241e-35
1.822211427e-35
0
0
0
0
0
0
0
0
0
0
1.363731587e-37
1.645256337e-37
4.078045634e-37
0
0
0
0
0
0
3.835169772e-35
6.244454321e-36
1.179092003e-35
1.322468235e-35
1.422235356e-35
1.332471545e-35
0
0
0
0
1.080416326e-35
3.099707883e-35
1.220471544e-35
2.054673328e-35
8.884334201e-36
2.024786371e-35
3.315391081e-35
8.821178893e-36
0
0
0
3.307207659e-36
6.289076753e-36
0
1.810283144e-35
2.653655461e-35
2.52680512e-35
4.409183519e-35
1.437825176e-33
1.4685057e-35
2.484480403e-35
0
3.037045194e-35
4.465387781e-36
4.176548337e-36
2.982366815e-36
1.983770043e-35
2.356236184e-35
1.656364882e-35
1.107617706e-33
3.824227919e-32
1.95024433e-34
0
0
0
1.295781147e-35
6.941295752e-35
3.975865239e-35
2.580814318e-35
9.811429247e-36
0
2.095393787e-35
1.533738347e-34
8.813711442e-36
0
0
5.593827283e-36
9.61378551e-36
7.161853177e-35
0
9.259792182e-34
2.803969334e-35
8.644606286e-36
2.032302546e-36
0
0
0
0
0
0
0
0
0
4.744381832e-35
0
0
1.264412778e-33
3.542782539e-33
0
0
0
0
0
0
0
0
1.260363961e-33
0
6.497404931e-33
0
0
0
0
0
0
0
0
0
0
1.947371881e-32
0
0
0
0
0
0
0
0
0
0
6.394676276e-34
2.822859472e-32
8.455656142e-32
2.713512819e-32
0
0
0
0
0
0
0
0
8.124320487e-34
5.504846308e-32
5.623639064e-32
0
0
0
0
0
0
0
0
0
0
4.146668974e-34
4.753409211e-34
1.203921926e-33
0
0
0
0
0
0
1.084594884e-31
1.310228493e-32
8.029451287e-35
5.643155174e-34
9.25311714e-34
3.696874614e-34
0
0
0
0
3.444813997e-32
9.647410774e-32
1.616776499e-33
1.624828442e-34
0
1.944474078e-33
7.920833181e-32
9.124850163e-33
0
0
0
8.56500133e-33
1.502243206e-32
0
0
6.305505813e-34
1.277786385e-33
1.038008338e-31
4.165137503e-30
2.743859328e-32
7.365764624e-32
0
9.299217063e-32
6.980732753e-33
5.891634689e-33
3.035524969e-33
9.294695998e-34
7.819209978e-34
3.033633623e-32
3.070989659e-30
1.136419481e-28
5.40403547e-31
0
0
0
3.346590926e-32
2.051312741e-31
1.143682296e-31
4.798139363e-32
1.116743327e-32
0
4.714822443e-32
4.244482954e-31
1.712141748e-32
0
0
1.424067579e-32
2.386509667e-32
2.127859954e-31
0
2.465065994e-30
5.930650805e-32
1.121622675e-32
0
0
0
3.600506521e-27
0
0
0
4.728382151e-27
0
2.667744635e-28
1.850867893e-30
0
0
3.392846073e-30
1.036311009e-29
0
0
0
0
4.855448688e-27
3.823213546e-27
1.44228203e-28
0
1.093372967e-29
0
2.126721873e-29
0
0
0
0
0
0
0
0
0
0
5.994867843e-29
0
0
0
0
3.170015983e-27
0
0
0
5.373002575e-31
0
1.866867755e-30
8.612750253e-29
2.570717809e-28
8.220735469e-29
0
0
0
0
0
0
9.8193662e-30
0
2.346800262e-30
1.697903324e-28
1.721344223e-28
0
0
0
0
0
0
0
2.299031525e-28
0
0
1.275974716e-30
1.455907748e-30
3.723152684e-30
1.834626753e-29
1.210057039e-28
2.55635847e-28
0
1.514002034e-28
2.795569801e-28
3.243611217e-28
3.869551189e-29
0
6.71649934e-32
2.027994264e-30
7.356142549e-31
0
0
0
0
1.000673783e-28
2.887140797e-28
4.376054918e-30
2.213866697e-31
0
4.342063177e-30
2.210465264e-28
2.65601246e-29
0
0
0
3.470833897e-29
4.529030235e-29
0
0
0
2.295283018e-30
2.677386822e-28
1.147769728e-26
7.296930623e-29
2.295235548e-28
0
2.947258043e-28
2.060823507e-29
1.612518489e-29
8.58955268e-30
1.830389037e-30
1.582148417e-30
7.253432644e-29
8.191004355e-27
3.397435135e-25
1.602955364e-27
0
0
0
1.011573255e-28
6.167431085e-28
3.462019962e-28
1.160496805e-28
3.361847896e-29
0
1.36249259e-28
1.263120217e-27
6.275124237e-29
0
0
4.935915382e-29
7.122420624e-29
6.42877443e-28
0
6.428842456e-27
1.557776052e-28
3.210479355e-29
0
0
0
1.795028003e-24
1.12667664e-25
0
4.408004883e-25
2.027997094e-24
4.163551992e-25
8.134122536e-25
6.252113017e-27
0
0
8.993945563e-27
3.043514737e-26
0
2.111412617e-25
0
5.453490755e-25
3.397442936e-24
9.094719966e-25
4.303584695e-25
0
5.013062194e-26
0
6.690921199e-26
0
6.816426161e-26
1.934152122e-25
5.495054522e-25
0
6.235973206e-25
2.334956099e-25
0
0
0
1.804224091e-25
0
0
1.426565252e-25
5.959742393e-25
9.160675558e-25
0
3.099395557e-25
3.338285371e-25
4.466388052e-27
0
5.163758244e-27
2.569564527e-25
7.674307179e-25
2.463672047e-25
0
0
5.233705081e-25
3.224875508e-25
0
0
3.382995941e-26
0
6.62916249e-27
5.086224391e-25
5.116033919e-25
0
8.980907649e-25
0
5.275609084e-25
0
0
0
7.053960529e-25
0
0
3.83090759e-27
4.296059004e-27
1.066752923e-26
7.097676114e-26
4.07275373e-25
7.80329638e-25
0
4.448324251e-25
8.277553368e-25
9.741204571e-25
1.190201381e-25
0
1.675165878e-28
4.417827139e-27
1.897299021e-27
0
0
0
0
2.899594835e-25
8.539960036e-25
1.301805396e-26
9.935984125e-28
0
8.884968215e-27
5.039028324e-25
7.949913651e-26
0
0
0
1.148381474e-25
1.346289119e-25
0
0
0
3.740772119e-27
5.83577557e-25
2.970051288e-23
1.989107752e-25
7.005410221e-25
0
8.977123261e-25
5.978558601e-26
4.153303744e-26
2.279463824e-26
4.077025432e-27
3.870154955e-27
1.496116629e-25
2.09946024e-23
1.044900595e-21
4.879109119e-24
0
0
0
3.024703919e-25
1.829247431e-24
1.035830333e-24
2.746754748e-25
1.071346812e-25
0
4.041045717e-25
3.844333932e-24
2.340484307e-25
0
0
1.744206666e-25
2.120094861e-25
1.922848017e-24
0
1.615088925e-23
3.974564134e-25
9.597447272e-26
0
0
0
4.352381709e-21
2.51996354e-22
0
1.184836191e-21
5.816409667e-21
1.16645492e-21
2.474575623e-21
3.834322513e-23
0
0
2.476226649e-23
8.942093142e-23
0
5.871077095e-22
0
1.526299949e-21
9.964974447e-21
2.675291638e-21
1.3353111e-21
0
1.695223624e-22
0
1.994226997e-22
0
2.703233847e-22
5.214895216e-22
1.608013805e-21
0
1.776176248e-21
6.282295206e-22
9.246966909e-24
0
0
5.347881494e-22
0
0
3.471303211e-22
1.732376413e-21
2.694788884e-21
0
8.692637811e-22
9.538940567e-22
3.345954835e-23
0
1.366370473e-23
7.619331825e-22
2.282837879e-21
7.417200071e-22
0
0
1.526499005e-21
9.441457632e-22
0
0
6.461528335e-23
0
1.818990899e-23
1.498293722e-21
1.517596542e-21
0
2.745615739e-21
0
1.612802023e-21
0
0
0
2.694057829e-21
0
0
1.006775716e-23
1.181178243e-23
2.772264933e-23
2.747049447e-22
1.307032128e-21
2.432248337e-21
0
1.258474142e-21
2.508615054e-21
3.010186405e-21
3.84792175e-22
2.846054394e-24
4.232186912e-25
6.580322838e-24
4.535710058e-24
0
0
0
0
8.512780585e-22
2.573971214e-21
8.874093344e-23
4.154063945e-24
0
1.189075194e-23
8.913397283e-22
2.375523291e-22
0
0
0
3.603773114e-22
4.114104353e-22
0
0
0
4.535964747e-24
1.067314777e-21
7.055400903e-20
6.499365912e-22
2.162199988e-21
0
2.774675074e-21
1.842621303e-22
1.032662623e-22
6.348671236e-23
9.301356209e-24
9.383399009e-24
2.897492941e-22
5.086046219e-20
3.225747927e-18
2.081849046e-20
0
0
0
9.015558243e-22
5.434220036e-21
3.430853789e-21
6.373944858e-22
3.507105361e-22
0
1.256672182e-21
1.692721424e-20
8.853219794e-22
0
0
6.415778875e-22
6.410874927e-22
6.048336682e-21
1.019486983e-20
3.884178639e-20
1.330879517e-21
2.929781303e-22
0
0
0
1.167315248e-17
6.71414749e-19
0
3.548764262e-18
1.735238626e-17
3.461847544e-18
7.418573444e-18
1.06152174e-19
0
0
7.387229234e-20
2.515077531e-19
0
1.823802316e-18
0
4.707531255e-18
3.003877775e-17
7.989978787e-18
3.985941845e-18
0
5.626413769e-19
0
6.279982531e-19
0
9.619251053e-19
1.606612243e-18
4.970664622e-18
0
5.371898277e-18
1.891741041e-18
6.218178056e-20
0
0
1.622955778e-18
0
0
1.069228032e-18
5.366724821e-18
8.323969627e-18
0
2.699742304e-18
2.946539452e-18
9.771197094e-20
0
3.69989472e-20
2.245189001e-18
6.795043748e-18
2.219208239e-18
0
0
4.716363678e-18
2.936664247e-18
0
0
2.092305443e-19
0
5.143569733e-20
4.409151728e-18
4.519423602e-18
0
8.397435729e-18
0
4.977439678e-18
0
0
0
8.201808401e-18
0
0
2.462268619e-20
2.888278863e-20
7.275489945e-20
8.692646706e-19
4.031868687e-18
6.847342692e-18
0
3.376869553e-18
7.556780494e-18
8.983086952e-18
1.138224211e-18
1.495796292e-20
1.109250522e-21
7.987906065e-21
1.000601001e-20
0
0
0
0
8.561191537e-19
7.080632687e-18
2.434364356e-19
1.276176611e-20
0
1.313322243e-20
1.314518595e-18
7.056491104e-19
0
0
0
1.2440856e-18
1.247757016e-18
0
0
0
6.355153184e-21
1.668387792e-18
1.534581913e-16
1.535815568e-18
6.331601226e-18
0
7.799848417e-18
5.315959768e-19
2.764479855e-19
1.650566595e-19
2.148421952e-20
2.375710047e-20
5.994660976e-19
1.118600043e-16
9.768027474e-15
5.962908927e-17
0
0
0
6.907820239e-19
1.63076664e-17
7.815054185e-18
1.465047587e-18
1.053234373e-18
0
3.539413499e-18
4.712636798e-17
3.213570497e-18
0
0
2.102261983e-18
1.524566774e-18
1.742466953e-17
3.381879875e-17
8.990343703e-17
3.135764186e-18
8.693239544e-19
0
0
0
2.998018178e-14
1.819065942e-15
0
1.054281541e-14
5.125952855e-14
1.004622361e-14
2.192132322e-14
2.565890866e-16
0
0
2.111718837e-16
6.641054645e-16
0
5.295473628e-15
0
1.398547902e-14
8.85549625e-14
2.300819569e-14
1.168110589e-14
1.415093506e-16
1.715048242e-15
0
1.924008348e-15
0
2.919526056e-15
4.719029942e-15
1.494351394e-14
0
1.596744563e-14
5.400752319e-15
1.926568348e-16
0
0
4.730117589e-15
0
0
3.285299962e-15
1.643478098e-14
2.496810762e-14
0
8.132162706e-15
8.66463072e-15
2.531379414e-16
0
9.751090175e-17
6.395611481e-15
1.989884951e-14
6.591070053e-15
0
0
1.430935061e-14
8.961299652e-15
0
0
6.753524879e-16
0
1.387059669e-16
1.273187119e-14
1.319321598e-14
0
2.483989048e-14
0
1.517193273e-14
0
0
0
2.34870823e-14
0
0
6.796699434e-17
7.946468576e-17
1.93737684e-16
2.591077503e-15
1.233823677e-14
2.116528844e-14
0
1.027905035e-14
2.145039936e-14
2.509766066e-14
3.171855522e-15
5.583331044e-17
3.075847432e-18
1.012134823e-17
2.256472137e-17
0
0
0
0
2.602957621e-15
2.071231215e-14
6.159646067e-16
3.737998095e-17
0
1.668121136e-17
1.705649901e-15
2.111825865e-15
0
0
0
3.932522565e-15
3.750659767e-15
0
0
0
1.411368032e-17
2.263361494e-15
2.840249179e-13
3.539800111e-15
1.897134291e-14
0
2.390367715e-14
1.566037749e-15
7.792609944e-16
4.538780396e-16
5.344340994e-17
6.25835362e-17
1.18634449e-15
2.089752896e-13
2.649733627e-11
1.624600479e-13
0
0
0
2.071060905e-15
4.895890936e-14
2.308886538e-14
3.497870847e-15
3.06532025e-15
0
9.779855376e-15
1.256493782e-13
1.037120998e-14
0
0
6.520594877e-15
4.453745594e-15
5.053063041e-14
9.905496573e-14
2.011098251e-13
6.491421334e-15
2.443455848e-15
0
1.976523003e-16
0
5.571973934e-11
4.071008588e-12
0
2.555516897e-11
1.195784307e-10
2.39022253e-11
5.282001372e-11
4.325643246e-13
0
0
4.243592925e-13
1.277877648e-12
0
1.094016231e-11
0
3.127684296e-11
1.836710804e-10
4.763181583e-11
2.620035841e-11
4.317285594e-13
4.165205098e-12
0
4.756642487e-12
0
6.96508107e-12
1.072125882e-11
3.58289776e-11
0
3.790266471e-11
1.117268645e-11
4.137240673e-13
0
0
1.095048365e-11
0
0
8.014382572e-12
3.994769303e-11
6.049407869e-11
0
2.041888084e-11
2.019448884e-11
4.555404319e-13
0
1.961679975e-13
1.498570278e-11
4.723537931e-11
1.62265777e-11
0
0
3.644001064e-11
2.34575318e-11
0
0
1.487375311e-12
0
2.936456748e-13
3.083702393e-11
3.087735946e-11
0
5.676950066e-11
0
3.898864165e-11
0
0
0
5.081693687e-11
0
0
1.589958488e-13
1.745989816e-13
4.131965435e-13
6.380932882e-12
2.826628084e-11
5.309683654e-11
0
2.562663846e-11
4.671836296e-11
5.049616607e-11
6.610624202e-12
1.317701345e-13
7.04567181e-15
1.230088746e-14
4.412593208e-14
0
0
0
0
6.414058122e-12
4.443215324e-11
1.160757676e-12
8.594731106e-14
0
2.766785105e-14
1.235419879e-12
5.220153873e-12
0
0
0
9.525241477e-12
8.741363393e-12
0
0
0
2.888852683e-14
2.097421367e-12
3.159101412e-10
7.03033308e-12
4.47549545e-11
0
5.953473256e-11
3.782938188e-12
1.708229022e-12
9.621994041e-13
1.063807794e-13
1.390417708e-13
1.67955455e-12
2.462141716e-10
4.43676247e-08
2.648816472e-10
0
0
0
5.124406149e-12
1.172286549e-10
5.55810457e-11
6.661013471e-12
7.234754483e-12
0
2.153787287e-11
2.03009283e-10
2.423661978e-11
0
0
1.706478587e-11
1.074122356e-11
1.162210269e-10
2.114868802e-10
3.245129489e-10
9.948412004e-12
5.572802817e-12
0
7.462462283e-13
0
2.662779476e-08
4.595039521e-09
4.987252544e-09
2.969124809e-08
1.227866996e-07
2.838827883e-08
6.090897492e-08
2.773050238e-10
4.613653747e-09
2.698005145e-08
3.614087198e-10
9.192336636e-10
7.805727032e-09
1.053619848e-08
2.990380209e-08
3.311602605e-08
1.468248327e-07
4.264934543e-08
2.539498566e-08
3.764063246e-10
5.208578222e-09
4.406883741e-08
5.857467435e-09
1.437950148e-10
8.130735443e-09
1.227403115e-08
4.279496809e-08
3.303853813e-08
4.398542514e-08
1.078218884e-08
3.253000751e-10
4.775643547e-08
2.884985501e-10
1.291750621e-08
2.651765587e-08
2.317608272e-10
9.220205842e-09
4.538741339e-08
7.330111812e-08
3.736792147e-08
2.907550507e-08
2.400669344e-08
3.123727971e-10
1.108039908e-10
1.542999692e-10
1.872499763e-08
5.305335132e-08
2.026117556e-08
2.963013108e-08
4.748151702e-08
5.039780746e-08
3.505169483e-08
3.664773363e-08
3.366973372e-08
1.322612409e-09
2.61435548e-10
2.50360494e-10
3.904254298e-08
3.54792983e-08
9.599223038e-09
6.29120941e-08
8.45852773e-08
5.244969156e-08
4.2351141e-08
3.489698293e-08
3.500018804e-08
5.511199771e-08
2.598970021e-08
3.170316098e-10
2.019111427e-10
1.918401516e-10
3.897158436e-10
8.38241968e-09
3.056321662e-08
6.319506447e-08
9.489718619e-08
3.329547038e-08
5.251779395e-08
4.891633326e-08
6.922885791e-09
1.251066725e-10
8.260587226e-12
1.085620403e-11
4.263734822e-11
7.117728274e-09
5.905146436e-08
7.431266067e-08
1.425951186e-08
8.157275548e-09
4.424420236e-08
9.589862586e-10
9.304153457e-11
3.904915402e-09
2.428118793e-11
1.019489094e-10
6.424543223e-09
6.156702906e-08
9.290930058e-08
1.122189294e-07
1.079235243e-08
9.284317805e-09
8.144909456e-09
8.533247411e-11
9.975871628e-12
2.759406304e-11
4.991192452e-10
5.240013623e-08
8.238189291e-09
4.872982035e-08
1.021848189e-07
6.890079765e-08
4.39636232e-09
1.250099052e-09
6.986603669e-10
7.565892687e-11
1.285640012e-10
9.984637152e-10
8.20407467e-08
2.606787962e-05
6.513477459e-08
1.029475045e-08
3.177806216e-08
1.23639408e-08
6.44589918e-09
1.23841656e-07
6.277251263e-08
5.538892049e-09
8.770862764e-09
5.9716964e-08
2.267119358e-08
6.187982653e-08
2.547973518e-08
8.601671048e-10
3.12052204e-08
2.564097327e-08
1.385276393e-08
1.277887464e-07
2.044741502e-07
1.075115536e-07
7.025286111e-09
6.909068398e-09
4.945340937e-09
4.920423237e-10
2.411861007e-08
5.761368403e-06
4.257634641e-06
4.614077678e-06
2.376433001e-05
8.802377138e-05
2.403399188e-05
4.741598394e-05
1.42628027e-07
4.859160466e-06
2.355327904e-05
2.006579062e-07
3.574779643e-07
7.130361344e-06
8.552003257e-06
2.311598151e-05
2.603863238e-05
8.974581504e-05
2.968748038e-05
1.757284307e-05
1.90049737e-07
4.838458237e-06
3.480728112e-05
5.049565392e-06
9.498760311e-08
7.294985101e-06
1.118287483e-05
3.859368888e-05
3.394125516e-05
3.711356857e-05
8.195344065e-06
1.305156322e-07
3.295812021e-05
1.553369864e-07
1.062272103e-05
2.011858917e-05
1.970596561e-07
8.052101799e-06
3.794558716e-05
6.454283764e-05
4.297699466e-05
3.032040063e-05
2.122629736e-05
8.734891638e-08
7.832074278e-08
5.237308997e-08
1.631146826e-05
4.050925491e-05
1.728831222e-05
2.545897832e-05
4.210993566e-05
5.346951734e-05
4.231331259e-05
3.735381983e-05
3.170677362e-05
4.397330004e-07
1.1722062e-07
8.911145044e-08
3.363594641e-05
2.822770391e-05
7.88038671e-06
5.231956051e-05
6.367751119e-05
5.214044591e-05
4.577645933e-05
3.808564057e-05
3.745046359e-05
4.390827777e-05
2.301161845e-05
1.555855893e-07
8.27514708e-08
6.182151912e-08
1.901011176e-07
8.390653016e-06
2.618637591e-05
5.433582627e-05
7.917087087e-05
3.121049889e-05
4.587874812e-05
3.721195341e-05
5.790399268e-06
7.852794321e-08
8.08987343e-09
1.044527689e-08
2.003452732e-08
6.735229913e-06
4.501203954e-05
5.830769301e-05
1.274362672e-05
7.741054607e-06
3.414973967e-05
3.954234967e-07
5.472754608e-08
3.12803134e-06
1.916680061e-08
2.426366576e-08
5.613541648e-06
5.097842567e-05
7.329948749e-05
8.211719757e-05
9.09558687e-06
7.357813084e-06
5.859197346e-06
3.184830175e-08
7.682522491e-09
1.538099525e-08
8.30280982e-08
1.07894496e-07
7.933883045e-06
3.947852617e-05
7.708892683e-05
5.593151751e-05
3.898362175e-06
5.226832936e-07
2.309640936e-07
3.593073542e-08
6.048489186e-08
3.223823018e-07
3.352863997e-05
2.181276571e-05
2.57894458e-05
9.109565676e-06
2.542592727e-05
1.148557096e-05
6.061248485e-06
9.265012632e-05
4.689103884e-05
4.439667135e-06
7.569463134e-06
4.443036203e-05
1.726836198e-05
1.921126504e-05
1.976279764e-05
5.740771946e-07
2.938129007e-05
2.680757788e-05
1.279813641e-05
9.316808303e-05
8.990832908e-05
2.813849135e-05
6.145351285e-06
6.208663392e-06
4.060736681e-06
2.682670656e-07
6.138288609e-06
8.133540448e-06
5.31351061e-06
6.0076741e-06
3.552805486e-05
4.16336201e-05
2.038047959e-05
2.736375719e-05
5.126952015e-06
8.85194921e-06
3.324861085e-05
9.995075056e-06
4.368618962e-06
1.443729037e-05
1.678601731e-05
3.559705941e-05
3.811599216e-05
4.45489036e-05
2.236589005e-05
2.35121915e-05
3.841726035e-06
8.944736813e-06
3.438439725e-05
5.479478559e-06
1.784483673e-07
1.859523626e-05
2.71388256e-05
2.598762321e-05
2.58573986e-05
3.252807208e-05
1.177591837e-05
3.264855806e-06
3.665926305e-05
1.742314305e-05
1.979982857e-05
2.911893161e-05
1.35319508e-05
1.71862621e-05
3.413354376e-05
2.923344872e-05
1.820391616e-05
3.639996112e-05
2.945134003e-05
5.836997851e-06
1.585715792e-05
1.9175134e-07
2.679137698e-05
2.524520511e-05
3.099626857e-05
3.540093655e-05
4.197337923e-05
2.078080211e-05
8.32139306e-06
1.23320465e-05
3.88894316e-05
4.640805885e-05
3.912371141e-05
3.272331789e-07
3.979140108e-05
3.23434829e-05
1.499373802e-05
3.080111905e-05
3.360125009e-05
2.556817494e-05
1.608076758e-05
1.959258703e-05
1.843106754e-05
4.366497395e-05
3.340501839e-05
3.539492568e-05
7.156014025e-06
4.281610955e-06
6.744205829e-06
1.962418211e-05
3.689081285e-05
3.025368118e-05
3.34649905e-05
3.868665619e-05
3.355879301e-05
4.111789447e-05
9.7542891e-06
1.976328106e-05
4.177718102e-06
5.317771129e-06
3.933843835e-06
1.425163272e-05
2.819679083e-05
3.294635679e-05
2.699958083e-05
1.672734306e-05
3.943905952e-05
7.032890934e-06
2.736506697e-06
3.217678422e-06
6.741834978e-06
6.838085216e-06
7.90611736e-06
2.912354424e-05
3.722572282e-05
3.697636134e-05
2.33730042e-05
1.375241511e-05
8.182301568e-06
2.653294448e-06
3.630385544e-06
2.744132337e-06
9.244180164e-06
2.100411402e-05
1.798522237e-05
2.49840728e-05
3.811079368e-05
3.207908057e-05
7.98724221e-06
1.517086472e-05
5.238585933e-06
5.176850004e-08
2.71872477e-06
3.747361264e-06
3.823935598e-05
1.77025332e-05
3.545889353e-05
2.123937776e-05
3.078503617e-05
2.757374283e-05
1.949636301e-05
4.504224771e-05
2.996745254e-05
6.909073983e-06
1.425483697e-05
2.741309942e-05
2.954769887e-05
3.011167185e-05
3.19119892e-05
1.359706799e-05
2.340044898e-05
2.296251852e-05
3.27103131e-05
4.388954515e-05
4.480374592e-05
2.382643344e-05
1.603407012e-05
1.584842283e-05
1.017577902e-05
5.841844099e-06
1.473454948e-05
9.933980447e-06
4.409183071e-06
4.52284216e-06
1.8977232e-05
2.392713123e-05
1.450981578e-05
1.729474891e-05
3.908325123e-06
8.131705467e-06
2.485669087e-05
8.543035374e-06
3.578298425e-06
1.471595824e-05
1.473576316e-05
1.93108761e-05
2.032680094e-05
2.624963183e-05
1.549417841e-05
1.761332544e-05
3.023098682e-06
8.098215771e-06
2.238096029e-05
3.711455429e-06
2.888782099e-06
1.786198639e-05
2.155091625e-05
1.711904422e-05
1.662525761e-05
1.962942015e-05
9.638628824e-06
2.547758462e-06
2.915950885e-05
2.129592119e-05
1.822937711e-05
2.290878925e-05
1.199272309e-05
1.709260773e-05
1.97798269e-05
1.639869123e-05
9.41102793e-06
2.02018721e-05
2.561785507e-05
4.71405699e-06
1.821038382e-05
3.760674611e-05
2.693147878e-05
1.704139611e-05
2.110208306e-05
1.951223454e-05
2.198292678e-05
9.721437245e-06
2.541123271e-06
6.149032486e-06
2.700907267e-05
4.823896472e-05
4.44394207e-05
5.110114458e-05
3.322030038e-05
1.812323659e-05
1.424057659e-05
1.943976884e-05
2.028018641e-05
1.48204041e-05
6.545613964e-06
9.968967665e-06
7.901089586e-06
2.594828262e-05
2.901263649e-05
4.287768084e-05
5.912862258e-06
3.190298291e-06
4.899516412e-06
1.913760521e-05
1.985808628e-05
1.880274566e-05
1.807837731e-05
2.066059868e-05
1.928198718e-05
3.058986365e-05
9.63016006e-06
2.074455056e-05
2.780452132e-06
3.658385257e-06
2.669411191e-06
1.550688747e-05
1.864614886e-05
2.085204258e-05
2.132896541e-05
1.727697587e-05
2.969364518e-05
5.16911664e-06
1.683812297e-06
2.156711808e-06
4.79998339e-06
4.913411192e-06
5.513141498e-06
1.850421542e-05
2.218886281e-05
2.156932113e-05
2.008223939e-05
1.153725583e-05
5.796260754e-06
1.649467816e-06
2.261498492e-06
1.788769536e-06
7.101859025e-06
1.915252992e-05
1.683057222e-05
1.674243157e-05
2.21652509e-05
2.019728577e-05
7.690385962e-06
1.352220503e-05
3.937706642e-06
2.217091192e-06
1.720572543e-06
2.716413072e-06
2.993723576e-05
1.408483787e-05
2.018152764e-05
2.38290887e-05
1.767184345e-05
2.24967697e-05
2.050618671e-05
2.689637115e-05
1.966599408e-05
5.800844695e-06
1.263942025e-05
1.777487046e-05
2.116055331e-05
2.435907315e-05
2.275777085e-05
1.959949634e-05
1.674810259e-05
1.628431972e-05
2.158523199e-05
2.572949797e-05
2.629126013e-05
1.671201107e-05
1.893445436e-05
1.632956502e-05
1.108993062e-05
6.277015696e-06
1.913638358e-05
1.235120122e-05
3.514160667e-06
3.11097727e-06
1.618423374e-05
1.583742394e-05
1.118574765e-05
2.093962069e-05
2.367695807e-06
6.681265324e-06
1.970185614e-05
6.193335522e-06
3.245535985e-06
1.364631203e-05
1.158244853e-05
1.753444876e-05
1.374619219e-05
1.75011055e-05
1.129356351e-05
1.247217495e-05
1.843249602e-06
6.413266181e-06
2.074325176e-05
2.371646131e-06
2.03295229e-06
1.496338635e-05
1.565749138e-05
1.218054465e-05
1.15729353e-05
1.331999073e-05
7.37800769e-06
1.711752024e-06
2.395308583e-05
1.769819905e-05
1.489593109e-05
1.857664643e-05
8.523982131e-06
1.592488647e-05
1.324367575e-05
1.116112994e-05
6.239064792e-06
1.389535052e-05
2.104467382e-05
3.375857061e-06
1.479199954e-05
4.232279913e-05
2.166199495e-05
1.246411332e-05
1.651829023e-05
1.40563747e-05
1.384841201e-05
5.68677615e-06
1.256203197e-06
3.2605732e-06
1.873890059e-05
3.658071396e-05
3.516435039e-05
5.291134323e-05
2.49607117e-05
1.618602331e-05
1.217744488e-05
1.344963613e-05
1.375980305e-05
9.897316243e-06
3.229616503e-06
5.768411597e-06
4.481446356e-06
1.625598354e-05
2.191155557e-05
3.476037954e-05
3.968016872e-06
1.95673835e-06
2.800484523e-06
1.584239056e-05
1.382014771e-05
1.423031917e-05
1.149035368e-05
1.306161027e-05
1.307888692e-05
2.349702767e-05
8.199449333e-06
1.625204727e-05
1.466533481e-06
1.776406708e-06
1.313936058e-06
1.499780116e-05
1.47697782e-05
1.509937144e-05
1.594054474e-05
1.505805381e-05
2.466177113e-05
3.125245457e-06
8.493792012e-07
1.219765425e-06
2.398451205e-06
2.576884102e-06
3.276383368e-06
1.305699415e-05
1.497792977e-05
1.466490559e-05
1.61001052e-05
8.427391892e-06
3.57707684e-06
7.917166161e-07
9.743979706e-07
8.863165604e-07
4.247337357e-06
1.398309778e-05
1.429908996e-05
1.234296931e-05
1.468711027e-05
1.401320064e-05
6.506633606e-06
9.54012524e-06
2.373160344e-06
1.352090351e-06
8.667880005e-07
1.754423193e-06
2.460902401e-05
1.140700297e-05
1.365421191e-05
2.329160027e-05
1.174822019e-05
1.548530025e-05
1.833889009e-05
1.844439166e-05
1.773752108e-05
4.929269066e-06
1.052466296e-05
1.740148609e-05
1.57829402e-05
1.979767289e-05
1.660070677e-05
2.410751568e-05
1.431318082e-05
1.185059457e-05
1.362568631e-05
1.730619828e-05
1.750553492e-05
1.234586177e-05
1.797423496e-05
1.474111703e-05
1.052881774e-05
5.993232285e-06
1.967102673e-05
1.430863219e-05
2.928689343e-06
2.359882857e-06
1.812937556e-05
1.171442829e-05
9.18739875e-06
2.532458728e-05
1.578753551e-06
5.932383462e-06
1.709306935e-05
5.649745021e-06
4.929721553e-06
1.28456839e-05
9.488628753e-06
1.849630317e-05
1.035395427e-05
1.293642015e-05
1.423882693e-05
9.285378755e-06
1.14786767e-06
5.176850809e-06
1.99213893e-05
1.723328264e-06
1.445887097e-06
1.530882199e-05
1.288228295e-05
9.476070446e-06
8.939872088e-06
1.401206131e-05
6.409687003e-06
1.187291673e-06
2.014760226e-05
1.369679157e-05
1.245684058e-05
1.602886597e-05
6.994324415e-06
1.313564981e-05
1.000836121e-05
8.240768929e-06
4.144243755e-06
9.95047811e-06
1.803263788e-05
2.70179775e-06
1.19525228e-05
3.35421446e-05
1.654802429e-05
9.741906465e-06
1.475814788e-05
1.061091549e-05
9.850737785e-06
3.705685074e-06
7.090612936e-07
2.209196028e-06
1.417443915e-05
2.675933225e-05
2.459835979e-05
3.658020741e-05
1.963131262e-05
1.735861625e-05
1.078493985e-05
1.004385107e-05
1.003253533e-05
7.181818631e-06
1.787372383e-06
3.755559461e-06
2.849228765e-06
1.195746607e-05
1.641630024e-05
2.554075001e-05
3.336410696e-06
1.4351731e-06
1.788980294e-06
1.328125257e-05
9.874655891e-06
1.082088724e-05
8.154193125e-06
9.714532574e-06
9.898642529e-06
1.957054503e-05
7.106253247e-06
1.210697689e-05
7.657961604e-07
8.162440367e-07
6.199052322e-07
1.432266038e-05
1.096894129e-05
1.129029483e-05
1.257220217e-05
1.28178875e-05
2.158247976e-05
2.130359129e-06
4.19027834e-07
6.600210517e-07
1.133123066e-06
1.373451484e-06
2.076093483e-06
9.861941868e-06
1.090557521e-05
1.100743494e-05
1.400062935e-05
6.415935759e-06
2.318524905e-06
3.571062471e-07
3.917056152e-07
4.290281468e-07
2.894206717e-06
1.128001376e-05
1.270163461e-05
9.835292507e-06
1.052788165e-05
1.052382197e-05
5.96739181e-06
7.541718735e-06
1.770184656e-06
6.472400033e-07
4.829996531e-07
1.518167813e-06
2.198729184e-05
1.027087341e-05
1.032592628e-05
2.206102593e-05
8.544825606e-06
1.221756888e-05
1.5998512e-05
1.420578105e-05
2.494654898e-05
5.10371853e-06
9.480369197e-06
2.151584948e-05
1.358707869e-05
1.693881029e-05
1.395600869e-05
2.602465774e-05
1.105788839e-05
9.142314318e-06
1.169877203e-05
1.290561541e-05
1.294145319e-05
1.104715549e-05
1.605610534e-05
1.328064792e-05
1.013135388e-05
6.37779068e-06
1.843298733e-05
1.52630204e-05
2.582749099e-06
2.015305944e-06
1.918716019e-05
9.516097398e-06
1.06703564e-05
2.505896488e-05
1.225382676e-06
5.590390099e-06
1.513242106e-05
5.55144284e-06
7.215810517e-06
1.221212949e-05
8.266061455e-06
1.830098604e-05
9.252647747e-06
1.03817632e-05
1.680555883e-05
7.351514639e-06
8.303157673e-07
4.606300584e-06
1.999372749e-05
1.452319333e-06
1.223933691e-06
1.163011561e-05
1.126665294e-05
7.933908429e-06
7.32452672e-06
1.525706242e-05
6.350706753e-06
9.486010576e-07
1.700768979e-05
1.106496055e-05
1.067884994e-05
1.414247862e-05
6.750400847e-06
1.099120339e-05
8.264897726e-06
6.452483342e-06
3.006377429e-06
8.553501372e-06
1.550582688e-05
2.816482359e-06
1.05481605e-05
2.406553662e-05
1.315858249e-05
9.14390991e-06
1.365989785e-05
9.711562325e-06
7.525965721e-06
2.544064023e-06
4.153689379e-07
1.658966142e-06
1.097708892e-05
2.116072696e-05
1.753429027e-05
2.370050155e-05
1.648947477e-05
1.751544034e-05
9.972544873e-06
8.064905519e-06
7.847267082e-06
5.517036174e-06
1.093853113e-06
2.528094736e-06
2.049617016e-06
9.740715212e-06
1.305056677e-05
1.994376803e-05
3.085090723e-06
1.226932947e-06
1.38298584e-06
1.137437614e-05
7.891113845e-06
8.455242501e-06
6.235785225e-06
7.766461672e-06
8.679150189e-06
1.711721717e-05
6.534540366e-06
9.105041732e-06
4.450491039e-07
3.917130668e-07
3.157646624e-07
1.343676842e-05
8.907591847e-06
9.073616744e-06
1.042627873e-05
1.208859681e-05
1.933923639e-05
1.687525558e-06
2.35171349e-07
3.805792257e-07
5.716074807e-07
8.525631141e-07
1.497155061e-06
8.018305504e-06
8.612752857e-06
8.91108235e-06
1.32882231e-05
5.257905573e-06
1.692081966e-06
1.748151026e-07
1.704162534e-07
2.383296319e-07
2.36438036e-06
1.017681261e-05
1.175386763e-05
8.231339559e-06
8.269356215e-06
1.071334703e-05
5.980549226e-06
6.81333403e-06
1.671249839e-06
3.463681576e-07
3.373713596e-07
1.518968201e-06
2.017747983e-05
1.122396514e-05
9.110146993e-06
2.0228508e-05
7.289626639e-06
1.019852651e-05
1.4409765e-05
1.404700138e-05
2.786369135e-05
6.004997309e-06
9.065721004e-06
2.210018588e-05
1.226113548e-05
1.484048205e-05
1.241163019e-05
2.52397232e-05
9.858546374e-06
7.484972428e-06
1.129001844e-05
1.04463617e-05
1.031607579e-05
1.209414652e-05
1.405086121e-05
1.202365683e-05
9.924820988e-06
7.259492348e-06
1.651148411e-05
1.518515752e-05
2.375447223e-06
1.810402515e-06
1.906878405e-05
8.91271377e-06
1.245153874e-05
2.275265801e-05
1.069802516e-06
5.516606462e-06
1.33327108e-05
5.964979133e-06
9.44614653e-06
1.158478571e-05
7.525205289e-06
1.739741297e-05
9.124490714e-06
9.157561078e-06
1.770920887e-05
6.067906475e-06
6.916093274e-07
4.224965747e-06
1.699408788e-05
1.350670363e-06
1.259176228e-06
1.020947207e-05
1.016993237e-05
7.900658085e-06
6.358497594e-06
1.54172955e-05
6.531014832e-06
8.542717027e-07
1.447423616e-05
9.44894849e-06
9.30351002e-06
1.260895558e-05
6.931038033e-06
9.755475791e-06
7.398001284e-06
5.304244929e-06
2.328168692e-06
7.840955531e-06
1.35302991e-05
2.881771914e-06
1.000238807e-05
1.84149892e-05
1.029589471e-05
9.238508007e-06
1.260731839e-05
9.595402397e-06
6.324599499e-06
1.898794581e-06
3.002650849e-07
1.370765412e-06
9.067857194e-06
1.757915335e-05
1.318253291e-05
1.593311638e-05
1.438854018e-05
1.678160135e-05
9.469142262e-06
7.085278677e-06
6.495451378e-06
4.401347635e-06
7.630503528e-07
1.80934052e-06
1.696285432e-06
8.299427427e-06
1.051219814e-05
1.646162628e-05
3.215853744e-06
9.965474081e-07
1.251155904e-06
9.865655127e-06
6.812936408e-06
6.842990532e-06
5.03380808e-06
6.662282191e-06
8.242065412e-06
1.542585153e-05
6.303443609e-06
7.156451417e-06
3.031556084e-07
2.110301623e-07
1.907553769e-07
1.232436664e-05
7.817327584e-06
7.556399196e-06
9.043366366e-06
9.803138166e-06
1.765475785e-05
1.518740052e-06
1.631342841e-07
2.486289354e-07
3.308233805e-07
6.411388772e-07
1.236925561e-06
7.030254365e-06
7.101685189e-06
7.634885565e-06
1.29229338e-05
4.6104489e-06
1.338168955e-06
1.012095505e-07
8.68102419e-08
1.651025113e-07
2.196516229e-06
9.733609453e-06
1.115908445e-05
7.575709478e-06
6.898191429e-06
1.105182946e-05
6.270231567e-06
6.65404799e-06
1.600493975e-06
2.480589871e-07
2.907853581e-07
1.588221549e-06
1.867590853e-05
1.152700227e-05
8.598492748e-06
1.806501685e-05
6.978878943e-06
8.934327876e-06
1.323827001e-05
1.512676009e-05
2.780211169e-05
7.191901813e-06
8.962168882e-06
2.07800721e-05
1.115245461e-05
1.310548435e-05
1.122486139e-05
2.264652182e-05
9.132123048e-06
6.578029414e-06
1.100372229e-05
8.941179028e-06
8.893980204e-06
1.238143999e-05
1.229486084e-05
1.100810813e-05
9.657584098e-06
8.244084312e-06
1.455626652e-05
2.529677568e-35
0
0
4.783435554e-36
6.107090998e-36
0
5.697096786e-36
4.174162474e-36
5.771044814e-37
1.163271164e-36
0
5.842398684e-35
6.780337457e-35
2.83727863e-35
6.220918639e-35
1.207346796e-35
0
2.518711336e-35
2.252563329e-35
0
1.613378773e-37
0
1.808984008e-35
1.565184948e-35
0
1.04504101e-35
0
4.08422467e-35
5.309339931e-35
0
1.318417285e-35
9.81386254e-36
1.608697845e-35
1.225207095e-35
1.730631012e-35
1.736605316e-35
1.276092765e-35
1.335923969e-35
1.854192879e-35
7.402197675e-36
1.450607045e-35
1.062763583e-35
8.190082681e-36
6.658692047e-36
3.44384827e-36
7.269222963e-35
6.876211488e-35
0
4.88383823e-36
1.83001806e-36
0
4.58146036e-35
1.696837823e-35
4.129138615e-34
1.130356893e-35
0
2.135899026e-33
5.357060271e-35
4.967023311e-35
1.27560007e-34
7.936675537e-32
0
0
1.462483557e-32
1.843126504e-32
0
1.814392973e-32
1.303393625e-32
1.735996669e-33
3.500263755e-33
0
1.820506393e-31
2.108892781e-31
8.704605944e-32
1.911292554e-31
3.625114096e-32
0
7.620172883e-32
6.847408978e-32
0
6.820060102e-34
4.819944018e-35
5.354470405e-32
4.610964162e-32
0
3.148436694e-32
0
1.208154586e-31
1.578401027e-31
0
4.774378177e-34
4.253610188e-34
1.808380969e-32
2.63152485e-32
3.872655968e-34
9.717376613e-34
9.325953162e-34
1.008077583e-32
3.575216692e-32
0
3.105081947e-32
2.389267298e-32
0
6.308677602e-34
0
2.005451057e-31
1.963233355e-31
0
0
3.673426163e-34
0
1.176910086e-31
9.733412662e-33
1.645916427e-31
1.276172194e-32
0
6.178994871e-30
1.264703394e-31
3.945159944e-32
1.056702784e-31
2.45861464e-28
0
0
4.43555665e-29
5.524078639e-29
0
5.599201123e-29
4.020774064e-29
5.233576852e-30
1.056660965e-29
0
5.501024693e-28
6.431467133e-28
2.64942947e-28
5.835195552e-28
1.096289092e-28
0
2.287550265e-28
2.065424394e-28
0
2.50677187e-30
6.622998852e-31
1.572236892e-28
1.327405524e-28
0
9.550097731e-29
0
3.542391611e-28
4.603704933e-28
0
1.061910789e-30
0
4.975210311e-29
7.417406313e-29
0
2.258761059e-30
1.903847797e-30
2.820304632e-29
1.032970111e-28
0
9.048029251e-29
7.023027599e-29
0
0
0
5.950985492e-28
5.813307765e-28
0
0
7.942376076e-31
0
3.374713663e-28
2.464065789e-29
6.366009134e-29
3.595883912e-29
0
1.800895465e-26
3.629538735e-28
1.114490475e-28
3.008215983e-28
7.680404539e-25
0
0
1.355446329e-25
1.671407807e-25
0
1.700545489e-25
1.225987473e-25
1.562687542e-26
3.15781009e-26
0
1.643850586e-24
1.930546158e-24
7.921218241e-25
1.745928727e-24
3.317494263e-25
0
6.839900395e-25
6.193512759e-25
0
7.28399652e-27
3.380929904e-27
4.66731738e-25
3.885847443e-25
0
2.904052633e-25
0
1.05941361e-24
1.391353928e-24
0
3.184797714e-27
0
1.484589564e-25
2.219432003e-25
0
5.911297118e-27
4.714044381e-27
8.373122748e-26
3.145785908e-25
0
2.716841967e-25
2.116971232e-25
0
0
0
1.790913386e-24
1.736757047e-24
0
0
2.195519748e-27
0
9.736984131e-25
6.462098821e-26
3.429788018e-26
1.033096796e-25
0
5.27617314e-23
1.068255733e-24
3.246637527e-25
8.766435889e-25
2.391343818e-21
0
0
4.074105136e-22
5.011754029e-22
0
5.143594238e-22
3.702495457e-22
4.624323674e-23
9.178374547e-23
0
4.834732605e-21
5.676563544e-21
2.325897043e-21
5.108377697e-21
1.011450577e-21
0
2.019500017e-21
1.856598569e-21
0
2.036831614e-23
1.083693745e-23
1.405486924e-21
1.230219226e-21
0
8.738935687e-22
0
3.108431693e-21
4.342921619e-21
0
1.34312693e-23
0
4.788190954e-22
7.09702155e-22
0
1.517125007e-23
1.141222065e-23
2.503017189e-22
1.006460785e-21
0
8.16734346e-22
6.406154534e-22
0
0
0
5.474488489e-21
5.271557396e-21
0
0
6.27691764e-24
0
2.800982889e-21
2.148014895e-22
8.046408451e-23
3.040453354e-22
0
1.564497351e-19
3.587696475e-21
9.647789119e-22
2.569084573e-21
7.317673747e-18
0
0
1.222034906e-18
1.470726232e-18
0
1.519434671e-18
1.080639194e-18
1.241626551e-19
2.469362826e-19
0
1.42373811e-17
1.660059059e-17
6.748526106e-18
1.488363297e-17
3.056709994e-18
0
5.922977977e-18
5.534097127e-18
0
5.267474392e-20
3.226288758e-20
4.173235203e-18
3.697502308e-18
1.029682739e-20
2.658766408e-18
0
9.338422899e-18
1.335738116e-17
0
3.974806141e-20
0
1.441789101e-18
2.146734684e-18
0
3.609476666e-20
2.526735695e-20
7.415476385e-19
3.094276898e-18
0
2.419419486e-18
1.908485722e-18
0
0
0
1.657076325e-17
1.607203826e-17
0
0
1.933409808e-20
0
8.460562462e-18
6.923285782e-19
2.406949955e-19
9.019081023e-19
0
4.846945474e-16
1.022009016e-17
2.832671258e-18
7.489935966e-18
2.192235515e-14
0
0
3.577194338e-15
4.203663294e-15
0
4.283741385e-15
2.970608384e-15
2.926075749e-16
5.680315779e-16
0
4.13481567e-14
4.730652234e-14
1.933494202e-14
4.311179379e-14
9.278640222e-15
0
1.729838729e-14
1.630828163e-14
0
1.345780605e-16
7.59621305e-17
1.22573955e-14
1.08985855e-14
1.444342656e-16
7.899148406e-15
0
2.619019313e-14
3.794033375e-14
0
1.1582588e-16
0
4.064256804e-15
6.178597297e-15
0
8.569144736e-17
5.34580484e-17
2.149948408e-15
8.784715677e-15
0
7.0577118e-15
5.551603393e-15
0
0
0
4.925010378e-14
4.735394394e-14
0
0
5.691865156e-17
0
2.507554113e-14
2.083307298e-15
1.200434805e-16
2.698847583e-15
0
1.476400331e-12
2.866451461e-14
8.189376246e-15
2.126248229e-14
5.447110592e-11
0
0
8.754661218e-12
9.893578923e-12
1.546742578e-12
9.986551661e-12
6.688403344e-12
4.813020993e-13
8.27653908e-13
0
9.487192273e-11
1.04025094e-10
4.381449767e-11
9.626180763e-11
2.382133446e-11
0
4.180058372e-11
3.948336892e-11
0
2.92918338e-13
2.157479998e-13
3.055828611e-11
2.682089375e-11
4.115093243e-13
1.876151083e-11
0
5.472663578e-11
7.608779584e-11
0
2.735833433e-13
0
8.044992755e-12
1.354411028e-11
0
1.759879516e-13
1.018088865e-13
5.005632256e-12
1.765141429e-11
0
1.680023556e-11
1.307509945e-11
0
0
0
1.141010924e-10
1.078892675e-10
0
0
1.23233976e-13
0
5.549085574e-11
4.981685339e-12
2.661068372e-13
6.82891743e-12
0
3.330172838e-09
5.948105459e-11
1.735252822e-11
4.253201471e-11
6.630503673e-08
4.29420462e-08
2.340005459e-08
1.097066807e-08
1.178551851e-08
1.007107903e-08
1.321014939e-08
8.577778963e-09
2.994688616e-10
3.595537209e-10
2.50282514e-08
1.046577844e-07
1.067619877e-07
4.877783486e-08
9.543192702e-08
3.210301877e-08
3.816145392e-08
5.370235351e-08
5.019897168e-08
2.486167188e-08
2.967508018e-10
6.022004172e-10
4.207912092e-08
3.684521217e-08
5.368800806e-10
2.238946382e-08
1.25601516e-08
5.592126395e-08
6.934308664e-08
5.935646633e-08
2.66171503e-10
1.789815715e-10
7.233100563e-09
1.433139744e-08
4.399708318e-10
1.522939641e-10
8.31800911e-11
5.487300405e-09
1.634606225e-08
2.226457153e-08
2.04639145e-08
1.510978866e-08
6.352693441e-10
1.12490035e-10
1.648874218e-10
1.125459174e-07
1.06719183e-07
7.24974119e-08
6.976243616e-10
1.122633156e-10
1.096602751e-07
4.514888057e-08
5.728220837e-09
2.575367535e-10
8.669090055e-09
9.475961177e-06
2.671769545e-06
2.775711221e-08
1.593605445e-08
4.537673299e-08
5.573321738e-05
3.764551482e-05
2.07621098e-05
9.985107569e-06
1.048790208e-05
1.000519289e-05
1.311956759e-05
8.776348315e-06
1.064748015e-07
1.322558358e-07
2.491473169e-05
8.069545508e-05
7.664936814e-05
3.892179925e-05
6.908951845e-05
2.854118282e-05
3.797650061e-05
4.965032164e-05
4.540938824e-05
2.462556296e-05
1.441689214e-07
2.645417274e-07
4.070865719e-05
3.717401844e-05
2.360984838e-07
1.901277072e-05
1.242188833e-05
4.312173035e-05
4.867670186e-05
4.632793572e-05
1.332606432e-07
1.042967847e-07
5.574450555e-06
1.162621353e-05
2.070547559e-07
6.475325465e-08
4.627351279e-08
4.569965377e-06
1.160401407e-05
1.671719369e-05
1.858254894e-05
1.258044495e-05
2.444229348e-07
5.410584035e-08
8.581815284e-08
7.938450298e-05
7.273342554e-05
5.21123683e-05
1.730091582e-07
5.821832215e-08
4.856022432e-05
2.845143852e-05
5.125022012e-06
1.658167142e-07
7.394506005e-06
1.683516533e-05
3.94317172e-05
1.192211521e-05
1.144155641e-05
2.916006408e-05
2.820292171e-05
2.403318978e-05
3.125732143e-05
2.363177588e-05
2.637026377e-05
2.616521358e-05
2.678105369e-05
1.613383975e-05
8.293635546e-06
1.725590684e-05
2.901615612e-05
3.783828155e-05
3.243451071e-05
2.540874124e-05
3.347624457e-05
3.768159301e-05
3.832441747e-05
2.435626487e-05
2.377656002e-05
1.823514535e-05
2.586323302e-05
3.564536657e-05
4.294639604e-05
3.989710189e-05
3.88140355e-05
3.0281471e-05
2.547219894e-05
2.497792997e-05
2.667357624e-05
2.546953039e-05
6.120970267e-06
3.905072741e-06
6.727855239e-06
1.709809639e-05
8.953198703e-06
7.063406534e-06
7.109247109e-06
4.512572964e-06
1.661103669e-05
2.77836296e-05
3.08131086e-05
2.069451782e-05
5.913393739e-06
7.157227031e-08
8.283428457e-08
3.317716737e-05
3.220859059e-05
4.106847527e-05
3.255598595e-06
8.755526379e-08
2.2148225e-05
1.995270123e-05
8.166508665e-06
4.67846606e-06
1.337349384e-05
1.498693559e-05
2.161932171e-05
2.067481701e-05
2.042974178e-05
2.0578022e-05
1.781654131e-05
1.611428934e-05
1.722263362e-05
1.989243407e-05
1.297380953e-05
2.439230673e-05
2.182695404e-05
1.517174005e-05
7.838465616e-06
1.557170929e-05
1.82215915e-05
2.22312259e-05
1.871822228e-05
1.729743047e-05
1.991912706e-05
2.123595837e-05
2.137982547e-05
1.470463566e-05
1.459544979e-05
1.261932166e-05
2.851096296e-05
4.136944052e-05
2.397131928e-05
2.128279468e-05
3.976534585e-05
2.355973424e-05
2.268130123e-05
1.565961783e-05
1.664863303e-05
1.600316271e-05
4.374142982e-06
2.763613683e-06
5.35272219e-06
1.391603735e-05
7.025273743e-06
5.33009433e-06
5.078239026e-06
2.926025412e-06
1.311108455e-05
2.324963467e-05
1.662061844e-05
1.731835169e-05
3.813844125e-06
2.283553689e-06
6.737783779e-08
1.859983719e-05
2.034095731e-05
3.789380917e-05
2.113102602e-06
2.251657324e-06
1.384086721e-05
1.395596173e-05
6.861050347e-06
3.652352772e-06
1.054241438e-05
1.256515782e-05
1.424794962e-05
1.855962133e-05
1.911856755e-05
1.107136266e-05
2.234581353e-05
1.196308277e-05
1.136364188e-05
1.498778031e-05
8.327674022e-06
2.147195359e-05
1.703828837e-05
1.286594071e-05
5.672636858e-06
1.043770624e-05
1.297259205e-05
1.51539838e-05
1.305082079e-05
1.269544953e-05
1.343291121e-05
1.297034117e-05
1.396641589e-05
1.035224483e-05
1.024469321e-05
9.208824472e-06
2.375712048e-05
3.256446868e-05
1.426024408e-05
1.363318911e-05
3.408332185e-05
1.911268319e-05
1.858968849e-05
1.091541792e-05
1.161534507e-05
1.121652554e-05
2.259459839e-06
1.578710072e-06
3.889749278e-06
1.050046475e-05
4.569148e-06
2.984502698e-06
2.604469503e-06
1.746868309e-06
9.478607376e-06
2.251422123e-05
1.497194343e-05
1.374632685e-05
2.069074345e-06
1.401853609e-06
6.375656116e-08
1.267781387e-05
1.584142932e-05
3.001709827e-05
1.149377748e-06
1.052097213e-06
1.09350003e-05
1.865219324e-05
5.349671925e-06
2.351427502e-06
6.948436851e-06
1.058374117e-05
1.057755765e-05
1.568477079e-05
1.620258513e-05
6.804906677e-06
2.691463698e-05
9.821246911e-06
8.814209105e-06
1.236855109e-05
6.262149297e-06
1.95693153e-05
1.451444303e-05
1.15695561e-05
4.703649383e-06
7.783053118e-06
1.365304888e-05
1.146232387e-05
1.020598896e-05
1.093570559e-05
1.024774376e-05
1.004059346e-05
1.049609847e-05
7.989633329e-06
7.863390009e-06
7.086945813e-06
1.957441945e-05
2.320344631e-05
9.863112659e-06
9.696087631e-06
1.976794137e-05
1.677824791e-05
1.625159948e-05
1.076255578e-05
8.849576111e-06
1.069565822e-05
1.229487491e-06
9.751590312e-07
3.16689056e-06
8.266830534e-06
3.436459709e-06
1.844288682e-06
1.345661674e-06
1.094594291e-06
6.74453004e-06
1.752703857e-05
1.637986497e-05
1.115395365e-05
1.115920306e-06
7.003345176e-07
1.653065762e-06
1.016920551e-05
1.847235768e-05
2.185834209e-05
6.549610465e-07
3.81481177e-07
9.977888249e-06
2.194642365e-05
4.469921771e-06
1.55638296e-06
4.270934696e-06
9.053142323e-06
8.611323836e-06
1.36764495e-05
1.400551762e-05
7.370179681e-06
2.631928284e-05
8.849395893e-06
8.407301662e-06
1.071160105e-05
6.681418501e-06
1.807070889e-05
1.284441292e-05
1.066735367e-05
4.614236148e-06
6.609050714e-06
1.522129086e-05
9.381788466e-06
8.672977812e-06
1.188197216e-05
8.797131421e-06
8.900323954e-06
8.194349818e-06
6.564080675e-06
6.457990858e-06
5.835176431e-06
1.61368516e-05
1.652623692e-05
8.041650859e-06
7.787817308e-06
1.252929012e-05
1.524813897e-05
1.492637092e-05
1.211267797e-05
8.554531906e-06
1.251979102e-05
7.991327867e-07
7.411543059e-07
2.796062069e-06
6.722803214e-06
2.946245349e-06
1.350005343e-06
7.812656949e-07
7.352875681e-07
4.755487455e-06
1.256539789e-05
1.670012287e-05
9.182815151e-06
7.123077593e-07
3.181161796e-07
7.915973844e-07
9.261865945e-06
2.315063948e-05
1.562265218e-05
4.201422173e-07
1.422907944e-07
9.879478022e-06
2.193176445e-05
3.973945669e-06
1.144767128e-06
2.527349645e-06
8.061069393e-06
9.211427099e-06
1.231506635e-05
1.261998331e-05
9.211306464e-06
2.362621655e-05
8.796148691e-06
8.156345526e-06
9.584256213e-06
6.63335232e-06
1.681373049e-05
1.142348174e-05
9.674356811e-06
5.071239113e-06
6.079180401e-06
1.55643615e-05
8.286076658e-06
8.448088535e-06
1.203177258e-05
8.269615394e-06
8.12350736e-06
6.932421226e-06
5.647710891e-06
5.565772571e-06
4.970802804e-06
1.312875668e-05
1.219649958e-05
6.979975904e-06
6.932264517e-06
8.725542007e-06
1.41121251e-05
1.40810266e-05
1.269865588e-05
8.766609049e-06
1.227142523e-05
6.066671674e-07
6.67495469e-07
2.639694814e-06
5.169851726e-06
2.738241135e-06
1.11247033e-06
5.211394044e-07
5.277671211e-07
3.31828896e-06
8.817952525e-06
1.621707109e-05
7.670792529e-06
4.945089197e-07
1.4754313e-07
2.95847355e-07
9.610654161e-06
2.521631748e-05
1.11716449e-05
2.890928495e-07
6.130602088e-08
1.091228546e-05
2.058436749e-05
3.689120751e-06
9.206312706e-07
1.569658424e-06
8.163088483e-06
9.515274517e-06
1.129066656e-05
1.144169601e-05
9.185408016e-06
0
2.694470992e-34
1.736567398e-32
2.949238765e-34
6.599149708e-37
0
2.967599034e-35
9.27405986e-34
6.983578719e-36
5.679288894e-37
0
0
3.27507083e-35
1.668509147e-34
3.500512645e-37
3.736203088e-35
0
2.102406673e-35
9.11950032e-36
6.0689069e-36
8.170946241e-34
0
0
3.72407831e-35
1.353556749e-35
2.417834599e-32
0
0
0
1.498610447e-35
0
0
0
0
0
0
0
0
0
3.605483279e-35
5.220001802e-36
0
2.473803587e-36
1.765797359e-35
1.161627717e-34
0
2.338509152e-35
2.948950224e-35
4.156829507e-35
8.767373934e-35
4.363647521e-35
2.03010749e-36
4.646724453e-36
1.173718376e-35
5.549262274e-35
0
0
0
3.294079437e-36
2.251217478e-36
0
1.297134081e-31
8.115531532e-30
7.514059178e-32
9.044747227e-34
0
5.00658296e-33
3.931312828e-31
5.903227571e-33
1.688772689e-33
0
0
0
8.294435238e-32
2.301571092e-33
9.207818039e-32
0
0
2.449162295e-33
4.954081891e-33
2.370029766e-30
0
0
0
3.909650878e-33
7.364678458e-29
0
0
0
0
0
0
0
0
0
0
0
0
0
1.053102999e-31
1.503224931e-32
0
7.529373767e-33
5.178482358e-32
3.390760673e-31
0
7.137099619e-32
8.854375669e-32
1.243857972e-31
2.61878456e-31
1.389600202e-31
1.010840644e-32
1.423680614e-32
3.410110172e-32
1.678626713e-31
0
0
0
5.917196947e-33
2.399490415e-33
0
2.958261675e-28
3.676472146e-27
8.536624427e-30
1.395759178e-30
0
0
1.250629373e-28
7.95331336e-31
3.202941299e-32
0
0
0
3.633129946e-29
4.962789127e-31
2.556450688e-28
0
0
0
1.537261614e-30
6.9093147e-27
0
0
0
0
2.232544286e-25
0
0
0
0
0
0
0
0
0
0
0
0
0
3.181540906e-28
4.910312447e-29
0
2.222060491e-29
1.500465155e-28
9.963955614e-28
0
2.103085784e-28
2.603495084e-28
3.658039258e-28
7.710122233e-28
4.418643849e-28
5.512725594e-29
4.928768968e-29
9.981268216e-29
5.025321882e-28
0
0
0
1.853653982e-29
7.206529534e-30
0
8.327301302e-25
2.154711517e-24
1.469307487e-26
3.868467839e-27
0
0
2.323387882e-26
0
0
0
0
0
1.110307712e-26
2.858262794e-28
7.205089084e-25
0
0
0
5.78521541e-28
2.037068413e-23
0
0
0
0
6.872141981e-22
0
0
0
0
0
0
0
0
0
0
0
0
0
9.743399516e-25
1.557090707e-25
0
6.399397701e-26
4.365511262e-25
2.97613733e-24
0
6.270503837e-25
7.761433541e-25
1.089025962e-24
2.308113795e-24
1.40422616e-24
2.260211e-25
1.642783266e-25
2.918996663e-25
1.503135455e-24
0
0
0
5.707022415e-26
2.147546871e-26
0
3.239383559e-21
4.608324508e-21
5.267760932e-23
2.385399766e-23
0
0
0
0
0
0
0
0
0
6.54509901e-25
2.020673846e-21
0
0
0
5.487593885e-25
6.056520067e-20
0
0
0
0
2.223008235e-18
0
0
0
0
0
0
0
0
0
1.542302482e-21
0
0
0
3.030875666e-21
5.086589211e-22
0
1.885508556e-22
1.307496983e-21
9.229946978e-21
0
1.921193943e-21
2.37642353e-21
3.31594627e-21
7.054544547e-21
4.485668364e-21
8.08181749e-22
5.337205586e-22
8.745585407e-22
4.549349155e-21
0
0
0
1.678125109e-22
8.895468963e-23
0
9.272413141e-18
1.360655179e-17
1.255042611e-19
5.447263754e-20
0
0
0
0
0
0
0
0
6.161149006e-20
1.996130419e-21
5.652859929e-18
0
0
2.855799754e-22
1.725713372e-21
1.708428469e-16
0
0
0
0
6.824686468e-15
0
0
0
0
0
0
0
0
0
5.590647995e-18
0
0
0
9.046469334e-18
5.416736641e-19
0
5.508943614e-19
3.856971706e-18
2.758627469e-17
0
5.726143325e-18
7.2258497e-18
9.924028364e-18
1.992254713e-17
1.247738742e-17
1.849563156e-18
9.277969859e-19
1.105097685e-18
1.343177652e-17
0
0
0
5.293836762e-19
2.614945449e-19
0
2.503445153e-14
5.996622704e-15
2.071907834e-16
1.052000783e-16
0
0
0
0
3.250974775e-18
0
0
0
0
5.767609053e-18
1.456070064e-14
0
0
0
1.987174354e-19
3.956947914e-13
0
0
0
0
1.93002349e-11
0
0
0
0
0
0
0
0
0
1.680666897e-14
0
0
0
2.569072146e-14
1.646000256e-15
0
1.558719475e-15
1.075101494e-14
7.531003706e-14
0
1.703916282e-14
2.083224108e-14
2.802316244e-14
5.704537448e-14
3.748327421e-14
5.506904386e-15
2.662354851e-15
2.947554533e-15
3.650350329e-14
0
0
0
1.574827331e-15
6.976607579e-16
0
5.175090185e-11
1.375751659e-11
3.318917298e-13
1.227928101e-13
0
0
3.560556257e-14
1.47979082e-14
4.075433134e-14
0
0
4.949721626e-12
0
1.543717871e-14
2.904508678e-11
0
0
0
5.182699774e-16
5.367211424e-10
0
0
0
0
3.751469188e-08
0
0
0
0
0
0
0
0
0
3.812291463e-11
0
0
7.513598608e-12
5.857710339e-11
3.990653745e-12
0
3.759461291e-12
2.325287905e-11
1.462525963e-10
0
4.253771033e-11
4.696066091e-11
5.890518662e-11
1.296381813e-10
9.174406005e-11
1.302373566e-11
5.998783653e-12
6.001458688e-12
7.255768425e-11
0
0
0
3.654894396e-12
1.154809045e-12
1.202042468e-07
4.87838147e-08
1.607721628e-08
1.93242799e-10
1.133534e-10
2.276326492e-08
3.843568007e-10
1.175021797e-10
5.186977839e-11
1.22187698e-10
5.010951421e-08
2.722373157e-08
1.615501575e-08
1.182601104e-10
4.641283948e-11
3.056298949e-08
7.161620481e-09
3.450322636e-10
7.230121847e-12
8.552323018e-13
1.505362443e-07
1.717791391e-07
3.263712128e-08
7.921628153e-10
1.299493575e-11
2.511332485e-05
2.721143909e-05
1.725309572e-07
4.67201369e-08
6.25689587e-10
0
0
0
1.09309976e-07
4.042831497e-08
4.107243393e-08
0
0
1.795676604e-08
8.237712398e-08
5.175054777e-09
3.388950539e-09
5.271126007e-09
2.645222348e-08
1.271013745e-07
7.728127336e-08
5.487364645e-08
5.250973306e-08
5.810205929e-08
1.281793366e-07
1.071583052e-07
1.540031665e-08
6.949311914e-09
6.194481137e-09
6.806632684e-08
8.315331612e-08
6.826739899e-08
2.217673388e-08
3.981293902e-09
5.865295275e-10
6.871675949e-05
3.201387588e-05
1.333045511e-05
1.426530898e-07
1.133015761e-07
1.889324042e-05
2.45873356e-07
1.044202533e-07
7.623925179e-08
1.585520282e-07
3.849181615e-05
2.072656511e-05
1.41932218e-05
9.202156143e-08
5.143606117e-08
2.51493277e-05
6.51927564e-06
1.798740091e-07
3.02076752e-09
7.345255167e-10
7.72338635e-05
6.706383726e-05
3.265855118e-05
3.11798575e-07
3.923135279e-09
1.946416264e-05
9.868784303e-06
4.195899696e-05
4.177625284e-05
2.256781522e-07
8.854037616e-06
2.086154278e-05
6.931694641e-05
8.326986883e-05
3.653276282e-05
2.06040992e-05
5.241792505e-06
1.759768685e-07
1.534073905e-05
6.242067958e-05
5.105586002e-06
4.203935257e-06
5.599472368e-06
2.259700288e-05
8.066223558e-05
7.088042497e-05
4.878571056e-05
4.234867251e-05
4.334634313e-05
8.815708458e-05
8.771195403e-05
1.362376072e-05
6.238150001e-06
5.157076233e-06
4.97144373e-05
6.202179006e-05
5.350278841e-05
1.776015097e-05
3.483086436e-06
1.944376634e-07
3.457610365e-05
3.364386893e-05
2.699260522e-05
2.957069635e-05
4.298718306e-05
3.545722674e-05
2.770900101e-05
3.673236093e-05
4.514973107e-05
5.905909016e-05
2.620608499e-05
2.885611476e-05
2.891396908e-05
2.512660655e-05
2.742387347e-05
3.169283924e-05
1.413100665e-05
2.769426927e-07
2.109819686e-07
2.019708721e-07
3.79752746e-05
3.325238442e-05
4.48949143e-05
3.400025069e-05
1.666561446e-07
1.371741526e-05
4.631371009e-06
8.602841661e-06
2.089557562e-05
3.075712706e-05
1.312091596e-05
1.362193528e-05
2.960121901e-05
3.497735754e-05
2.462337469e-05
3.849348866e-05
1.258289967e-05
6.24169088e-06
3.320969626e-05
3.200946881e-05
1.632803037e-05
9.763416832e-06
9.421274517e-06
3.667944826e-05
3.635606233e-05
3.653151052e-05
3.023386516e-05
3.885720356e-05
2.901763455e-05
4.026786876e-05
4.049082112e-05
2.939089675e-05
1.130086511e-05
1.190135168e-05
2.804248124e-05
2.986399819e-05
3.179976682e-05
2.674290844e-05
8.870638285e-06
5.258923569e-06
2.150506671e-05
1.960858391e-05
2.573473832e-05
3.30388527e-05
3.890799151e-05
2.445491038e-05
3.291869978e-05
4.080985365e-05
4.753166249e-05
4.645819605e-05
1.765495491e-05
1.765950616e-05
2.538026343e-05
2.608646553e-05
2.625097904e-05
1.808248808e-05
1.231155678e-05
4.40184428e-06
1.71207321e-07
9.19506023e-08
2.254718535e-05
2.139421359e-05
3.832819581e-05
3.415702266e-05
6.663897259e-06
9.965532022e-06
2.674866913e-06
3.283700786e-06
1.574423879e-05
3.407534463e-05
1.151669402e-05
7.671253783e-06
1.499716799e-05
1.948232859e-05
1.687603346e-05
2.167447263e-05
1.311105742e-05
6.666171395e-06
2.55050187e-05
1.877835925e-05
1.839465792e-05
1.03713841e-05
9.996640491e-06
1.963175624e-05
2.028500575e-05
2.203583947e-05
1.971196606e-05
2.171450972e-05
1.91422711e-05
2.220216088e-05
2.387279455e-05
2.470457054e-05
1.171854334e-05
1.498003897e-05
1.74893202e-05
1.943258027e-05
2.038949334e-05
1.575882778e-05
8.366991964e-06
4.45821251e-06
1.51492865e-05
1.49640139e-05
2.11459174e-05
2.665647142e-05
2.416277587e-05
2.066459205e-05
2.76603777e-05
3.153123789e-05
3.314963472e-05
2.663175907e-05
1.280150091e-05
1.266300676e-05
2.078476618e-05
1.929701029e-05
1.904060817e-05
2.092365423e-05
8.933064615e-06
2.975259144e-06
3.096089353e-06
6.38128449e-08
1.570041025e-05
1.600793557e-05
3.207649129e-05
2.722478392e-05
4.506101431e-06
7.315355124e-06
1.836852812e-06
2.26635144e-06
1.304859432e-05
2.700886315e-05
9.145582659e-06
5.037763794e-06
8.56971313e-06
1.294889695e-05
1.231340685e-05
1.429060112e-05
1.382204311e-05
8.230726963e-06
1.980176831e-05
1.241090571e-05
1.647206337e-05
8.53545033e-06
1.005717691e-05
1.270379497e-05
1.296430706e-05
1.512355218e-05
1.398892457e-05
1.502602872e-05
1.349023071e-05
1.396361958e-05
1.649693914e-05
1.966896617e-05
1.143133432e-05
1.617390154e-05
1.208523328e-05
1.504654471e-05
1.476848718e-05
1.502856349e-05
6.52634648e-06
2.717200822e-06
1.162740369e-05
1.293377703e-05
1.685494674e-05
1.947962519e-05
1.438041064e-05
1.840282334e-05
2.149794542e-05
2.241585971e-05
2.179854761e-05
1.678265814e-05
1.028378901e-05
1.404876753e-05
1.756767265e-05
1.422163681e-05
1.375220403e-05
2.196777729e-05
6.815209157e-06
1.79726816e-06
1.9498642e-06
8.303045393e-08
1.250187786e-05
1.849243026e-05
2.718676172e-05
2.187841908e-05
2.754107356e-06
5.422190922e-06
1.538373689e-06
1.959749678e-06
1.469491563e-05
2.147356507e-05
7.312795224e-06
3.628858941e-06
5.588680899e-06
9.698861156e-06
9.48758932e-06
1.413901778e-05
1.41967001e-05
1.856572827e-05
1.713809407e-05
8.902401018e-06
1.46103043e-05
7.074336141e-06
1.088710646e-05
1.211926646e-05
9.199079751e-06
1.13888479e-05
1.08181927e-05
1.324018144e-05
1.04610656e-05
9.619049904e-06
1.258097213e-05
1.679560399e-05
1.156085305e-05
1.749581331e-05
1.080135629e-05
1.262399537e-05
1.194153997e-05
1.613283411e-05
5.555741922e-06
2.190309006e-06
1.0397634e-05
1.125532091e-05
1.361902467e-05
1.501359042e-05
9.701541925e-06
1.609390124e-05
1.650049796e-05
1.63188566e-05
1.521164267e-05
1.250277306e-05
1.090292251e-05
1.464604236e-05
1.540741963e-05
1.111559459e-05
9.948986199e-06
2.0675583e-05
5.814415211e-06
1.229781766e-06
1.086764418e-06
1.804448631e-06
1.128855097e-05
2.048702792e-05
2.380094166e-05
1.811703257e-05
1.589717602e-06
4.152065124e-06
1.437902438e-06
1.915769049e-06
1.545107214e-05
1.839193717e-05
5.937369918e-06
2.774851484e-06
4.144105036e-06
7.827441676e-06
7.698118658e-06
1.402208046e-05
1.409427012e-05
1.513728628e-05
1.491144528e-05
6.992484324e-06
1.363902798e-05
1.291456122e-05
1.196205844e-05
1.242978681e-05
7.095599171e-06
9.335324093e-06
1.152242125e-05
1.315456002e-05
8.502799155e-06
7.242078002e-06
1.024495675e-05
1.474433854e-05
1.167314515e-05
1.588024232e-05
1.194044586e-05
1.104002374e-05
1.102188135e-05
1.546030674e-05
5.369361725e-06
2.480679566e-06
9.678678029e-06
9.705875326e-06
1.056379887e-05
1.094564224e-05
7.799151535e-06
1.388768056e-05
1.275157122e-05
1.188506316e-05
1.143459772e-05
9.96383919e-06
1.144405717e-05
1.431293497e-05
1.394237304e-05
9.281044853e-06
7.714777702e-06
2.237173649e-05
5.342177498e-06
1.004963199e-06
5.845735992e-07
9.133084378e-07
1.151499496e-05
2.048863514e-05
2.218717462e-05
1.573109288e-05
1.273375657e-06
3.345627995e-06
1.39619639e-06
2.032972316e-06
1.494349017e-05
1.621507593e-05
4.886284071e-06
2.234994758e-06
3.320836653e-06
6.634471873e-06
7.032793327e-06
1.303176249e-05
1.311556653e-05
1.424115472e-05
1.279648774e-05
5.90246431e-06
1.25361979e-05
8.952227243e-06
1.26717584e-05
1.201729225e-05
5.833840516e-06
8.944245535e-06
1.191469639e-05
1.252866775e-05
7.51347544e-06
5.811918137e-06
9.336645672e-06
1.298585582e-05
1.138604438e-05
1.365352409e-05
1.160411395e-05
1.074431415e-05
1.11708253e-05
1.392019584e-05
5.431720767e-06
2.97373496e-06
0
0
0
3.260751344e-36
3.847009011e-36
0
0
4.991459495e-35
0
7.146127649e-36
7.240261973e-36
5.962290797e-35
0
0
2.192996601e-36
0
5.007298774e-35
0
1.244825516e-35
3.674427445e-35
0
1.992643367e-35
3.919230321e-35
2.429562969e-35
1.538205387e-35
0
0
0
0
0
0
0
0
0
0
0
0
0
0
0
0
0
0
0
0
0
0
0
0
0
0
0
0
0
0
0
0
0
0
0
1.956833233e-32
0
0
4.904509066e-33
6.14187186e-33
0
0
1.533628592e-31
0
1.69484568e-32
2.17143178e-32
1.861137761e-31
0
0
3.934012079e-33
0
1.577533544e-31
0
3.778876447e-32
1.109212887e-31
0
6.697069247e-32
1.218801512e-31
7.352846491e-32
4.608444857e-32
0
0
0
4.741465986e-33
7.26705986e-32
0
0
0
0
0
0
0
0
0
0
0
0
0
0
0
0
0
0
0
0
0
0
0
0
0
0
0
0
0
0
1.792333027e-28
0
0
1.628649898e-29
1.852471563e-29
0
0
4.819499863e-28
0
5.178744111e-29
6.477509129e-29
5.78856025e-28
0
0
1.187460025e-29
0
4.956517698e-28
0
1.138549946e-28
3.339099164e-28
0
2.041635159e-28
3.747940317e-28
2.251061289e-28
1.411276186e-28
0
2.213753864e-29
6.640271155e-30
1.513120215e-28
3.198432334e-28
0
0
0
0
0
4.064487713e-27
0
0
0
0
0
0
0
0
0
0
0
0
0
0
0
0
0
0
0
5.947631777e-27
0
0
0
0
9.077244995e-25
0
0
5.191321002e-26
5.641251003e-26
0
0
1.50393886e-24
0
1.57353858e-25
1.867007919e-25
1.797451082e-24
0
0
3.5712948e-26
0
1.561254124e-24
0
3.475093889e-25
1.029877918e-24
0
6.161432864e-25
1.153508228e-24
6.983847638e-25
4.411508714e-25
0
7.145256307e-26
1.866274273e-26
4.657732086e-25
9.953240974e-25
0
1.523027365e-25
3.607507253e-25
1.180670397e-25
8.21042538e-26
5.059400076e-25
4.432462297e-26
3.734441104e-26
8.974627834e-26
0
2.630074578e-25
8.36135341e-26
2.991855129e-26
2.663844225e-26
0
0
0
0
0
0
0
0
0
0
0
4.30925684e-24
0
0
0
0
3.633692016e-21
0
0
1.495090687e-22
1.737201311e-22
2.677127863e-22
0
6.151283344e-21
0
4.79034418e-22
5.624127708e-22
5.523957654e-21
0
0
1.084165764e-22
0
4.774799842e-21
0
1.02842334e-21
3.168975079e-21
0
1.885882838e-21
3.483003749e-21
2.078804628e-21
1.383665889e-21
0
2.299334409e-22
8.085102685e-23
1.416846929e-21
3.014884584e-21
0
3.193708003e-22
1.006044021e-21
2.994959326e-22
1.976876517e-22
1.412701146e-21
6.592269809e-23
3.284600692e-23
2.034206681e-22
0
7.217318956e-22
1.726991613e-22
8.109933321e-24
6.488408484e-24
0
0
0
0
0
0
0
0
0
0
0
1.336348866e-20
0
0
0
0
1.233817231e-17
0
0
4.801498053e-19
5.229908879e-19
1.29042417e-18
0
1.626175282e-17
0
4.503839024e-19
1.696620868e-18
1.703260287e-17
0
0
2.156515163e-20
0
1.459415629e-17
0
1.788931855e-18
7.892311423e-18
0
4.724310671e-18
1.035986513e-17
6.163941827e-18
3.301232643e-18
0
6.96736025e-20
1.866087173e-19
4.195712892e-18
7.928191062e-18
0
9.795073619e-19
3.034886879e-18
8.849037046e-19
5.723875803e-19
4.397143922e-18
1.958457518e-19
9.048371853e-20
6.285721379e-19
0
2.218255793e-18
5.260128596e-19
2.367443896e-20
1.81531326e-20
0
0
0
0
0
0
0
0
0
0
0
4.111967014e-17
0
0
0
0
3.746141227e-14
0
0
1.457667215e-15
1.513753527e-15
3.945823073e-15
0
4.851694559e-14
0
1.309548696e-15
5.059237042e-15
5.108681592e-14
0
0
5.464957873e-17
0
4.386883008e-14
0
5.244059606e-15
2.23048676e-14
0
1.372952782e-14
2.904911923e-14
1.695794683e-14
9.092622521e-15
0
1.734275489e-16
4.053591625e-16
1.186764342e-14
2.255503743e-14
0
3.15477104e-15
8.913061683e-15
2.544928992e-15
1.625013079e-15
1.308817282e-14
5.125880907e-16
2.400377599e-16
1.808264319e-15
0
6.589756505e-15
1.521657515e-15
6.378918859e-17
4.843008162e-17
0
0
0
0
0
0
0
0
0
0
0
1.186185254e-13
0
0
0
0
8.474047099e-11
0
0
3.852946236e-12
3.547609184e-12
9.17796893e-12
0
1.149778751e-10
9.56819384e-13
3.197934357e-12
1.113609964e-11
1.184853348e-10
0
0
1.192786616e-13
0
1.036487015e-10
0
1.320837887e-11
5.174418051e-11
0
3.154563828e-11
5.933912593e-11
3.605165486e-11
2.110425399e-11
0
3.381551556e-13
6.150672324e-13
2.861862327e-11
5.420006652e-11
0
8.622723121e-12
2.211032069e-11
6.164541958e-12
3.877866021e-12
3.001805562e-11
8.897430427e-13
4.858711201e-13
4.149713562e-12
2.120441855e-11
1.559977957e-11
3.510483513e-12
1.225693813e-13
9.981373923e-14
7.5695172e-14
0
0
0
0
0
0
0
0
0
1.324454153e-12
2.439473699e-10
0
0
0
1.757318916e-12
7.859181172e-08
1.054231377e-07
2.182896659e-08
4.657415151e-09
4.293275401e-09
8.61327453e-09
1.035549002e-07
1.204098972e-07
9.674606192e-09
3.977922422e-09
9.295169389e-09
1.161414438e-07
2.770352432e-08
2.716385249e-10
1.35746235e-10
1.132077526e-07
1.045652507e-07
4.143996005e-08
1.788328403e-08
6.083837293e-08
2.451849832e-08
3.470147446e-08
5.889713814e-08
5.162907504e-08
2.813809617e-08
1.071794234e-08
2.543375366e-10
4.281012782e-10
4.028348209e-08
6.92817673e-08
6.083304043e-08
1.129262021e-08
2.83479099e-08
8.287650772e-09
4.869296712e-09
3.183393361e-08
5.471795165e-10
4.340681156e-10
6.557076024e-09
4.576855275e-08
1.742909552e-08
4.060189754e-09
9.352763958e-11
9.551196026e-11
4.596172422e-10
6.396384384e-08
6.258684159e-09
1.984136713e-10
3.699990766e-11
3.243636891e-11
1.077731981e-07
3.06156247e-08
9.693526451e-09
4.596685159e-09
5.031026774e-09
1.520041359e-07
1.065323815e-07
4.616208694e-08
8.627071222e-09
7.488896656e-09
5.687791726e-05
7.796398387e-05
1.708889042e-05
4.23612797e-06
4.102840314e-06
5.378379538e-06
7.616170749e-05
8.136783099e-05
8.150866289e-06
3.755224573e-06
5.323450767e-06
8.316966608e-05
2.337629657e-05
1.089667965e-07
6.669653875e-08
7.496864716e-05
7.686311475e-05
3.928915173e-05
1.677899038e-05
4.933773126e-05
2.190074861e-05
2.908053554e-05
4.632037937e-05
4.268403326e-05
2.61205078e-05
1.119869594e-05
1.290241753e-07
2.585162522e-07
3.944346755e-05
6.001858976e-05
4.926414361e-05
1.005075984e-05
2.430741754e-05
7.788722311e-06
4.282692475e-06
2.46049753e-05
2.090495842e-07
2.382556109e-07
5.560622053e-06
3.289606372e-05
1.433033965e-05
3.52505537e-06
4.543224255e-08
5.109159998e-08
2.096357627e-07
4.651597403e-05
4.487768934e-06
8.671692667e-08
2.045591803e-08
1.888375293e-08
7.794600949e-05
2.270383316e-05
7.11051913e-06
3.773138348e-06
4.041419097e-06
7.707860156e-05
7.125239654e-05
3.174736171e-05
6.450373825e-06
5.853852661e-06
2.82836977e-05
3.867196399e-05
2.007995347e-05
1.8221032e-05
1.698222208e-05
7.347919411e-06
3.512258846e-05
3.789175781e-05
2.258639026e-05
6.900347286e-06
6.498946132e-06
3.862308849e-05
3.555391148e-05
4.621073179e-06
6.247412593e-06
3.563670472e-05
3.761038563e-05
2.555244617e-05
3.321263526e-05
2.780638404e-05
2.150782606e-05
3.518274875e-05
3.038992471e-05
2.693024807e-05
2.914850239e-05
2.952110361e-05
2.522095483e-05
4.000329631e-05
2.616700873e-05
3.119655912e-05
2.866259508e-05
2.247616767e-05
3.435053426e-05
1.738000627e-05
6.817143971e-06
3.186941571e-05
5.243846501e-06
2.783458192e-07
1.007495995e-05
2.110183607e-05
2.876595263e-05
4.818365766e-06
2.903694261e-08
6.498247286e-08
1.033036045e-07
2.758405705e-05
6.222429071e-06
7.934367475e-08
2.945017019e-08
2.695367708e-08
3.789042435e-05
2.717099192e-05
1.428194542e-05
6.441919807e-06
6.349187202e-06
3.621842916e-05
3.595775728e-05
2.128147949e-05
1.575518983e-05
1.493801539e-05
1.884944948e-05
2.302429494e-05
1.607928225e-05
1.926442288e-05
1.525048699e-05
7.831746428e-06
2.061623971e-05
2.250888389e-05
1.906614368e-05
6.114284476e-06
6.556346175e-06
2.321242342e-05
3.095487309e-05
3.700988559e-06
4.292448693e-06
2.10265171e-05
2.20945322e-05
1.669381732e-05
1.781888837e-05
1.697920196e-05
1.448973242e-05
1.933336586e-05
1.853838916e-05
1.656139407e-05
1.646419142e-05
2.006014262e-05
2.861634572e-05
4.233476173e-05
1.74377105e-05
1.856395142e-05
1.830463242e-05
2.069643208e-05
1.998978298e-05
1.539594268e-05
5.908721159e-06
2.364189903e-05
3.965395582e-06
3.236544299e-06
8.72950595e-06
1.321736187e-05
1.947713551e-05
3.050953905e-06
1.946677138e-06
4.211310847e-08
3.583732342e-08
1.789993248e-05
5.076830979e-06
7.501349834e-08
2.121072139e-08
1.62911179e-08
2.244951121e-05
1.634173522e-05
1.257351991e-05
5.152170062e-06
4.634519392e-06
2.194840804e-05
2.119674147e-05
1.402566862e-05
1.474619273e-05
1.234714497e-05
1.463427791e-05
1.56328824e-05
1.245084209e-05
1.473921006e-05
1.043503362e-05
7.678764343e-06
1.408350194e-05
1.56805405e-05
1.598728786e-05
4.528861325e-06
6.210225395e-06
1.672787244e-05
2.796396019e-05
2.586921619e-06
2.261752672e-06
1.423642345e-05
1.541890216e-05
1.237230247e-05
1.444221709e-05
1.246741638e-05
1.102913754e-05
1.246124259e-05
1.254848249e-05
1.128878171e-05
1.055212516e-05
1.324230166e-05
2.407047189e-05
3.169892233e-05
1.246980475e-05
1.234242016e-05
1.301590608e-05
1.732202617e-05
1.827189326e-05
1.186957864e-05
4.900817408e-06
2.525203935e-05
2.306553058e-06
2.150862921e-06
7.1227539e-06
2.870728211e-05
2.061822496e-05
1.723548368e-06
1.10778179e-06
2.369659087e-08
4.394636036e-08
2.505724433e-05
3.178719899e-06
2.235500007e-06
2.3198871e-08
7.660505298e-09
1.58136097e-05
1.669446139e-05
9.35089999e-06
3.503243158e-06
2.768203762e-06
1.561731347e-05
1.425624318e-05
9.935561978e-06
1.203715599e-05
9.003428816e-06
1.226487311e-05
1.165598346e-05
9.98802859e-06
1.215650103e-05
9.012657438e-06
7.295632223e-06
1.061911678e-05
1.215328322e-05
1.422622003e-05
3.593995716e-06
5.794816262e-06
1.342512171e-05
2.438001221e-05
2.048474514e-06
1.230078039e-06
1.054170399e-05
1.125928273e-05
9.848630309e-06
1.678943315e-05
1.452990019e-05
8.662902692e-06
9.035071046e-06
9.170705347e-06
8.438468845e-06
7.433133064e-06
1.080145686e-05
1.957777766e-05
2.284997136e-05
9.54176833e-06
9.001224235e-06
1.012829526e-05
1.534618706e-05
1.753561166e-05
9.534489795e-06
4.462855684e-06
2.396201452e-05
1.144857555e-06
1.192443344e-06
5.859983295e-06
3.126081758e-05
1.967736927e-05
1.002860856e-06
6.195229988e-07
1.735752448e-08
5.077106749e-08
2.753894892e-05
2.101295184e-06
1.485667636e-06
1.661027311e-08
3.704236884e-09
1.27987509e-05
1.956353983e-05
7.133018375e-06
2.440295202e-06
1.674178114e-06
1.245048001e-05
1.125267407e-05
1.231555665e-05
1.026424038e-05
7.099501125e-06
1.065246734e-05
9.358269773e-06
8.776197119e-06
1.068095033e-05
8.279415285e-06
6.869229447e-06
8.774123425e-06
1.222759368e-05
1.287680051e-05
3.210021265e-06
5.614573503e-06
1.445596719e-05
2.138411928e-05
1.75773197e-06
9.01017693e-07
8.315317923e-06
8.937396124e-06
9.249750387e-06
1.824155332e-05
1.735079141e-05
6.993741092e-06
7.380651899e-06
7.3802323e-06
6.77279409e-06
5.805460649e-06
9.586331832e-06
1.570462152e-05
1.69474696e-05
8.242880142e-06
8.677922149e-06
9.71354817e-06
1.420465991e-05
1.615997793e-05
7.781984723e-06
4.304440189e-06
2.142568594e-05
8.756018404e-07
7.628917924e-07
4.681135593e-06
2.517198131e-05
1.68352898e-05
6.318783423e-07
4.626784765e-07
1.390926617e-08
4.455423718e-08
2.465717872e-05
1.532019623e-06
1.015268787e-06
1.992599643e-08
2.974237486e-09
1.397435816e-05
1.992347527e-05
5.754077305e-06
1.943154642e-06
1.351502374e-06
1.370715826e-05
1.127046061e-05
1.398102635e-05
9.084540482e-06
5.637414927e-06
9.982814506e-06
8.032223957e-06
8.681905395e-06
9.733292545e-06
7.588420622e-06
6.477356292e-06
7.785464192e-06
1.313025314e-05
1.121232619e-05
3.00912113e-06
5.578272005e-06
1.56693292e-05
1.90872398e-05
1.713172631e-06
7.910966767e-07
6.902839531e-06
7.556102598e-06
9.696416418e-06
1.832857995e-05
1.792021187e-05
6.392357196e-06
6.530198307e-06
6.313027163e-06
5.930117679e-06
5.220064775e-06
8.696454223e-06
1.366938965e-05
1.321564705e-05
8.846954929e-06
9.360750604e-06
1.03395338e-05
1.345524432e-05
1.467427388e-05
6.732537315e-06
4.182501996e-06
1.888210464e-05
7.831867757e-07
5.343519694e-07
3.554965764e-06
1.769266943e-05
1.385058349e-05
4.446793006e-07
3.615601907e-07
2.056819776e-08
3.351392742e-08
2.052048818e-05
1.144309639e-06
6.141724973e-07
2.186670217e-06
1.306674959e-08
1.520966696e-05
1.899710093e-05
4.785161549e-06
1.414318118e-06
1.093666076e-06
1.436193814e-05
1.259150904e-05
1.428561146e-05
8.157417719e-06
4.643235551e-06
0
0
0
0
0
0
0
0
0
0
0
0
0
0
0
0
0
0
0
0
0
0
0
0
0
0
0
0
0
0
0
0
0
0
0
0
0
0
0
5.927782283e-37
5.710745612e-36
0
0
0
3.785171527e-35
1.128635931e-35
3.005446773e-36
9.5419631e-37
0
1.449013016e-37
4.051017021e-35
2.2198045e-35
6.677728877e-36
5.619786115e-37
3.868432764e-37
8.849286786e-36
0
4.83734466e-35
1.461997289e-35
1.337983838e-35
0
0
0
0
0
0
0
0
0
0
0
0
0
0
0
0
0
0
0
0
0
0
0
0
0
0
0
0
0
0
0
0
0
0
0
7.073588178e-33
0
0
0
1.695501814e-33
1.940144101e-32
0
0
0
1.154507117e-31
3.537039485e-32
9.476200486e-33
2.966541607e-33
0
4.45594225e-34
1.263209806e-31
6.93717749e-32
2.074765098e-32
1.72846108e-33
1.183644298e-33
2.878564512e-32
0
1.494096357e-31
4.481892802e-32
4.08923463e-32
9.431834864e-26
6.324968081e-27
0
0
0
6.032567455e-27
4.541833628e-27
0
0
0
0
0
0
0
0
0
0
0
0
0
0
0
0
0
0
0
0
0
0
0
9.017124036e-29
4.516120234e-31
1.881356354e-31
2.505525842e-29
3.547477281e-29
2.340405562e-29
0
0
0
4.713503508e-30
6.676327303e-29
0
0
0
3.48687607e-28
1.089573401e-28
2.932017385e-29
9.156989536e-30
0
1.351139313e-30
3.850458614e-28
2.118403542e-28
6.303656365e-29
5.201628971e-30
3.54077955e-30
9.347921537e-29
0
4.53600108e-28
1.350188203e-28
1.224956224e-28
2.691581275e-22
6.035831393e-24
2.789195627e-25
2.694378595e-26
0
3.126181813e-24
2.99013246e-25
4.423676849e-26
0
0
1.248456529e-25
4.086995019e-26
3.052530905e-26
0
0
4.257844511e-25
1.322481749e-25
3.143088045e-26
0
0
5.507490273e-25
1.86273837e-25
8.666402068e-26
0
0
1.544647006e-25
1.196265883e-25
9.55535932e-26
8.534159213e-26
2.240212844e-25
2.855734276e-25
4.424949306e-27
1.80804852e-27
7.591745606e-26
1.071434343e-25
7.136629058e-26
0
0
0
1.374768022e-26
2.260913652e-25
0
0
0
1.028946999e-24
3.292732112e-25
8.885791787e-26
2.769092227e-26
0
3.995644697e-27
1.158052725e-24
6.385162522e-25
1.89122378e-25
1.543560156e-26
1.041257112e-26
3.000203037e-25
0
1.370509564e-24
4.045221507e-25
3.638802318e-25
8.218954113e-19
3.022421423e-20
1.089182139e-21
1.981416129e-23
0
1.773838619e-20
1.186689876e-21
5.647121629e-23
1.7134315e-24
0
3.414629268e-22
3.341361795e-23
1.804163257e-24
0
0
1.14967027e-21
3.130166809e-22
1.678268925e-23
0
0
1.559353098e-21
4.720797685e-22
2.041156913e-22
0
0
3.384393662e-22
2.913810649e-22
2.152455905e-22
1.936327778e-22
6.167275105e-22
8.823271647e-22
1.916490891e-23
5.647168291e-24
2.278638395e-22
3.248730727e-22
2.219982178e-22
0
0
0
4.090446159e-23
6.258493131e-22
0
0
0
3.049693828e-21
9.688260449e-22
2.765938864e-22
8.521884515e-23
2.618100335e-24
1.058467527e-23
3.47479003e-21
1.918760404e-21
5.69491187e-22
4.783142042e-23
3.022158054e-23
9.681840419e-22
0
4.113745746e-21
1.220028889e-21
1.080023177e-21
2.505363385e-15
8.940704112e-17
3.368650444e-18
7.678773691e-20
0
4.439908081e-17
3.374641486e-18
1.597381988e-19
4.277323657e-21
0
9.371035689e-19
9.24071204e-20
4.279566139e-21
0
0
3.419473767e-18
9.316260494e-19
4.969134718e-20
0
0
4.631207961e-18
1.408985407e-18
6.408242183e-19
0
0
1.004991718e-18
8.699084358e-19
6.431705899e-19
5.794776067e-19
1.85972733e-18
2.651719509e-18
5.499198232e-20
1.273104322e-20
6.746975369e-19
9.618900109e-19
6.606666707e-19
0
0
0
1.169747082e-19
1.921174074e-18
0
0
0
8.83516692e-18
2.894772641e-18
8.161019208e-19
2.492601109e-19
1.37144342e-20
1.552889436e-20
1.0314193e-17
5.696195761e-18
1.657655226e-18
1.317037029e-19
8.061717775e-20
2.936959969e-18
0
1.232981204e-17
3.615369509e-18
3.170604571e-18
7.438200555e-12
2.31364286e-13
9.552554652e-15
2.378646477e-16
0
1.007504005e-13
8.782760202e-15
4.117289324e-16
1.109189656e-17
0
2.488381704e-15
2.314219335e-16
1.04078132e-17
0
0
9.993657038e-15
2.635073183e-15
1.295699926e-16
0
0
1.352951063e-14
4.081560604e-15
1.833643938e-15
0
0
2.905814003e-15
2.516080782e-15
1.847459708e-15
1.64795974e-15
5.282249363e-15
7.675501645e-15
1.526059121e-16
3.287467466e-17
1.938419386e-15
2.745475949e-15
1.93127899e-15
0
0
0
3.097769146e-16
5.651092655e-15
0
0
0
2.46611705e-14
8.491251166e-15
2.354546937e-15
7.096764905e-16
3.971439997e-17
3.842468117e-17
3.000109495e-14
1.655756103e-14
4.682749812e-15
3.422198195e-16
1.973630687e-16
8.65881786e-15
0
3.607941499e-14
1.047909522e-14
9.028195794e-15
1.563607136e-08
3.803335331e-10
1.810266664e-11
4.297443686e-13
0
1.4521177e-10
1.597050808e-11
6.938456417e-13
1.702558391e-14
0
5.072852653e-12
3.888327597e-13
1.475767547e-14
0
0
2.370271249e-11
5.880592429e-12
2.273981935e-13
0
0
3.214594899e-11
9.361603885e-12
4.18623438e-12
8.835426674e-13
0
6.708726538e-12
5.430719181e-12
4.136781906e-12
3.834028352e-12
1.2434315e-11
1.705396258e-11
2.839348633e-13
6.87875928e-14
4.575464687e-12
6.582319377e-12
4.630071654e-12
0
0
9.290435173e-14
5.806191156e-13
1.282670954e-11
0
0
1.109220389e-11
5.476802025e-11
1.969844986e-11
5.502483193e-12
1.638371613e-12
8.172865934e-14
7.963520115e-14
6.842573624e-11
3.82996992e-11
1.040064825e-11
6.253059081e-13
3.310761898e-13
2.004795525e-11
0
8.441036815e-11
2.440474479e-11
2.013203193e-11
1.09735025e-05
1.786601717e-07
1.495966288e-08
2.755641196e-10
3.697706041e-09
5.677515851e-08
1.274385277e-08
4.248935157e-10
7.877385615e-12
3.770268209e-11
5.372324196e-09
2.616323039e-10
6.196588482e-12
1.693630689e-12
8.038438861e-12
2.69402499e-08
6.614171453e-09
1.549974605e-10
2.509272051e-10
3.33268569e-10
3.624870813e-08
1.03608764e-08
5.0140351e-09
1.995600952e-08
2.748893983e-08
7.460428291e-09
5.300278343e-09
4.740578926e-09
7.039570921e-09
2.877868821e-08
1.795684195e-08
1.837701274e-10
7.425989946e-11
8.469126855e-09
1.487460911e-08
5.615654935e-09
2.179239285e-10
3.578682211e-11
1.875879442e-10
4.998020479e-10
1.743172768e-08
2.426608701e-08
4.184119127e-09
2.741042317e-08
1.012049366e-07
2.267495316e-08
6.388593616e-09
2.042457514e-09
7.472708493e-11
8.879576429e-11
7.12271855e-08
4.258143427e-08
1.10774886e-08
4.13325797e-10
2.020278847e-10
2.033824202e-08
2.711218155e-08
9.317831067e-08
2.684971178e-08
2.105303676e-08
1.744031301e-05
6.711936489e-05
1.127994096e-05
1.658107937e-07
3.410295212e-06
2.145855789e-05
8.38014989e-06
1.667890879e-07
2.835907491e-09
2.00851364e-08
4.579739136e-06
1.266530463e-07
1.850781661e-09
9.296539313e-10
6.659950963e-09
2.113725282e-05
5.440112491e-06
5.990866282e-08
1.151610019e-07
1.620970289e-07
2.94380787e-05
8.588385621e-06
4.498066419e-06
1.720423771e-05
2.633940985e-05
6.573316031e-06
4.09081436e-06
4.222679829e-06
6.51682668e-06
2.440220093e-05
1.405533145e-05
6.177659146e-08
4.794308076e-08
7.218630873e-06
1.223927059e-05
4.92679887e-06
1.017678858e-07
2.133867299e-08
9.135491473e-08
2.245522539e-07
1.475768268e-05
1.8168916e-05
3.71100705e-06
2.128354395e-05
7.155394459e-05
1.917289371e-05
5.653024328e-06
2.10418872e-06
4.711447954e-08
6.305755817e-08
5.13449664e-05
3.313853415e-05
8.639338355e-06
1.512864058e-07
7.529026604e-08
1.391879749e-05
1.982593958e-05
7.152337499e-05
2.121515936e-05
1.594165674e-05
1.534325334e-05
3.319939175e-05
2.300318618e-05
7.680172758e-06
7.145484232e-06
2.972904174e-05
9.333295039e-06
2.620396891e-06
4.368798624e-08
2.771513285e-08
5.586827491e-06
9.497134242e-08
1.99168901e-08
6.096970378e-08
3.074078124e-06
3.068686505e-05
6.786775222e-06
2.989833646e-06
2.635621122e-06
3.027120395e-06
2.16710021e-05
1.784348636e-05
7.789817725e-06
1.514620172e-05
1.722247955e-05
1.511535516e-05
5.942504728e-06
7.928790596e-06
1.823882313e-05
1.685045152e-05
2.723054466e-05
6.419432412e-06
5.908865876e-06
1.768785996e-05
2.600083452e-05
7.614962472e-06
7.272762469e-06
4.528809877e-06
1.70571268e-07
1.305234963e-07
2.595514481e-05
2.803451127e-05
6.449086462e-06
3.650383492e-05
3.060248184e-05
3.099015807e-05
1.032132302e-05
2.540614853e-06
9.927005757e-08
5.614704935e-08
2.905955297e-05
2.261940778e-05
1.957621215e-05
5.018110471e-06
3.014805855e-06
6.579074519e-06
9.092125589e-06
3.466677328e-05
1.871263217e-05
1.90449726e-05
1.304663909e-05
2.003543247e-05
1.896269131e-05
6.317718727e-06
5.376392333e-06
2.327071622e-05
5.735560345e-06
1.605516253e-06
2.521931184e-08
1.742424997e-08
4.177734485e-06
7.002642683e-08
9.694372847e-09
3.371754057e-08
1.591964993e-06
2.170721022e-05
4.47477091e-06
1.740867389e-06
1.539912915e-06
1.664050886e-06
1.486943164e-05
1.494232211e-05
7.326033901e-06
1.062258137e-05
1.067748339e-05
1.430330243e-05
4.465349539e-06
6.758604329e-06
1.70666444e-05
1.095351254e-05
2.091428316e-05
4.937638117e-06
4.616318481e-06
1.654549809e-05
2.432433044e-05
6.115292359e-06
5.325999087e-06
3.379710291e-06
1.674500917e-07
9.470363308e-08
2.087895949e-05
2.176613269e-05
6.464253296e-06
3.474971674e-05
1.694667899e-05
2.208305942e-05
8.634855352e-06
1.705693303e-06
1.973036635e-06
4.533887081e-08
1.882733054e-05
1.5794177e-05
1.695179927e-05
3.695434546e-06
1.776469177e-06
4.48092146e-06
5.85718486e-06
2.027597725e-05
1.345314159e-05
1.175252184e-05
1.164175871e-05
1.775957385e-05
1.415472327e-05
3.781421784e-06
2.541422287e-06
1.94280369e-05
3.122726681e-06
1.039503995e-06
4.636764365e-08
1.52420977e-06
2.485051807e-06
2.235075228e-06
1.47398775e-08
1.541217238e-08
7.268242705e-07
2.119167344e-05
2.525012319e-06
8.817028848e-07
7.75289759e-07
7.166883202e-07
1.082360975e-05
1.142237957e-05
6.244460448e-06
1.028715906e-05
7.34306425e-06
1.187908144e-05
2.891770411e-06
4.994666762e-06
1.417348147e-05
7.893441652e-06
1.841311579e-05
2.775619814e-06
2.768380021e-06
1.155880514e-05
2.00624957e-05
4.16865066e-06
2.844390142e-06
1.739198075e-06
2.630234815e-06
3.290812786e-06
1.64461708e-05
1.734114059e-05
6.055428292e-06
3.707488927e-05
4.37452193e-05
1.851899381e-05
6.158590675e-06
8.681949126e-07
1.193674269e-06
1.239977208e-06
1.369210245e-05
1.191069124e-05
1.329376259e-05
2.08781479e-06
8.229338414e-07
8.193869742e-06
4.636140473e-06
1.356990342e-05
1.042160261e-05
1.268166579e-05
1.484643121e-05
2.345146514e-05
1.029679551e-05
2.341706448e-06
1.048544441e-06
1.416209792e-05
1.718308239e-06
7.674257073e-07
3.016899462e-08
6.864019713e-07
1.413108078e-06
1.315954725e-06
1.105522001e-08
6.834116932e-09
3.279121096e-07
1.943576795e-05
1.453876172e-06
4.874397484e-07
3.880481236e-07
3.653939957e-07
1.081705704e-05
8.991841263e-06
5.671616061e-06
1.856889862e-05
1.636569802e-05
9.836151663e-06
1.940728042e-06
3.911348023e-06
1.271820934e-05
7.055796875e-06
1.576417057e-05
1.627344369e-06
1.552969176e-06
7.659021271e-06
1.463585796e-05
2.908560576e-06
1.525473998e-06
8.685024733e-07
1.650362993e-06
1.984338141e-06
1.369126372e-05
1.431798239e-05
5.453160438e-06
3.504876165e-05
5.008558721e-05
1.769278561e-05
4.356127762e-06
5.095407948e-07
6.105069069e-07
8.243112197e-07
1.901169163e-05
1.525196002e-05
1.02917863e-05
1.220339112e-06
4.266814958e-07
2.293326555e-05
4.6806241e-06
1.060862044e-05
1.434898033e-05
1.894901735e-05
1.859261047e-05
2.366979322e-05
7.278909183e-06
1.377970665e-06
4.50442471e-07
9.145916389e-06
1.022138601e-06
5.169073337e-07
1.138529755e-06
2.594338117e-07
8.564631453e-07
7.941952353e-07
1.054333571e-08
1.167827739e-08
2.169569188e-07
1.651711607e-05
9.202878589e-07
3.386736405e-07
3.602916126e-07
2.338180091e-07
1.303392866e-05
7.347559977e-06
5.292670376e-06
2.168200553e-05
2.121339388e-05
8.694930504e-06
1.453034064e-06
3.32888834e-06
1.193316872e-05
8.547087291e-06
1.279717444e-05
9.883089175e-07
8.859540082e-07
5.160379369e-06
1.058277685e-05
2.160697169e-06
9.137378378e-07
4.574867996e-07
9.980293651e-07
1.133862901e-06
1.211983422e-05
1.185846281e-05
4.84670609e-06
3.10172082e-05
4.779988281e-05
1.622988611e-05
3.196579515e-06
3.298290263e-07
3.420772574e-07
4.410500147e-07
2.171116976e-05
1.805804015e-05
8.039944103e-06
7.953876779e-07
2.620042552e-07
2.922589735e-05
5.173504754e-06
1.034826439e-05
1.777474428e-05
1.988087348e-05
1.957904727e-05
2.12814859e-05
5.141744165e-06
8.114010221e-07
2.243775482e-07
5.506258125e-06
6.454946508e-07
2.999862111e-07
5.960876306e-07
9.363580731e-08
5.543771504e-07
4.661078819e-07
1.26933641e-06
1.080600303e-06
1.247107072e-07
1.336869676e-05
6.061404511e-07
1.891773369e-07
2.32625338e-07
2.071585663e-07
1.414533502e-05
6.182803435e-06
4.928199954e-06
2.150232862e-05
2.195057647e-05
7.878576581e-06
1.197094007e-06
2.993773157e-06
1.128669394e-05
9.682868681e-06
1.017536349e-05
6.588613332e-07
5.741219786e-07
3.613363303e-06
7.829602814e-06
1.714541438e-06
6.262303364e-07
2.658729853e-07
5.978302275e-07
7.310483306e-07
1.112652746e-05
9.805610786e-06
4.254359497e-06
2.62484658e-05
4.201477892e-05
1.49167721e-05
2.95932312e-06
2.454257222e-07
2.207282801e-07
2.665223166e-07
2.1581744e-05
2.01226838e-05
6.462076759e-06
6.095936748e-07
1.92851458e-07
2.918886716e-05
6.072005586e-06
1.190524096e-05
1.908761055e-05
1.856482711e-05
)
;

boundaryField
{
    walls
    {
        type            zeroGradient;
    }
    inlet
    {
        type            fixedValue;
        value           uniform 0;
    }
    outlet
    {
        type            inletOutlet;
        phi             alphaRhoPhi;
        inletValue      uniform 0;
        value           nonuniform List<scalar> 
384
(
1.518515752e-05
1.158478571e-05
1.020947207e-05
9.755475791e-06
9.595402397e-06
7.085278677e-06
9.865655127e-06
1.232436664e-05
7.030254365e-06
7.575709478e-06
1.806501685e-05
2.264652182e-05
2.375447223e-06
7.525205289e-06
1.016993237e-05
7.398001284e-06
6.324599499e-06
6.495451378e-06
6.812936408e-06
7.817327584e-06
7.101685189e-06
6.898191429e-06
6.978878943e-06
9.132123048e-06
1.810402515e-06
1.739741297e-05
7.900658085e-06
5.304244929e-06
1.898794581e-06
4.401347635e-06
6.842990532e-06
7.556399196e-06
7.634885565e-06
1.105182946e-05
8.934327876e-06
6.578029414e-06
1.906878405e-05
9.124490714e-06
6.358497594e-06
2.328168692e-06
3.002650849e-07
7.630503528e-07
5.03380808e-06
9.043366366e-06
1.29229338e-05
6.270231567e-06
1.323827001e-05
1.100372229e-05
8.91271377e-06
9.157561078e-06
1.54172955e-05
7.840955531e-06
1.370765412e-06
1.80934052e-06
6.662282191e-06
9.803138166e-06
4.6104489e-06
6.65404799e-06
1.512676009e-05
8.941179028e-06
1.245153874e-05
1.770920887e-05
6.531014832e-06
1.35302991e-05
9.067857194e-06
1.696285432e-06
8.242065412e-06
1.765475785e-05
1.338168955e-06
1.600493975e-06
2.780211169e-05
8.893980204e-06
2.275265801e-05
6.067906475e-06
8.542717027e-07
2.881771914e-06
1.757915335e-05
8.299427427e-06
1.542585153e-05
1.518740052e-06
1.012095505e-07
2.480589871e-07
7.191901813e-06
1.238143999e-05
1.069802516e-06
6.916093274e-07
1.447423616e-05
1.000238807e-05
1.318253291e-05
1.051219814e-05
6.303443609e-06
1.631342841e-07
8.68102419e-08
2.907853581e-07
8.962168882e-06
1.229486084e-05
5.516606462e-06
4.224965747e-06
9.44894849e-06
1.84149892e-05
1.593311638e-05
1.646162628e-05
7.156451417e-06
2.486289354e-07
1.651025113e-07
1.588221549e-06
2.07800721e-05
1.100810813e-05
1.33327108e-05
1.699408788e-05
9.30351002e-06
1.029589471e-05
1.438854018e-05
3.215853744e-06
3.031556084e-07
3.308233805e-07
2.196516229e-06
1.867590853e-05
1.115245461e-05
9.657584098e-06
5.964979133e-06
1.350670363e-06
1.260895558e-05
9.238508007e-06
1.678160135e-05
9.965474081e-07
2.110301623e-07
6.411388772e-07
9.733609453e-06
1.152700227e-05
1.310548435e-05
8.244084312e-06
9.44614653e-06
1.259176228e-06
6.931038033e-06
1.260731839e-05
9.469142262e-06
1.251155904e-06
1.907553769e-07
1.236925561e-06
1.115908445e-05
8.598492748e-06
1.122486139e-05
1.455626652e-05
2.362621655e-05
1.681373049e-05
1.55643615e-05
8.12350736e-06
1.312875668e-05
1.41121251e-05
6.066671674e-07
1.11247033e-06
1.621707109e-05
9.610654161e-06
1.091228546e-05
8.163088483e-06
8.796148691e-06
1.142348174e-05
8.286076658e-06
6.932421226e-06
1.219649958e-05
1.40810266e-05
6.67495469e-07
5.211394044e-07
7.670792529e-06
2.521631748e-05
2.058436749e-05
9.515274517e-06
8.156345526e-06
9.674356811e-06
8.448088535e-06
5.647710891e-06
6.979975904e-06
1.269865588e-05
2.639694814e-06
5.277671211e-07
4.945089197e-07
1.11716449e-05
3.689120751e-06
1.129066656e-05
9.584256213e-06
5.071239113e-06
1.203177258e-05
5.565772571e-06
6.932264517e-06
8.766609049e-06
5.169851726e-06
3.31828896e-06
1.4754313e-07
2.890928495e-07
9.206312706e-07
1.144169601e-05
6.63335232e-06
6.079180401e-06
8.269615394e-06
4.970802804e-06
8.725542007e-06
1.227142523e-05
2.738241135e-06
8.817952525e-06
2.95847355e-07
6.130602088e-08
1.569658424e-06
9.185408016e-06
9.678678029e-06
1.388768056e-05
1.144405717e-05
2.237173649e-05
1.151499496e-05
3.345627995e-06
4.886284071e-06
1.303176249e-05
1.25361979e-05
8.944245535e-06
9.336645672e-06
1.074431415e-05
9.705875326e-06
1.275157122e-05
1.431293497e-05
5.342177498e-06
2.048863514e-05
1.39619639e-06
2.234994758e-06
1.311556653e-05
8.952227243e-06
1.191469639e-05
1.298585582e-05
1.11708253e-05
1.056379887e-05
1.188506316e-05
1.394237304e-05
1.004963199e-06
2.218717462e-05
2.032972316e-06
3.320836653e-06
1.424115472e-05
1.26717584e-05
1.252866775e-05
1.138604438e-05
1.392019584e-05
1.094564224e-05
1.143459772e-05
9.281044853e-06
5.845735992e-07
1.573109288e-05
1.494349017e-05
6.634471873e-06
1.279648774e-05
1.201729225e-05
7.51347544e-06
1.365352409e-05
5.431720767e-06
7.799151535e-06
9.96383919e-06
7.714777702e-06
9.133084378e-07
1.273375657e-06
1.621507593e-05
7.032793327e-06
5.90246431e-06
5.833840516e-06
5.811918137e-06
1.160411395e-05
2.97373496e-06
9.982814506e-06
6.477356292e-06
5.578272005e-06
6.902839531e-06
6.392357196e-06
8.696454223e-06
1.03395338e-05
1.888210464e-05
1.385058349e-05
2.052048818e-05
1.520966696e-05
1.436193814e-05
8.032223957e-06
7.785464192e-06
1.56693292e-05
7.556102598e-06
6.530198307e-06
1.366938965e-05
1.345524432e-05
7.831867757e-07
4.446793006e-07
1.144309639e-06
1.899710093e-05
1.259150904e-05
8.681905395e-06
1.313025314e-05
1.90872398e-05
9.696416418e-06
6.313027163e-06
1.321564705e-05
1.467427388e-05
5.343519694e-07
3.615601907e-07
6.141724973e-07
4.785161549e-06
1.428561146e-05
9.733292545e-06
1.121232619e-05
1.713172631e-06
1.832857995e-05
5.930117679e-06
8.846954929e-06
6.732537315e-06
3.554965764e-06
2.056819776e-08
2.186670217e-06
1.414318118e-06
8.157417719e-06
7.588420622e-06
3.00912113e-06
7.910966767e-07
1.792021187e-05
5.220064775e-06
9.360750604e-06
4.182501996e-06
1.769266943e-05
3.351392742e-08
1.306674959e-08
1.093666076e-06
4.643235551e-06
1.957904727e-05
5.506258125e-06
5.543771504e-07
1.336869676e-05
1.414533502e-05
7.878576581e-06
1.017536349e-05
1.714541438e-06
1.112652746e-05
1.49167721e-05
2.1581744e-05
2.918886716e-05
2.12814859e-05
6.454946508e-07
4.661078819e-07
6.061404511e-07
6.182803435e-06
1.197094007e-06
6.588613332e-07
6.262303364e-07
9.805610786e-06
2.95932312e-06
2.01226838e-05
6.072005586e-06
5.141744165e-06
2.999862111e-07
1.26933641e-06
1.891773369e-07
4.928199954e-06
2.993773157e-06
5.741219786e-07
2.658729853e-07
4.254359497e-06
2.454257222e-07
6.462076759e-06
1.190524096e-05
8.114010221e-07
5.960876306e-07
1.080600303e-06
2.32625338e-07
2.150232862e-05
1.128669394e-05
3.613363303e-06
5.978302275e-07
2.62484658e-05
2.207282801e-07
6.095936748e-07
1.908761055e-05
2.243775482e-07
9.363580731e-08
1.247107072e-07
2.071585663e-07
2.195057647e-05
9.682868681e-06
7.829602814e-06
7.310483306e-07
4.201477892e-05
2.665223166e-07
1.92851458e-07
1.856482711e-05
)
;
    }
}


// ************************************************************************* //
