/*--------------------------------*- C++ -*----------------------------------*\
  =========                 |
  \\      /  F ield         | OpenFOAM: The Open Source CFD Toolbox
   \\    /   O peration     | Website:  https://openfoam.org
    \\  /    A nd           | Version:  7
     \\/     M anipulation  |
\*---------------------------------------------------------------------------*/
FoamFile
{
    version     2.0;
    format      ascii;
    class       volScalarField;
    location    "2";
    object      H2O;
}
// * * * * * * * * * * * * * * * * * * * * * * * * * * * * * * * * * * * * * //

dimensions      [0 0 0 0 0 0 0];

internalField   nonuniform List<scalar> 
6144
(
1.840880043e-07
1.90997095e-07
1.741714565e-07
1.814566974e-07
2.091294497e-07
1.994083862e-07
1.689516032e-07
1.584999676e-07
1.612456176e-07
1.595517221e-07
1.523404607e-07
1.544234306e-07
1.846500759e-07
1.688051582e-07
1.597561232e-07
1.706391913e-07
2.051464935e-07
1.926593604e-07
1.69352661e-07
1.609206722e-07
1.702832689e-07
1.780044965e-07
1.663478925e-07
1.622805211e-07
1.820846121e-07
1.594730253e-07
1.573571241e-07
1.517212955e-07
1.618828235e-07
1.514675765e-07
1.40670502e-07
1.418812052e-07
1.681546226e-07
1.925737531e-07
1.837117314e-07
1.77786118e-07
1.726543932e-07
1.502802116e-07
1.379867865e-07
1.30964626e-07
1.358100771e-07
1.390537085e-07
1.261163183e-07
1.207952761e-07
1.365395031e-07
1.629624974e-07
1.822537944e-07
1.814014716e-07
1.548609069e-07
1.388853307e-07
1.397759057e-07
1.393215951e-07
1.316888242e-07
1.409094726e-07
1.295319907e-07
1.295956895e-07
1.374569455e-07
1.520200244e-07
1.76346547e-07
1.82914481e-07
1.322153646e-07
1.221824954e-07
1.323204758e-07
1.499101258e-07
1.278551869e-07
1.290309782e-07
1.355675427e-07
1.493429154e-07
1.561584337e-07
1.55154979e-07
1.688685662e-07
1.78124015e-07
1.220416186e-07
1.289988701e-07
1.537953832e-07
1.811286358e-07
1.441972156e-07
1.247383949e-07
1.403003304e-07
1.709779467e-07
1.846477194e-07
1.65847122e-07
1.761081972e-07
1.971153096e-07
1.220500244e-07
1.487267048e-07
1.860556116e-07
2.16818413e-07
1.925417119e-07
1.647265976e-07
1.846567398e-07
2.202816681e-07
2.13064211e-07
1.816474646e-07
2.016151738e-07
2.248376759e-07
1.298925614e-07
1.408605458e-07
1.789905753e-07
2.267671931e-07
2.550216601e-07
2.193382631e-07
2.292691444e-07
2.652821139e-07
2.205996697e-07
1.802916874e-07
2.077779404e-07
2.330249266e-07
1.445345375e-07
1.303734768e-07
1.587468864e-07
2.099675727e-07
2.647677301e-07
2.519747456e-07
2.523595212e-07
2.603674722e-07
1.99086834e-07
1.743607797e-07
2.068031505e-07
2.241345317e-07
1.560597151e-07
1.324574192e-07
1.397160941e-07
1.785088344e-07
2.19804344e-07
2.153798191e-07
2.218589169e-07
2.383568817e-07
1.915834428e-07
1.988664908e-07
2.507957416e-07
2.565644119e-07
1.727044408e-07
1.427957208e-07
1.29097654e-07
1.397669419e-07
1.555473853e-07
1.576605303e-07
1.763293862e-07
1.86577421e-07
1.69265368e-07
2.070201358e-07
2.791984006e-07
3.188930519e-07
1.711596752e-06
1.812948383e-06
1.630133472e-06
1.698284102e-06
2.000418486e-06
1.894010657e-06
1.53908215e-06
1.466179734e-06
1.507225116e-06
1.470805531e-06
1.34593692e-06
1.289844495e-06
1.722688079e-06
1.532118708e-06
1.448342611e-06
1.562936189e-06
1.92552872e-06
1.810828456e-06
1.57664803e-06
1.482616016e-06
1.596950013e-06
1.671149101e-06
1.485312152e-06
1.356975655e-06
1.679379115e-06
1.453370393e-06
1.427927736e-06
1.368189436e-06
1.500927817e-06
1.394387717e-06
1.283928969e-06
1.306417674e-06
1.593742921e-06
1.842102116e-06
1.698008527e-06
1.611883244e-06
1.552324467e-06
1.350617775e-06
1.177358868e-06
1.104017764e-06
1.233934776e-06
1.300324141e-06
1.163762379e-06
1.098816278e-06
1.261909702e-06
1.508075733e-06
1.668929012e-06
1.635405297e-06
1.287624702e-06
1.166936678e-06
1.079398083e-06
1.068516365e-06
1.16185547e-06
1.329091656e-06
1.188698994e-06
1.197087866e-06
1.265466336e-06
1.379347535e-06
1.517393054e-06
1.578691797e-06
1.08332375e-06
1.025105628e-06
1.085344238e-06
1.186219148e-06
1.106873695e-06
1.182210511e-06
1.23948701e-06
1.343789103e-06
1.357466824e-06
1.382296561e-06
1.461897965e-06
1.515136034e-06
1.048296032e-06
1.146070184e-06
1.378729478e-06
1.662706678e-06
1.297006816e-06
1.104141913e-06
1.248543454e-06
1.513528258e-06
1.494939925e-06
1.387216231e-06
1.413905999e-06
1.50891362e-06
1.086247097e-06
1.375508946e-06
1.715779532e-06
2.031815112e-06
1.763337913e-06
1.465980599e-06
1.676560273e-06
2.003822237e-06
1.781585744e-06
1.437018426e-06
1.544760776e-06
1.747676327e-06
1.165593742e-06
1.279258257e-06
1.637553428e-06
2.100822409e-06
2.391420309e-06
2.00324304e-06
2.098012037e-06
2.517256515e-06
2.000988724e-06
1.560472254e-06
1.804511371e-06
2.032442409e-06
1.296850722e-06
1.159011967e-06
1.446839326e-06
1.939815758e-06
2.509710081e-06
2.359122249e-06
2.325972955e-06
2.426494788e-06
1.78725161e-06
1.52093191e-06
1.822090215e-06
1.985443534e-06
1.430639872e-06
1.194992656e-06
1.264037758e-06
1.649750502e-06
2.058077332e-06
1.969144013e-06
2.034754104e-06
2.220878274e-06
1.719786441e-06
1.789679936e-06
2.231561581e-06
2.124678297e-06
1.608772614e-06
1.31246235e-06
1.163228796e-06
1.248686664e-06
1.397308517e-06
1.40443036e-06
1.605680978e-06
1.719535565e-06
1.524710169e-06
1.859012151e-06
2.337457989e-06
2.212060696e-06
1.454409477e-05
1.578246127e-05
1.402521696e-05
1.458407555e-05
1.766530961e-05
1.659027737e-05
1.272740082e-05
1.226651132e-05
1.288278683e-05
1.259493169e-05
1.136658541e-05
1.064332217e-05
1.467764654e-05
1.265091704e-05
1.195432594e-05
1.30181291e-05
1.652174063e-05
1.562587409e-05
1.349246112e-05
1.246400478e-05
1.379215668e-05
1.460600073e-05
1.258416231e-05
1.118625439e-05
1.424062863e-05
1.212658738e-05
1.211538165e-05
1.144383373e-05
1.269719117e-05
1.160992843e-05
1.071931453e-05
1.099937331e-05
1.403793975e-05
1.641950237e-05
1.468862389e-05
1.385428756e-05
1.312537279e-05
1.137431116e-05
9.69415085e-06
8.989854873e-06
1.047239481e-05
1.118841829e-05
9.878364938e-06
9.226916669e-06
1.089263708e-05
1.305817235e-05
1.453186675e-05
1.401714198e-05
1.047749414e-05
9.489256807e-06
8.602111571e-06
8.578492952e-06
9.833833407e-06
1.163740984e-05
1.010473727e-05
1.038239455e-05
1.109845297e-05
1.199697434e-05
1.292805694e-05
1.356336742e-05
8.685935465e-06
8.222339333e-06
8.746812345e-06
9.613673078e-06
9.147711047e-06
1.005934664e-05
1.049921641e-05
1.141226049e-05
1.150086235e-05
1.188177074e-05
1.242242014e-05
1.28950673e-05
8.674701377e-06
9.491693049e-06
1.145394259e-05
1.433150198e-05
1.078628958e-05
8.997312246e-06
1.029632568e-05
1.274728417e-05
1.247370751e-05
1.159347208e-05
1.1584732e-05
1.229039526e-05
9.089511844e-06
1.178153038e-05
1.444735463e-05
1.736229442e-05
1.47486686e-05
1.198508061e-05
1.403872283e-05
1.71465458e-05
1.506903294e-05
1.173061167e-05
1.261288111e-05
1.439884004e-05
9.70846363e-06
1.063641119e-05
1.360990443e-05
1.773188878e-05
2.053732977e-05
1.676704679e-05
1.746686969e-05
2.176472027e-05
1.689778714e-05
1.275280651e-05
1.507738663e-05
1.710026792e-05
1.085621647e-05
9.406968901e-06
1.200617797e-05
1.639967432e-05
2.187594936e-05
2.028109609e-05
1.961151236e-05
2.062716092e-05
1.459473394e-05
1.225671477e-05
1.510857144e-05
1.684038757e-05
1.209100701e-05
9.835125457e-06
1.042101553e-05
1.407004394e-05
1.775322991e-05
1.641645748e-05
1.706666075e-05
1.91301603e-05
1.425969313e-05
1.518851782e-05
1.940168625e-05
1.790856017e-05
1.377652996e-05
1.107855613e-05
9.603384316e-06
1.031875144e-05
1.150818282e-05
1.137070678e-05
1.343388291e-05
1.469771206e-05
1.281650479e-05
1.610792147e-05
2.030730598e-05
1.812927181e-05
0.0001107784333
0.0001223894673
0.0001070359498
0.000111323826
0.0001395405087
0.0001309137883
9.530102348e-05
9.174491291e-05
9.938019256e-05
9.829070003e-05
8.775532315e-05
8.185657649e-05
0.0001128897751
9.371452639e-05
8.715384437e-05
9.512723632e-05
0.0001274888449
0.0001227627231
0.0001055942652
9.558387995e-05
0.0001083140067
0.0001157424783
9.7107899e-05
8.548152942e-05
0.0001100582943
9.024002091e-05
9.275142926e-05
8.522274884e-05
9.491678726e-05
8.626040561e-05
8.21183258e-05
8.458760146e-05
0.0001127666465
0.0001329695902
0.0001156248198
0.000110003831
0.000102046459
8.593826042e-05
7.181554082e-05
6.600025503e-05
8.006977518e-05
8.681761312e-05
7.648694544e-05
7.081567868e-05
8.50330051e-05
0.0001023869935
0.0001162461356
0.0001107292629
7.91287552e-05
6.971900276e-05
6.271530729e-05
6.360744923e-05
7.592274094e-05
9.310971864e-05
7.893218173e-05
8.332479671e-05
8.889442863e-05
9.482280258e-05
0.0001013820041
0.0001080312818
6.493197002e-05
5.945427297e-05
6.39767955e-05
7.213656398e-05
6.883479961e-05
7.725000725e-05
8.106288091e-05
8.997757863e-05
9.084420464e-05
9.34085448e-05
9.715362846e-05
0.0001017325472
6.623009385e-05
7.161690105e-05
8.571500251e-05
0.0001120937605
8.045139906e-05
6.518049526e-05
7.68601212e-05
9.857608984e-05
9.677290545e-05
8.850172707e-05
8.647805866e-05
9.229383854e-05
6.917281179e-05
9.28598703e-05
0.0001109976946
0.0001346865513
0.0001108147259
8.789565849e-05
0.0001053416883
0.0001318967811
0.0001167476853
8.698260259e-05
9.348379777e-05
0.0001092159463
7.210100794e-05
7.975407855e-05
0.0001019877197
0.0001357961296
0.0001606530973
0.0001266426956
0.0001304946923
0.0001681411034
0.0001283827276
9.393272803e-05
0.0001153814289
0.0001343953669
8.072701943e-05
6.806299176e-05
8.958575039e-05
0.0001258770842
0.0001733203425
0.0001580248178
0.0001509748632
0.0001589078978
0.0001072206927
9.076395502e-05
0.0001163355827
0.0001324395427
9.125326272e-05
7.193127858e-05
7.711366768e-05
0.000109310971
0.0001390021551
0.0001237367347
0.0001295440487
0.0001507410139
0.0001076072864
0.0001185482136
0.0001575573765
0.0001407802907
0.000106223636
8.317895727e-05
7.09096995e-05
7.728575973e-05
8.551264563e-05
8.286048637e-05
0.0001024206736
0.0001140024672
9.758051257e-05
0.0001284263797
0.0001652489842
0.0001420792964
0.0007183222663
0.0008086465552
0.0006872908411
0.0007227970996
0.000937565558
0.0008888852524
0.0006226970354
0.0005993854919
0.0006761807455
0.0006793188238
0.0005965152132
0.0005628495658
0.0007569323665
0.0005968089776
0.0005437405972
0.0005873619521
0.0008427162287
0.0008411577563
0.0007264016645
0.0006456715076
0.0007492347461
0.0007977504826
0.0006507702417
0.000578503726
0.0007534619711
0.0005922200039
0.0006266862136
0.0005462441685
0.0006125750108
0.000562392835
0.0005573206057
0.0005774872631
0.0007956334958
0.0009325928864
0.0007919732919
0.0007763552774
0.0007009008044
0.0005719827705
0.0004638310839
0.0004261527772
0.0005402292149
0.0005962299883
0.0005280618973
0.0004794049794
0.0005727024291
0.0006905557056
0.0008162497533
0.000771387763
0.0005226022639
0.000444279799
0.000396938719
0.0004147540863
0.0005212664793
0.0006683558634
0.0005446697089
0.0005888254751
0.0006130461109
0.0006400709955
0.0006928513648
0.0007620133469
0.0004289364814
0.000372625241
0.0004061754639
0.0004771118274
0.0004611585758
0.0005203968175
0.0005441793252
0.0006221860394
0.0006334972985
0.0006343710759
0.0006619534266
0.0007093168555
0.0004425819486
0.0004745668632
0.0005615983169
0.0007833848311
0.0005298339225
0.0004102608759
0.0004957316675
0.0006707172599
0.0006623503249
0.0005880099028
0.0005546005426
0.0006005758671
0.0004570829299
0.0006541868085
0.000755041596
0.0009318981794
0.0007225906011
0.0005577818752
0.0006848125073
0.0008756487344
0.0007892301268
0.0005561019264
0.0005947987002
0.0007200384573
0.0004547158301
0.0005250913112
0.0006728625783
0.000920954349
0.001095486775
0.0008248028553
0.0008445778366
0.001132893068
0.0008630703169
0.0006050343347
0.0007751357233
0.0009382516858
0.0005028049611
0.0004225958028
0.0005869079479
0.0008492767861
0.001198839086
0.001069370889
0.001017017753
0.001068410294
0.0006874759366
0.0005915881215
0.0007924584413
0.0009214576189
0.0005863804026
0.000450792757
0.0004967758838
0.0007481774181
0.0009564383819
0.0008134778911
0.0008508215978
0.0010325367
0.0006975537827
0.0008087725646
0.001130398808
0.0009696864079
0.0007049260513
0.0005439910062
0.0004557750626
0.0005045498261
0.000551993628
0.0005265375975
0.0006916518694
0.0007718660021
0.0006411384872
0.0008958559794
0.00117552809
0.0009759966699
0.003717543663
0.004304025173
0.003518349774
0.003803260416
0.005004999653
0.004832887998
0.003319792163
0.003187711394
0.003834101015
0.00395831499
0.003345509265
0.003263313899
0.004143910152
0.003085868033
0.002797004369
0.002951151057
0.004530069592
0.00475641738
0.004129195672
0.003592530223
0.004329329543
0.004470672999
0.003516158664
0.003263711686
0.004353828351
0.003250222303
0.003587905677
0.002886830285
0.003232973033
0.003043879364
0.00316128372
0.003316315749
0.004684220307
0.005258685695
0.004402163439
0.004561474214
0.004046214876
0.003204699238
0.002510266107
0.002303787501
0.003086133234
0.003418139757
0.003093560769
0.00272878594
0.003139189982
0.00372223437
0.004723143137
0.004432839501
0.002869313656
0.002358155184
0.002073669359
0.002254663831
0.00304741331
0.004043500754
0.003143534533
0.003458095159
0.003421889171
0.003442321379
0.003907762038
0.004520137176
0.002382981546
0.001966029426
0.002141224104
0.002642154499
0.002609808691
0.002888590689
0.002957850443
0.003519331595
0.003668973524
0.003516981559
0.003802627331
0.004201809409
0.002450091169
0.002639340177
0.003048146787
0.004628613712
0.00293261415
0.00212354921
0.002604202325
0.003788285903
0.00380473997
0.00327654041
0.002953687766
0.003241978968
0.002537595131
0.003887574061
0.004255729261
0.005441179729
0.003885950093
0.002883934524
0.003634694521
0.004728163871
0.004468186182
0.002946944537
0.003069783107
0.003864948474
0.002345147984
0.002874081265
0.003696834572
0.005267227057
0.006111047232
0.00431305464
0.004434283932
0.006168472388
0.004843965014
0.003183274971
0.004232952422
0.005388658183
0.002492346669
0.002155954136
0.003230448176
0.004787866371
0.006833231876
0.005880967403
0.005633486481
0.005780155645
0.003601763488
0.003171056606
0.004433415168
0.005299834075
0.003040860603
0.002295721282
0.002646813247
0.004311129366
0.005498640364
0.004391780694
0.00453074033
0.005623651268
0.003625140095
0.004474362245
0.006668148054
0.005457874346
0.00382707919
0.00291989013
0.002390064164
0.002730570535
0.002947255049
0.00278406144
0.003913036755
0.004254969463
0.003415258222
0.005129318731
0.006751041589
0.005420033433
0.01359090574
0.01584481619
0.0127337445
0.01452669416
0.01843528896
0.01830858209
0.01268574862
0.01210251666
0.01628612591
0.01773277833
0.01384367976
0.01436903507
0.01618892297
0.01151490883
0.01061895458
0.01068553976
0.01733056203
0.02020706696
0.01746126291
0.01454059545
0.01882312835
0.01784857216
0.01338666244
0.01374580058
0.01908389075
0.01340242205
0.01549360934
0.01101453379
0.01221645382
0.01227628718
0.0134788869
0.01448550913
0.02060536203
0.0204120612
0.01758116317
0.01990427987
0.017691899
0.01345916138
0.01012318264
0.009305120199
0.01354634216
0.0145883664
0.01391287749
0.01187856674
0.01269817932
0.01428389531
0.02016216036
0.01858455643
0.01205146215
0.009288310327
0.007833712838
0.009048058277
0.01377566516
0.01856043099
0.01364517894
0.01533872461
0.01385373811
0.01313494764
0.01653528167
0.02038052264
0.01035239904
0.00807866792
0.008388085493
0.01098361035
0.0112253049
0.01164199605
0.01140492857
0.01450123509
0.01616764045
0.01440959324
0.01701498669
0.0195095007
0.01008736324
0.0114121173
0.01233765037
0.02059296049
0.01222556028
0.008015314552
0.01011462484
0.01629491593
0.01694758986
0.01400766816
0.01188550481
0.01342641093
0.0107526326
0.01768952625
0.01740500311
0.0237177338
0.0152065669
0.01065015421
0.01393777802
0.01817511555
0.01940620124
0.01184856066
0.01142053271
0.01525034255
0.009004029133
0.01152082246
0.0147888951
0.02277509946
0.02411783942
0.01604389923
0.01671673012
0.02328062283
0.02010948663
0.01233581769
0.0161755578
0.02245776948
0.008730541837
0.008123160035
0.01332890293
0.02042474793
0.02847803606
0.02303631299
0.02284491782
0.02198193923
0.01367620992
0.01272550678
0.01835018773
0.0225672819
0.0110850815
0.00858847183
0.01062266104
0.01901775381
0.0237097981
0.01706568557
0.01726517364
0.02085029177
0.01326145272
0.01785067465
0.02840835377
0.02210279568
0.01508219468
0.01116235548
0.009128310646
0.01142152766
0.01207144018
0.01114109187
0.01695872631
0.01687734776
0.01324747324
0.02186952105
0.02720872961
0.02095831721
0.02622664988
0.02818783705
0.02403354611
0.03069111443
0.03196080991
0.03502709628
0.02749382154
0.0253162255
0.04207760237
0.05014836901
0.03393274218
0.0384031259
0.03425891671
0.02350393879
0.02311289188
0.02076030927
0.03236408856
0.05187065635
0.04392556598
0.03362954823
0.05051461887
0.03969671611
0.02786338029
0.03516121717
0.05127535908
0.03323056516
0.03948007487
0.02321776387
0.02496668407
0.02980099177
0.03513781274
0.03953551245
0.05425667927
0.0389062138
0.04002161433
0.05175173677
0.04745137494
0.03343692304
0.02423561134
0.02279388013
0.03725582193
0.03720099391
0.03908262307
0.03242350327
0.03065712242
0.03077097803
0.05143405162
0.04462102838
0.03159181347
0.02043833658
0.01574788435
0.02082991692
0.03905818583
0.05190464041
0.03623159881
0.04218394405
0.03251608703
0.02761813072
0.04261078526
0.05636401369
0.02923279647
0.02054750807
0.01858059812
0.02676515122
0.03009374579
0.02702153506
0.0237536782
0.0348435722
0.04462584925
0.03516107649
0.04834760034
0.05704173071
0.02444371472
0.03100183948
0.02942488128
0.05473178852
0.03078558613
0.01764122471
0.02332386953
0.04414640515
0.04809038339
0.03725875234
0.02894588703
0.03539618026
0.02721073439
0.0486350497
0.03908100968
0.06053270718
0.0329818976
0.02099185921
0.03008416713
0.03833615908
0.05269542923
0.02933189498
0.02346936779
0.03638622635
0.02006661357
0.02583902917
0.03305443489
0.05932014567
0.04797141896
0.03185217309
0.03526986045
0.04271962967
0.04968706328
0.0284189041
0.03231790758
0.05329064171
0.01570740395
0.01744869067
0.03274574507
0.05344612192
0.06740474657
0.04878183117
0.05353490575
0.04477243158
0.03048821844
0.03183147917
0.04537910381
0.0575797549
0.02027339737
0.01808439391
0.02596498132
0.05234790485
0.06102230839
0.03645481064
0.03735328405
0.036299752
0.02647577148
0.04150021534
0.06840902794
0.05212231638
0.03170077744
0.02271114697
0.01999629165
0.02975062075
0.03065263121
0.02764148195
0.04685551923
0.03855824214
0.03054073816
0.05684103824
0.05906957083
0.04207537606
0.02990681147
0.03006526616
0.02599272829
0.03218283641
0.03324451798
0.03767287857
0.03010528797
0.02840738303
0.04772916081
0.05647093366
0.03831633089
0.04479708159
0.03772837442
0.02654113904
0.02627549639
0.02238777398
0.03447297184
0.05621031312
0.04824013372
0.03830302675
0.056567278
0.04343271166
0.03082427711
0.04097691385
0.05666086703
0.0376586222
0.042771813
0.02549238672
0.02737320593
0.03339892851
0.0397307287
0.04475098288
0.05964859512
0.04209980797
0.04415344076
0.0576544707
0.05222249389
0.03625474532
0.02669803527
0.02541701066
0.04135380573
0.0420741279
0.04422448265
0.03728340794
0.0348246688
0.03471806828
0.0564413591
0.04923971308
0.0353172687
0.02292251443
0.01784205875
0.02338966593
0.04297245216
0.05636773292
0.04126680977
0.0464486114
0.03574850238
0.03095966363
0.04830226263
0.06280104573
0.03253800753
0.02446789299
0.02081220886
0.02970660975
0.03376715336
0.03002266044
0.02707785199
0.03915203424
0.0496921258
0.03988334805
0.05526039177
0.06368958928
0.0272771596
0.03472958302
0.03248554523
0.05882957604
0.03408653399
0.02037702538
0.02637253944
0.04927812259
0.05463697256
0.04204884035
0.03291897865
0.04072140885
0.03037908731
0.05311639991
0.04250855586
0.06709295096
0.0365672214
0.02341301145
0.03202702216
0.04218571211
0.05916260319
0.0328246927
0.02587446937
0.04124510915
0.02208841166
0.0285171255
0.03558118917
0.06609624013
0.05210617091
0.03542486352
0.03867341919
0.04524705774
0.05427501164
0.03181520197
0.03607401091
0.05905757247
0.01666980516
0.01909348919
0.03554452037
0.05987535317
0.07383101597
0.05326388685
0.05790686713
0.04741978094
0.03337891008
0.03674420925
0.07114495394
0.06471929868
0.02143815381
0.01985705173
0.02860367028
0.05829924422
0.06629780041
0.03988466132
0.04119834618
0.03788487224
0.02780922045
0.04619134893
0.07540654776
0.05779386274
0.03425266316
0.02441961644
0.02184468057
0.03323933723
0.03369498891
0.03112172444
0.0527267385
0.04232585819
0.03391463739
0.06366261643
0.06641562568
0.04694322614
0.03838292
0.03439877149
0.02931848757
0.03473120815
0.03200617556
0.03902671591
0.03086125004
0.02918416971
0.0552741854
0.06700669772
0.03994776411
0.04524686872
0.04242525588
0.03138761078
0.03107987096
0.02849073645
0.0329782496
0.05571835039
0.04941654127
0.039085533
0.06182130277
0.04896639999
0.03790164429
0.04177063886
0.05943262824
0.04380430441
0.04686881527
0.0357865696
0.03475766857
0.04115338756
0.04053380195
0.04802326196
0.0603225825
0.04908381543
0.04966592985
0.05722999908
0.0569576019
0.04306333544
0.0304411896
0.03566585899
0.05277168388
0.05659692708
0.04515492845
0.03801320927
0.03555932165
0.04675762012
0.057917783
0.05503343054
0.04151239316
0.03737999729
0.02878052677
0.03185187021
0.05319746612
0.072960887
0.04743810765
0.047775315
0.03701862763
0.0426515577
0.0539735579
0.06834968743
0.03490622109
0.03003018838
0.03048041028
0.03894755097
0.04764928194
0.04477863381
0.04544194635
0.05751541434
0.05185468734
0.04056596317
0.0545833802
0.06372775862
0.03206627379
0.04166741098
0.03781179497
0.05628784694
0.04572462125
0.0329380706
0.04225719609
0.05811883526
0.0563067423
0.04217642306
0.03344389108
0.04150424696
0.03390582991
0.05309444476
0.04573589855
0.07137559464
0.04415685162
0.0327505687
0.03362376053
0.0432070144
0.06236030769
0.03301433303
0.02660663944
0.04540450309
0.02354520291
0.0290844597
0.03404290788
0.06858738741
0.05589566057
0.04002395245
0.03864064263
0.04491388096
0.0531026183
0.0324840911
0.03792245529
0.06491518533
0.01841986872
0.01972390077
0.03652146826
0.0629342156
0.07132429733
0.05236341247
0.05573104056
0.04584891212
0.0335878935
0.04400485262
0.06568418197
0.07199231861
0.02396691353
0.02290973369
0.03276090855
0.05984010504
0.06002305855
0.04130256562
0.04468604518
0.04071064706
0.03072399817
0.0518517819
0.08153877084
0.06515894199
0.03399404054
0.0286072165
0.02721421731
0.03764009546
0.03155328305
0.03130090554
0.05520196077
0.04643263448
0.03754948711
0.06647371845
0.06762778281
0.05435299421
0.04067996155
0.03561192477
0.03029091576
0.03397425995
0.03189561197
0.03756279632
0.03125573884
0.03365391135
0.05710382568
0.06557202926
0.04931541987
0.05312414741
0.04327326428
0.03251432111
0.0312778472
0.02917781562
0.03325110254
0.05226263786
0.0483808374
0.04316342119
0.06264541852
0.04886625853
0.04089418607
0.0431049192
0.0588404039
0.04423536506
0.04422239112
0.03486534524
0.03513755406
0.04381064737
0.04572130675
0.04890747711
0.06529310866
0.05109720382
0.05032210719
0.06268570186
0.0572119267
0.04195019729
0.03049563693
0.03511242457
0.05155825115
0.05956250798
0.05606115515
0.05166836235
0.03732208423
0.04952791112
0.05573983885
0.05496717531
0.04133939088
0.03739692191
0.02857387813
0.03168445839
0.0521757522
0.07181231301
0.05969178422
0.06435763559
0.0401021103
0.0451832828
0.05367400929
0.06771447711
0.03406026093
0.03006426379
0.03035591187
0.03811436
0.0462055043
0.04486066114
0.0483898465
0.06235969043
0.06704757868
0.05269748749
0.05918942185
0.06664533449
0.03319515275
0.04088011854
0.03756259048
0.05365090458
0.04530362732
0.03385889799
0.04545633355
0.06049105683
0.06267480095
0.04739261751
0.0376681019
0.0453520456
0.03441829871
0.04988182828
0.04540193299
0.0690981085
0.04615435244
0.03444335252
0.04024862282
0.04769891783
0.06196580291
0.03757806228
0.03184110878
0.04678639101
0.02350044053
0.02871495312
0.03509355328
0.06696845428
0.05663458883
0.04179536434
0.04237359948
0.04833432325
0.05591103419
0.03870067388
0.04683969406
0.06403601582
0.0190634436
0.02047366081
0.03639566552
0.06332686124
0.07296281671
0.05565155168
0.05482126845
0.04851319536
0.03835560516
0.04425147753
0.06350049777
0.06985385348
0.02521091319
0.02317654899
0.03328967973
0.05820570203
0.05713214709
0.04108953484
0.04560581836
0.04124477165
0.03165091682
0.0529247463
0.07955825356
0.06492035065
0.03721347878
0.02851417787
0.02698881194
0.03794498137
0.03251392885
0.03246235822
0.05291704792
0.04696016704
0.03949138799
0.06704099685
0.0734002572
0.05733760428
0.04267251879
0.03711879904
0.0313314931
0.03382250239
0.03238340314
0.03719141621
0.03238597517
0.0356997339
0.05779003196
0.06427069184
0.05221526388
0.05533664597
0.04410172456
0.03373686326
0.03161495293
0.02973827265
0.03403839039
0.05062643878
0.04803709321
0.04485459992
0.06276660795
0.0493079152
0.04281357922
0.04857927799
0.0585545823
0.04435490933
0.04311296809
0.03494538655
0.03612094986
0.04529670622
0.04750201783
0.05039596535
0.0665086795
0.05225753565
0.05077804058
0.0630478085
0.05702984913
0.04205252373
0.03120930991
0.03575437746
0.05148299979
0.06084009561
0.05893747404
0.0566300653
0.05809353321
0.05218262949
0.05518858487
0.05517033008
0.04203936804
0.0373862825
0.0290242353
0.03262717638
0.0526022335
0.07013013853
0.06347173006
0.06839193152
0.0599678915
0.04805303749
0.05392880831
0.06698407198
0.03425594947
0.03067266397
0.03085574758
0.03834142233
0.04599005618
0.04565676325
0.0503493487
0.06431296137
0.07051390221
0.05640863443
0.06009116726
0.06653447768
0.03396870762
0.04042495617
0.03814182723
0.05271243537
0.04492054901
0.03530052701
0.04721526852
0.06155966956
0.0648474232
0.04879552691
0.03926783652
0.04680287916
0.034673372
0.04831697562
0.04587868773
0.0670245273
0.04717497078
0.03601958029
0.04242183954
0.04914167896
0.06150350945
0.03925887328
0.03384329413
0.04798690598
0.0239769794
0.02900622065
0.03645025666
0.06574902401
0.05694677683
0.04314140967
0.04384392352
0.04934945263
0.05598670226
0.04072004061
0.04929380426
0.06340234586
0.02024227508
0.02144971279
0.03717328184
0.06347339312
0.07211531312
0.05645699342
0.05722590875
0.04922101876
0.04012340947
0.0449941392
0.06302258828
0.06844268895
0.02659782484
0.02393025453
0.03367309595
0.05678705854
0.05589579507
0.04187257003
0.0465615392
0.04187065075
0.03339054484
0.05422608589
0.07789946011
0.06458389667
0.03897498128
0.029478662
0.02778721798
0.03836920479
0.03404072676
0.03454722093
0.05232697858
0.04724969766
0.04179318032
0.06766119554
0.07466210771
0.0585812338
0.04435986642
0.03869898686
0.03239513817
0.03384142415
0.03280883793
0.0370493341
0.03329059749
0.03723863534
0.05798612366
0.06340023183
0.05366752559
0.05654746754
0.04491050037
0.0350061049
0.03206288338
0.03026185691
0.03457841755
0.04941924959
0.0478235621
0.0459493504
0.06243550844
0.04997205436
0.04424750776
0.05052445791
0.05836613248
0.04460204773
0.04225696063
0.03508292143
0.03686491933
0.04619356799
0.04839498578
0.05159752887
0.06669980211
0.0528681692
0.05130889452
0.0625439208
0.05680289459
0.04244595491
0.03199094963
0.0363501855
0.05150715315
0.06154521911
0.06003365552
0.05891642822
0.06460603341
0.05347961921
0.05504738898
0.05541036154
0.04282967386
0.03755155039
0.02954802361
0.03357610157
0.05289782273
0.06889996913
0.06496057759
0.06945351257
0.0653167425
0.04967345836
0.054423281
0.06620372092
0.03463865076
0.03129316881
0.03134621476
0.0386924331
0.04601155508
0.04640532023
0.05169053797
0.06516081143
0.0713554426
0.05801435024
0.06016842846
0.06594949303
0.03460113743
0.04017539632
0.03870533731
0.05211391389
0.04480476908
0.036583363
0.04842765715
0.06204973622
0.06565518222
0.04929380122
0.04043581323
0.04774735923
0.03482740104
0.0471418889
0.04627594788
0.06545883459
0.04793602034
0.03747988535
0.0436017491
0.05001039551
0.06092118053
0.04019950649
0.03533539113
0.04908480063
0.02451523931
0.02930075709
0.03751344738
0.06491206535
0.05724761459
0.04426949874
0.04486547593
0.05002556121
0.05547663641
0.04204970681
0.05079468886
0.06322558412
0.02138427791
0.02228089938
0.03776486306
0.0633469891
0.07083314781
0.05663020242
0.05744782726
0.04981765974
0.04127963505
0.04618177636
0.06316561098
0.06735873119
0.02793948022
0.02471461144
0.03394014732
0.05558948213
0.05487657418
0.04260991864
0.04728510934
0.04264407869
0.0353787726
0.05558405272
0.07647650358
0.06429194794
0.04047423234
0.0304772384
0.02863682182
0.03881622279
0.03544158728
0.03654424213
0.05208493714
0.04754347125
0.04398124805
0.06811453352
0.0745449631
0.05899379586
0.04558363348
0.0400475945
0.03333263696
0.03392607798
0.03314898903
0.03701291937
0.03418001175
0.03847661456
0.05787451364
0.06266964351
0.05467751366
0.05750154378
0.04560136402
0.03616064462
0.032580372
0.0307224436
0.03490817617
0.04833305884
0.04748378532
0.04665906302
0.06183767799
0.05076437617
0.04555443469
0.05183072232
0.05814614822
0.04483837827
0.04155625572
0.03519625051
0.03745448604
0.04687929219
0.04894742336
0.05256791119
0.06614379203
0.05328847937
0.05185517785
0.06187553615
0.05657665742
0.04282514896
0.03274886837
0.03676911773
0.05133364641
0.06179313063
0.06067580601
0.06021209899
0.06647163099
0.05418284446
0.05499611646
0.05555162229
0.0435155265
0.037748485
0.03007486776
0.03433972575
0.05296480323
0.06788239444
0.06557226223
0.0695624177
0.06650305767
0.05095595318
0.05505138286
0.06534961413
0.03504791669
0.03186052277
0.03176982764
0.03899862457
0.0460755318
0.0470227691
0.05265750269
0.06554188515
0.07134983419
0.05901462264
0.06025291204
0.06506721276
0.03509360901
0.03998871143
0.03918476251
0.05161282146
0.04481176973
0.03767019298
0.04931598822
0.06226355731
0.06569481981
0.04952044427
0.04144794565
0.04849744784
0.0349082907
0.04614270462
0.04651792318
0.06420213408
0.0485898917
0.03883675871
0.0445322712
0.05067998243
0.06019887395
0.04089435518
0.03681830363
0.0501957229
0.02505257451
0.02958303179
0.03832018462
0.06422016928
0.05756355766
0.04529909231
0.04583004357
0.05071900916
0.05487629508
0.04329676082
0.05214699221
0.06300242302
0.02242086395
0.02301276751
0.03812420163
0.06298677598
0.06953236895
0.05660560712
0.05725162495
0.05061173388
0.0425185688
0.04755929833
0.06335420953
0.06641554147
0.02911435965
0.0254672609
0.03411165444
0.05451081401
0.05399466711
0.04337522546
0.04811448047
0.04360509499
0.03747409238
0.05683485204
0.07520959663
0.06394791227
0.04155915921
0.03139207906
0.02940098457
0.03918454211
0.03668202876
0.03828545622
0.05194614813
0.04787837357
0.04593663433
0.06834751758
0.07401369708
0.05897594066
0.04643066507
0.04113920812
0.03414631854
0.03407030998
0.03343150059
0.0370190425
0.03502549991
0.03950487197
0.0576507512
0.06205541293
0.05551658914
0.05825875701
0.04617757544
0.03719176696
0.03313566911
0.03113382895
0.0351305212
0.04737453574
0.04710504442
0.04718271379
0.06121169616
0.05153321307
0.04675310173
0.05282649472
0.05786347865
0.04505446506
0.04099388982
0.03529914959
0.03795199556
0.04743561504
0.04938310989
0.05336899006
0.06534599259
0.05361903941
0.05237154366
0.06122406162
0.05635618917
0.04317458457
0.03344003571
0.03707216797
0.05107666806
0.06177770421
0.06123320673
0.06107295087
0.06671285634
0.05465581567
0.05498313838
0.05561306437
0.04410876962
0.03796593011
0.0305867598
0.03496911041
0.05291702533
0.0669827835
0.06580917118
0.06932637677
0.06652168062
0.05211920745
0.05566472315
0.06448162783
0.03546140128
0.03237843668
0.03214795862
0.03925568678
0.04615702303
0.04757309044
0.05345609369
0.06573129608
0.07101668339
0.05969826335
0.06018941818
0.06410155137
0.03548777207
0.03983284408
0.03958076371
0.05117940885
0.0448886282
0.038651311
0.05005028716
0.06233854301
0.06533602505
0.04963993454
0.04233350767
0.04915197246
0.03494417126
0.04525770208
0.04664584523
0.06313619241
0.04915518833
0.04013058904
0.04536490186
0.05129640949
0.05944019566
0.04153412399
0.03825396222
0.05118749128
0.02557535542
0.02985863043
0.03896672928
0.06359660294
0.05785173379
0.0463012062
0.04681856525
0.05149204274
0.05441799429
0.04447850875
0.05327732923
0.06274393906
0.02336258582
0.02370173693
0.03834325725
0.06248764686
0.06830662958
0.0566121328
0.05719936269
0.05164877076
0.04389710601
0.04895756428
0.06351713897
0.0656002347
0.03011966347
0.02617225669
0.03426624944
0.05353997805
0.0532695566
0.04419534246
0.04903939607
0.04470992976
0.03958199697
0.05793266812
0.07407472309
0.06355803932
0.04230764222
0.03219078094
0.03008349008
0.03948710926
0.03777560349
0.03979522728
0.05188073617
0.04827826167
0.04767732824
0.06840684286
0.07327911976
0.05875573731
0.04700659163
0.0420120973
0.03486132183
0.0342538238
0.03368189783
0.03704992917
0.03577966492
0.04038378914
0.05743728128
0.06154707528
0.05620347507
0.05882272834
0.04665075558
0.03810602889
0.03368753869
0.03150361609
0.03529807059
0.04655786493
0.0467619323
0.04761404675
0.06063764118
0.05226761471
0.04783392024
0.05364090311
0.05757449831
0.04525225431
0.04056776628
0.03539513417
0.0383823472
0.04785947183
0.04974223843
0.05401520647
0.06457204446
0.05389760242
0.0528293576
0.06065809797
0.05615232236
0.04349417299
0.0340533409
0.03731198412
0.05081388319
0.0616320592
0.06155109456
0.06175860774
0.06645432784
0.05501406785
0.05499859043
0.05562222758
0.04461362807
0.03819274586
0.03107979946
0.03551417716
0.05283006062
0.06618183724
0.06588820208
0.06899165879
0.06630025972
0.05312484023
0.05620468619
0.06366269921
0.03586603912
0.03284775428
0.03249233684
0.03948140662
0.04624657384
0.04808061137
0.05415626399
0.06580990323
0.0706022622
0.06025751072
0.06002850923
0.06319766402
0.03580906959
0.0397029313
0.03990541936
0.05080224453
0.04500383521
0.0395583694
0.05069281853
0.062373575
0.06488594578
0.04974567871
0.04313524617
0.04971456501
0.03495716866
0.04447969511
0.04670971993
0.06221142511
0.04957197834
0.04133868985
0.0461589516
0.05187113069
0.0587433526
0.04214331399
0.03959348619
0.05203299825
0.02607255798
0.03012780082
0.03950695036
0.06304221588
0.05809635285
0.04724593405
0.0477998823
0.05229618283
0.05412595734
0.0455769628
0.05418546584
0.06247959199
0.0242056233
0.02434720918
0.03850041975
0.06194032742
0.06720607683
0.05664205024
0.05731570268
0.05278895726
0.04531524591
0.05027515488
0.06364088646
0.064899014
0.03097468331
0.02683191041
0.03442130096
0.05269461503
0.05268929734
0.04501367438
0.04995801604
0.04586802563
0.04159609533
0.05887208827
0.07306957746
0.06315391791
0.0428276712
0.03289213189
0.03068930932
0.03973960731
0.03874437271
0.04109064303
0.05187373512
0.04872828764
0.04919930912
0.06834792491
0.0724589559
0.05845919097
2.536125887e-07
2.183463791e-07
1.982884443e-07
1.858365799e-07
1.719110311e-07
2.078363122e-07
1.667663009e-07
1.495015564e-07
1.488749407e-07
1.463138778e-07
1.886329884e-07
1.455973156e-07
1.277842267e-07
1.327874881e-07
1.448515847e-07
1.663436044e-07
1.239572483e-07
1.068490214e-07
1.103923294e-07
1.236304394e-07
1.54577504e-07
1.152802698e-07
9.960691292e-08
1.022458215e-07
1.168507445e-07
1.578169791e-07
1.198612892e-07
9.923095239e-08
9.823996e-08
1.109783158e-07
1.969827516e-07
1.66488521e-07
1.312115753e-07
1.156299935e-07
1.147824185e-07
2.449065357e-07
2.023366785e-07
1.575058474e-07
1.31983644e-07
1.29488808e-07
2.577142786e-07
1.97291868e-07
1.587372817e-07
1.52319108e-07
1.669960741e-07
2.664134942e-07
2.010222081e-07
1.526467651e-07
1.242336922e-07
1.123257642e-07
3.458165122e-07
2.759804749e-07
2.150258614e-07
1.629320734e-07
1.271540689e-07
4.970444973e-07
4.120254797e-07
2.971615156e-07
2.011867187e-07
1.477867435e-07
2.105876795e-06
1.842350425e-06
1.709436566e-06
1.638783207e-06
1.569195524e-06
1.719967674e-06
1.409508365e-06
1.278480904e-06
1.295825661e-06
1.341942944e-06
1.662336685e-06
1.297730952e-06
1.141601726e-06
1.209682949e-06
1.373289325e-06
1.448702983e-06
1.080848194e-06
9.584767325e-07
1.013215331e-06
1.174967672e-06
1.322164888e-06
9.868445573e-07
8.705321548e-07
9.008592459e-07
1.078172529e-06
1.337502238e-06
1.037882089e-06
8.573545956e-07
8.759983646e-07
1.023453489e-06
1.674680659e-06
1.496050808e-06
1.188337161e-06
1.059834362e-06
1.060078671e-06
2.13019777e-06
1.849445929e-06
1.456965565e-06
1.230856735e-06
1.239896106e-06
2.328415236e-06
1.800403317e-06
1.461453149e-06
1.439990582e-06
1.655857918e-06
2.371731427e-06
1.769907176e-06
1.334293496e-06
1.091057072e-06
1.019090346e-06
2.786020696e-06
2.150860718e-06
1.656524714e-06
1.270797687e-06
1.032502961e-06
3.315555635e-06
2.490927079e-06
1.799428202e-06
1.309674958e-06
1.050073227e-06
1.731915074e-05
1.52324192e-05
1.43575035e-05
1.407950135e-05
1.387360813e-05
1.40382549e-05
1.160403312e-05
1.061218724e-05
1.106230377e-05
1.199851788e-05
1.392673975e-05
1.09683295e-05
9.639171541e-06
1.041609696e-05
1.23479379e-05
1.18157998e-05
8.830911364e-06
8.007595555e-06
8.621575014e-06
1.039749839e-05
1.079325876e-05
7.933272554e-06
7.079751715e-06
7.307438899e-06
9.136520922e-06
1.090013158e-05
8.452051817e-06
6.933193131e-06
7.260704524e-06
8.809607369e-06
1.388383174e-05
1.267454362e-05
1.003794015e-05
9.05045011e-06
9.189304517e-06
1.799635908e-05
1.601359812e-05
1.267731456e-05
1.078397655e-05
1.128466986e-05
1.991924278e-05
1.538399139e-05
1.253424643e-05
1.270950915e-05
1.545034762e-05
2.040867124e-05
1.50232392e-05
1.120358338e-05
9.093826202e-06
8.680183732e-06
2.351988063e-05
1.781155418e-05
1.358374981e-05
1.031221537e-05
8.384357216e-06
2.636651416e-05
1.90379563e-05
1.358536708e-05
9.965541977e-06
8.22726791e-06
0.0001314673424
0.0001166335645
0.0001123769023
0.000113087857
0.0001143561244
0.0001052579833
8.665495202e-05
8.0576307e-05
8.782729882e-05
0.0001000505555
0.0001069505275
8.405804354e-05
7.3850515e-05
8.204362082e-05
0.00010271044
8.791236871e-05
6.593151313e-05
6.095974773e-05
6.654848728e-05
8.399319603e-05
8.019984449e-05
5.827459871e-05
5.266095431e-05
5.424620615e-05
7.046288596e-05
8.160920835e-05
6.260074787e-05
5.092522442e-05
5.486103199e-05
7.015257904e-05
0.0001058252799
0.0001001380111
7.753787478e-05
7.018503102e-05
7.269366588e-05
0.0001420206887
0.0001289582691
0.0001012636822
8.625454203e-05
9.515396054e-05
0.0001576788058
0.0001195875775
9.762277503e-05
0.0001022824847
0.0001326362004
0.0001617663753
0.0001160398957
8.562919858e-05
6.858018142e-05
6.675496488e-05
0.000185027746
0.0001372617576
0.0001039509847
7.754604991e-05
6.225761854e-05
0.000200093539
0.0001411295583
9.970574377e-05
7.297851275e-05
6.117942927e-05
0.0008818965629
0.0007877267405
0.0007791426193
0.0008104864676
0.0008406509475
0.0006987125445
0.000566306727
0.0005320254123
0.0006126798758
0.0007419579507
0.0007252659338
0.0005682848667
0.0004971703396
0.0005664423558
0.0007540798102
0.0005733646585
0.0004316441022
0.000408495543
0.0004521107468
0.0006015368947
0.000523611788
0.0003742658902
0.0003451274552
0.0003590346686
0.0004916018364
0.0005381588932
0.0004082432443
0.0003291653945
0.0003667530268
0.0005043017091
0.000712486933
0.0007103354343
0.0005269478687
0.0004729320087
0.000500876172
0.0009963407805
0.0009167191457
0.0007028257187
0.0005982898138
0.000707237568
0.001099741028
0.0008045849927
0.0006586111483
0.000721399023
0.001010243993
0.001122688893
0.0007783632845
0.00057330701
0.0004521315002
0.000450444461
0.001276430556
0.0009288905781
0.0007031443125
0.00051296991
0.0004023141032
0.001329078786
0.0009184626797
0.000641678491
0.0004671242752
0.0003944645776
0.004901165641
0.004372913364
0.004443982111
0.004821136097
0.005131923472
0.003918325533
0.003115812187
0.002916389579
0.003555801688
0.004634261655
0.004104927183
0.003282427811
0.002842913303
0.00329111893
0.004696379131
0.003069644443
0.002347006637
0.002299153824
0.002578082571
0.003666587748
0.002835005055
0.001963858476
0.001856403896
0.001976496041
0.002935571436
0.002968966714
0.002206517649
0.001752174222
0.002030924768
0.003064917395
0.003973435134
0.004225539579
0.002930945173
0.00255792954
0.002780706121
0.005788050509
0.005356564487
0.003929178452
0.00337561263
0.004385200143
0.006255253146
0.004354940245
0.003579476554
0.004201377832
0.006488291144
0.006397474753
0.004281593758
0.003206776503
0.002492578946
0.002571268137
0.00728435925
0.005201311153
0.003967805818
0.002813273628
0.002120413848
0.007180963825
0.004859207083
0.003347487869
0.002414893718
0.002028025225
0.02032035453
0.01786315632
0.01862343034
0.02125071449
0.02315233733
0.01690573031
0.01322362308
0.0120888415
0.01554808239
0.02217891292
0.01771609202
0.01511518211
0.01289419156
0.0148740963
0.02279599349
0.01211149632
0.009638119729
0.01005442275
0.01124939595
0.01712488137
0.01148598255
0.007455623159
0.007205736951
0.008020604809
0.01318338234
0.01254646362
0.008851552676
0.006878947272
0.008353373994
0.01388397683
0.01655175525
0.0187265431
0.01177134035
0.009586325875
0.01078955263
0.0249353537
0.02289609524
0.01547051297
0.01386630638
0.02049280383
0.0252483686
0.01682210717
0.01382222951
0.01815299175
0.03159924496
0.0260676405
0.01733477583
0.01367010954
0.01042688258
0.01121980238
0.03030367378
0.0214017149
0.01656323202
0.01129559433
0.008075251035
0.02754595978
0.01839864206
0.01249689631
0.008834126238
0.007216615958
0.05161636428
0.04334443817
0.04680473945
0.0564036297
0.06154640887
0.04695064533
0.03600296595
0.03127436861
0.04173112404
0.06565984772
0.04794877447
0.04577259687
0.03830187867
0.0424414131
0.0688210132
0.02836213158
0.02432393207
0.02816090302
0.03077644284
0.04893864704
0.02826627182
0.01617459195
0.0154828746
0.0195567413
0.035137459
0.03336664142
0.021892479
0.01628388612
0.02055277471
0.03740262216
0.04232810172
0.04873281606
0.02759023828
0.0188149185
0.02253690312
0.0630909247
0.05602557928
0.03334560719
0.03331676838
0.05755466626
0.05516120436
0.03637303444
0.03028540538
0.04559460369
0.09217112882
0.05805501302
0.04045117317
0.03582441072
0.02705217701
0.03020631978
0.07039851856
0.0504446194
0.03955707247
0.02510285825
0.0173462965
0.05746931398
0.03776315106
0.02529837372
0.01644319553
0.0126574571
0.05716105602
0.04900147199
0.05240590646
0.06321365661
0.06943863986
0.05313547509
0.04172218185
0.03640859921
0.04767113475
0.07440676228
0.05444143402
0.05183245495
0.04437111493
0.04903691978
0.07841545449
0.03194559092
0.02763719609
0.03168269387
0.0351826994
0.05577351364
0.03164986707
0.01845850223
0.01767654795
0.02263103791
0.03941826783
0.0378879733
0.02482758136
0.01887240889
0.02459041175
0.04177819667
0.04779003119
0.05333622967
0.03085442948
0.02088128842
0.02525033863
0.06951582198
0.06195514355
0.03687855453
0.03742097027
0.06353342038
0.06094382814
0.04127396101
0.0343995065
0.05063640239
0.100236316
0.06427791906
0.04587578736
0.03998096008
0.03112927418
0.03400113222
0.07573352713
0.05601772013
0.04361487005
0.02769363607
0.0193197577
0.06724103462
0.0473997007
0.02851431897
0.01838815104
0.0147187731
0.0574905918
0.05494696481
0.06083445137
0.07005976615
0.07461565774
0.05959491044
0.05157420193
0.04831350064
0.04888898171
0.07301787005
0.05972888417
0.04950952414
0.04160244589
0.05448611096
0.07491927349
0.0427810508
0.03966024768
0.03848878269
0.04269164518
0.06360316753
0.03265625402
0.01989236381
0.03489343665
0.04008944396
0.04106892834
0.04362898406
0.03368933477
0.02725081356
0.03213195928
0.04406648532
0.04816162113
0.05199331773
0.03820406382
0.02825388589
0.02549872761
0.06810201506
0.06077010269
0.04373933106
0.04468830749
0.06499331749
0.06623166215
0.04895467545
0.03634040576
0.04982962011
0.0954385973
0.05948601986
0.04306432356
0.04126007574
0.03133366567
0.03387028517
0.06592557786
0.05740402804
0.0453200393
0.02747417351
0.0214547519
0.06020671128
0.04441466717
0.03251180682
0.02316153697
0.01880763991
0.05521806442
0.05433111593
0.06089359745
0.06985020904
0.07313326732
0.05877142204
0.05283014999
0.05272613234
0.05850682049
0.07691714628
0.05730469911
0.0480922008
0.04233545594
0.05445272296
0.07223433919
0.04379000596
0.03948916747
0.03797182273
0.04318782735
0.06084200995
0.04653626494
0.03913859165
0.03690420457
0.0427396006
0.05588802312
0.04493647985
0.03625347971
0.02811977996
0.03268320749
0.04315857978
0.05233951883
0.05586261902
0.03979410358
0.03043048575
0.03075471408
0.07073618199
0.06425175567
0.04585007891
0.04640842409
0.06211344749
0.06451122249
0.05054304077
0.04131692207
0.05062276465
0.09163776516
0.05793585828
0.04323512635
0.03994371607
0.03472934077
0.03418533068
0.06286302589
0.05365586456
0.04331868767
0.02931873107
0.02212096462
0.05771131307
0.04355289498
0.03286197712
0.02460316605
0.01976806735
0.05496790937
0.0550664102
0.06155592431
0.06952245878
0.07237792392
0.0580130976
0.05357462178
0.05537235515
0.06262644222
0.07712699621
0.05654106884
0.04800311634
0.0439229675
0.05563449538
0.07127081582
0.04446390831
0.03996514759
0.0386489605
0.04466781031
0.06009366625
0.0506407376
0.04472139374
0.03779774166
0.04426476746
0.05878388676
0.04619487509
0.03766885985
0.02914512736
0.03350537159
0.04287424251
0.0535257285
0.0558796403
0.04021919595
0.03190114218
0.03261707767
0.07026119289
0.06421781073
0.04669003979
0.04807409472
0.06191651648
0.06329516512
0.05120743128
0.04400769723
0.0548766841
0.08943687526
0.05721007778
0.04378491959
0.04014608667
0.03587349388
0.03653713964
0.06118458901
0.05161470588
0.04163983827
0.02949786443
0.02294383935
0.05603480237
0.04317154654
0.03297184929
0.02537766279
0.02083304973
0.05526788466
0.05595365178
0.06222149375
0.06931349313
0.07192569887
0.05765357703
0.05435520431
0.05724642117
0.06484159069
0.07660048925
0.05595209024
0.04815337707
0.04544334665
0.05665991964
0.07050991416
0.04502586259
0.04045404202
0.03950090689
0.04597617446
0.05970498042
0.05199685642
0.04617064518
0.03867477299
0.04535550957
0.0587107179
0.04701145135
0.03848883548
0.03011955099
0.03420777362
0.0425997685
0.0540434152
0.05489195866
0.04036989714
0.0332638506
0.03449851174
0.06925458635
0.06316047138
0.04736524662
0.04953500424
0.06255806059
0.06235464773
0.05166247758
0.04614032998
0.05830176394
0.08782639891
0.05656378211
0.04429306349
0.040796323
0.03656274931
0.0374414971
0.05980545535
0.05025456764
0.04048510863
0.02954486082
0.02381859536
0.05457140224
0.04278158195
0.03302661193
0.02591883303
0.02175631598
0.05577645798
0.05674376399
0.06270274969
0.06908326738
0.0714914335
0.05746613625
0.05508658503
0.05865714539
0.06618498856
0.07581998013
0.05540588793
0.04835238826
0.04676302184
0.0574315411
0.06974641568
0.04552129356
0.04093825998
0.04032369391
0.04702139656
0.05935083096
0.05244741822
0.04626199437
0.03949058795
0.04620653373
0.05805845356
0.04766834873
0.03909378344
0.03102255685
0.03480072955
0.04240286488
0.05431080459
0.05381140632
0.04053212243
0.0344941465
0.03624371215
0.06805139922
0.06192309247
0.04796650942
0.05073719053
0.06315458134
0.06161830043
0.052087257
0.04790481285
0.06097250374
0.08802742569
0.05604357528
0.04479654752
0.04140949689
0.03715755556
0.03829436543
0.05861461895
0.0492684687
0.0396800734
0.02968344362
0.02475718242
0.05333786716
0.04241354942
0.03309935143
0.0264098848
0.02269460644
0.05631878631
0.05741184871
0.06304107595
0.06883757598
0.07107731464
0.05739010145
0.0557405864
0.05972914739
0.06703153249
0.07498969616
0.05493286648
0.04859123633
0.04789294119
0.05801646192
0.06898499878
0.04595027301
0.04140556036
0.04108395895
0.04785835561
0.0589874919
0.05251257413
0.04601635718
0.04021015069
0.04684897454
0.05721429366
0.04819410477
0.03958371594
0.03185706476
0.03532133074
0.04226960193
0.05442742466
0.0528657498
0.04071101833
0.03553729872
0.03761427901
0.06687420391
0.06081847738
0.04849437298
0.05162260546
0.06318579059
0.06104064894
0.0524781663
0.04930510044
0.06223614517
0.08620918089
0.0556320719
0.04526817432
0.04185869425
0.03771918205
0.03892334748
0.0575837679
0.04850228746
0.03910962412
0.02990225929
0.02563788293
0.05233691147
0.04211538597
0.03321809173
0.02691307241
0.0237627302
0.05681233458
0.05796881532
0.06326638784
0.06859509011
0.07070759345
0.05737807037
0.05629266835
0.06051637073
0.06757624761
0.07420393001
0.05455587148
0.04885616325
0.04883910414
0.05843058163
0.06826094581
0.04631244372
0.0418391778
0.04175766965
0.04850647653
0.05862355667
0.05237772549
0.04575667527
0.04081486798
0.04726955677
0.0563928705
0.04860597075
0.04001275446
0.03261753959
0.03577220856
0.04219080315
0.05443346174
0.05209002284
0.04093284363
0.03651710846
0.03867353913
0.06578852525
0.05988957978
0.04894602389
0.05226045862
0.06295296658
0.06058477256
0.05282026899
0.05031209823
0.06275594404
0.0839674084
0.05532018599
0.045697789
0.04215234552
0.03822686962
0.03948800782
0.05671159052
0.04789812006
0.03873502457
0.03017278218
0.02642854437
0.05155535379
0.04190470627
0.03339083782
0.02742168512
0.02464318765
6.988132594e-07
6.492005593e-07
4.408454839e-07
2.658566862e-07
1.723992515e-07
4.052102517e-07
3.694139948e-07
2.889194165e-07
2.146858134e-07
1.465899347e-07
2.603250483e-07
2.269553953e-07
1.8120189e-07
1.353090947e-07
1.039698834e-07
1.848932655e-07
1.623870435e-07
1.405148607e-07
1.14532999e-07
1.037886144e-07
1.846057021e-07
1.578162357e-07
1.355442601e-07
1.188958307e-07
1.228657118e-07
1.84724715e-07
1.701227072e-07
1.51974549e-07
1.276991727e-07
1.26278719e-07
1.691946871e-07
1.760037188e-07
1.747630477e-07
1.475163227e-07
1.416309286e-07
1.75818618e-07
1.879115845e-07
1.7330737e-07
1.342996206e-07
1.188239152e-07
1.683693831e-07
1.627868846e-07
1.409724208e-07
1.149948136e-07
1.085518519e-07
1.639692618e-07
1.493968542e-07
1.44760505e-07
1.613775186e-07
1.966025965e-07
2.00107086e-07
1.771207549e-07
1.676297204e-07
1.663336876e-07
1.68815262e-07
2.818370699e-07
2.47865266e-07
2.241133837e-07
2.069041743e-07
1.912256416e-07
3.533182411e-06
2.642803994e-06
1.746846436e-06
1.11918007e-06
8.101566805e-07
3.017993757e-06
2.273178609e-06
1.556615312e-06
1.029718438e-06
7.311654917e-07
2.269253596e-06
1.889765363e-06
1.450448067e-06
1.029303018e-06
8.174615527e-07
1.622437494e-06
1.415909125e-06
1.231935268e-06
9.984587706e-07
9.401806297e-07
1.637076249e-06
1.397499881e-06
1.208354571e-06
1.089455226e-06
1.182184198e-06
1.670732899e-06
1.524058661e-06
1.380114795e-06
1.18079846e-06
1.21507019e-06
1.519024539e-06
1.637435514e-06
1.673241241e-06
1.39409716e-06
1.361034028e-06
1.580015827e-06
1.755073443e-06
1.620168945e-06
1.203867918e-06
1.053357947e-06
1.475732908e-06
1.415753769e-06
1.18987228e-06
9.280978448e-07
8.471073607e-07
1.434006831e-06
1.252528646e-06
1.135828323e-06
1.204531269e-06
1.389797188e-06
1.7494394e-06
1.470248936e-06
1.366960547e-06
1.403977951e-06
1.473115333e-06
2.484718383e-06
2.183825135e-06
2.000161924e-06
1.884215774e-06
1.798416405e-06
2.64443905e-05
1.804094477e-05
1.150030553e-05
7.412923576e-06
5.616749016e-06
2.527926665e-05
1.786475576e-05
1.122764255e-05
6.830793158e-06
4.924235619e-06
1.938765111e-05
1.589804404e-05
1.188913252e-05
8.065423797e-06
6.444677404e-06
1.329705394e-05
1.157109305e-05
1.011632386e-05
8.037060685e-06
7.802913377e-06
1.355485354e-05
1.157635453e-05
1.006058316e-05
9.345735675e-06
1.072150877e-05
1.41116728e-05
1.288935798e-05
1.192136806e-05
1.034612369e-05
1.112899113e-05
1.253674007e-05
1.420934497e-05
1.50847357e-05
1.240605466e-05
1.245567511e-05
1.309654645e-05
1.522382347e-05
1.399885385e-05
9.925537917e-06
8.670269339e-06
1.215032362e-05
1.159584473e-05
9.507438971e-06
7.165937727e-06
6.537388492e-06
1.160954428e-05
9.959130896e-06
8.852173599e-06
9.519966062e-06
1.129484848e-05
1.417450032e-05
1.167243126e-05
1.111374078e-05
1.194596379e-05
1.316540391e-05
2.058914734e-05
1.844103055e-05
1.738836585e-05
1.684961779e-05
1.660577454e-05
0.0002008673979
0.0001341910448
8.333224234e-05
5.315394176e-05
4.112654338e-05
0.0002017183646
0.0001382643069
8.344352445e-05
4.849265681e-05
3.480362595e-05
0.0001524824145
0.0001237760608
9.077544165e-05
5.872645666e-05
4.669871538e-05
9.884444646e-05
8.655937133e-05
7.663086492e-05
5.913656165e-05
5.877999136e-05
0.0001023405088
8.828316755e-05
7.711496088e-05
7.38277084e-05
9.10683837e-05
0.0001096354486
0.0001003046074
9.493483634e-05
8.320007584e-05
9.50428038e-05
9.337085274e-05
0.0001115372176
0.000124219662
0.0001008420425
0.0001059679977
9.858487156e-05
0.0001198837219
0.0001093309924
7.407100098e-05
6.585089693e-05
9.108165124e-05
8.66118347e-05
6.903471714e-05
5.022958847e-05
4.660836505e-05
8.487388251e-05
7.271305564e-05
6.365641408e-05
7.042774739e-05
8.882063176e-05
0.000103935095
8.541263427e-05
8.342819712e-05
9.469289158e-05
0.0001107744697
0.00015699392
0.0001435602687
0.0001400751655
0.0001404565586
0.0001430928104
0.00134351314
0.000880019792
0.0005392399526
0.0003373296612
0.0002642856847
0.001423171567
0.0009401261344
0.0005440866263
0.0003035448283
0.0002143203143
0.001060231744
0.0008639067029
0.0006184852075
0.0003742809436
0.000294106016
0.0006431639158
0.0005797928369
0.000525064311
0.0003884053378
0.0003961880737
0.0006832623178
0.0005996828426
0.0005242446934
0.0005131689221
0.0006914669589
0.0007614028511
0.0006910530686
0.0006620962168
0.0005788322025
0.0007156862572
0.0006074530834
0.0007591897024
0.0008924214334
0.0007070542667
0.0007895953044
0.0006474447202
0.0008299851475
0.000746933234
0.0004777292245
0.0004368231554
0.0006055685135
0.0005735387857
0.0004403262679
0.0003065396085
0.00029269353
0.0005511141733
0.0004739226703
0.0004011416471
0.0004533432269
0.0006145092578
0.0006779386582
0.0005540967711
0.0005511863936
0.0006626912683
0.0008279374079
0.001054609293
0.0009779333068
0.0009897547527
0.001030794433
0.001082094838
0.007335354301
0.004696620884
0.002823106683
0.001747373598
0.00136206304
0.008260703535
0.005280544903
0.0029183682
0.001547023737
0.001058423569
0.006153827029
0.005203491645
0.003606876374
0.002000412369
0.001530191702
0.003446930014
0.003260241815
0.003052801571
0.002150640441
0.002259394767
0.003782987667
0.003388860505
0.002950876595
0.002954585827
0.004403715829
0.00447364997
0.003956263275
0.003756940046
0.003242766116
0.00438238982
0.003294610179
0.004241718011
0.005224631858
0.004001435936
0.004759659006
0.003505672005
0.004765805715
0.004148731317
0.002463167019
0.002325116826
0.003417456084
0.003174297053
0.002296389401
0.001515210708
0.00150347771
0.003007785898
0.002592080671
0.002073030476
0.002352590483
0.00342119662
0.003724128974
0.003001524229
0.003031725065
0.003893412455
0.00523294015
0.005832049427
0.005466316289
0.005778226423
0.006281263777
0.006713455755
0.02888010995
0.01846478465
0.01109766854
0.0068011641
0.005140052459
0.03478162978
0.02217696623
0.01183623978
0.005881364687
0.003765895946
0.02678674078
0.02444968166
0.01630592517
0.008230927403
0.005872451883
0.01358913523
0.0137370113
0.01336661579
0.009032720508
0.009821005486
0.01546963573
0.01403254826
0.01225787116
0.01270057757
0.02119817306
0.02020625529
0.01715549112
0.0153170489
0.01331008133
0.01937617214
0.01380328972
0.01763207621
0.02178529289
0.01657130872
0.02070146129
0.01435179671
0.0196162212
0.01606712628
0.00887482907
0.008601827775
0.01484535157
0.01287246991
0.008409390023
0.005281883525
0.00554761245
0.01227862595
0.01053443031
0.007781902206
0.008637577052
0.0130276143
0.01523164874
0.01220561435
0.01261174832
0.0175600249
0.02543125084
0.02321277847
0.02206946099
0.02465174634
0.02819110928
0.03054219449
0.06487314175
0.04307963707
0.02627378573
0.01607519896
0.01153076057
0.0837431391
0.05557503204
0.02860791815
0.01300457583
0.007601852176
0.06989778521
0.0723384682
0.04511323836
0.02047796274
0.01260331114
0.03219049482
0.03511435731
0.03511629971
0.0234414184
0.02628633496
0.03748271485
0.0335360772
0.03000063706
0.03343450335
0.06107411043
0.05699887063
0.0454239703
0.0347123776
0.0319857953
0.0506981876
0.03618360645
0.04392158652
0.05092540621
0.03958812598
0.05332235457
0.03608441514
0.04556472705
0.03164514235
0.01679241704
0.01668356346
0.04100472809
0.0298088437
0.01617050958
0.00981128567
0.01119165448
0.03039357759
0.02545479661
0.0171024889
0.01715070535
0.02369856085
0.03752980782
0.0305279745
0.03241083898
0.04839153852
0.0754061809
0.05254931767
0.05128937876
0.06177354452
0.07533844957
0.08140430132
0.06984228407
0.04789373587
0.02938568888
0.01791098562
0.01270140994
0.09131786748
0.06201129913
0.03199187714
0.01458893163
0.008864120477
0.07835606314
0.08057709708
0.05145036751
0.02362842413
0.0143152737
0.03625452451
0.04005333871
0.04023908189
0.02773580464
0.0297549148
0.0418168373
0.03714540003
0.03386420031
0.03793055789
0.06726715676
0.07317003959
0.06174035292
0.038286959
0.03612132767
0.05646666472
0.05033172836
0.06608209922
0.05608190844
0.04335265884
0.05870663942
0.04066463472
0.04965018497
0.03382906775
0.0180186791
0.01772467791
0.04602826582
0.03313901353
0.01752816326
0.01054509746
0.01429652012
0.03355364231
0.02785544923
0.01896302175
0.01881561522
0.02525168859
0.0407780709
0.03430206068
0.03631023333
0.0538034945
0.08236462705
0.05661689476
0.05651511167
0.06767196873
0.08319437521
0.09141926551
0.06234764277
0.05031875621
0.03678657269
0.01934567585
0.01518801231
0.08850322855
0.05907392734
0.03153585875
0.01586897845
0.01639681695
0.07849628354
0.08103592864
0.05683094848
0.02470907978
0.01633391748
0.04157315383
0.04808376993
0.04124849531
0.02864231283
0.02954700339
0.04188766048
0.04020277024
0.04850987284
0.0414430807
0.06604139433
0.06410647228
0.05335160564
0.03669499752
0.0456866378
0.0568766809
0.04686898075
0.05892724535
0.05470285422
0.0399574868
0.05967241009
0.04419755338
0.05371298042
0.03312584879
0.02288106288
0.01940260963
0.04876986549
0.03738625462
0.02398471088
0.01714455323
0.01363117623
0.03354649492
0.03147851845
0.02712955618
0.0253806055
0.02503447137
0.03773794259
0.04053519926
0.04393769463
0.05904006784
0.07973189191
0.0476404597
0.05641780153
0.06947145205
0.08456395015
0.08920105727
0.05917790097
0.04820494303
0.0379327233
0.02974669782
0.02596013478
0.08032324671
0.0632537283
0.04391546199
0.03365221446
0.02653640271
0.07497727381
0.07417873996
0.05392571526
0.03559975864
0.02892275871
0.04284726112
0.05051097622
0.0427948173
0.02993919746
0.03031003425
0.04162836185
0.0410571915
0.04944671283
0.0529262137
0.06709869295
0.06028072519
0.04990927299
0.03672676538
0.04704429922
0.06767349899
0.04686882766
0.056004574
0.05063047299
0.04077703514
0.05689134585
0.04380875627
0.05291247411
0.04015048425
0.02378596847
0.02029684
0.04745637067
0.03765142093
0.02604419127
0.01789337643
0.01424823282
0.0326240523
0.03061970277
0.02706910084
0.02530485095
0.02519972278
0.03691114967
0.04128943657
0.04678789719
0.06082953145
0.07570563192
0.04650820224
0.05556097906
0.06867814386
0.08432206408
0.09127603421
0.05715906615
0.04705807927
0.03844597782
0.03284964554
0.02918956559
0.0760767161
0.06238320251
0.04670190161
0.03735791531
0.02906109474
0.07336500775
0.0700683681
0.05248122668
0.03869940121
0.03302142409
0.0451683437
0.05213082644
0.04925513361
0.03201011049
0.03151246243
0.04264413268
0.04318332385
0.05138097249
0.05839355651
0.07334117973
0.05793403868
0.04858268947
0.03893335023
0.04968768617
0.07032179774
0.04770082257
0.05472115375
0.04916978193
0.04250200845
0.05637820468
0.04437845022
0.05211501166
0.04150140735
0.02486196409
0.02181836118
0.04614912263
0.03768214956
0.0270072049
0.0183330583
0.01496741725
0.03279352597
0.03071406432
0.02740331668
0.02581925431
0.02602061024
0.03733810255
0.04215317918
0.04906473867
0.06228144737
0.073881334
0.04742652257
0.0568917189
0.06991677099
0.08416892437
0.0906002129
0.05574127863
0.04643403764
0.03874679067
0.03398202492
0.03060440379
0.07338408167
0.06093664865
0.04710420011
0.03808765886
0.03064244332
0.07209721585
0.067391943
0.05180848698
0.03989547414
0.03488971935
0.04728722024
0.05314795724
0.04989648719
0.03810638593
0.03322972298
0.04381063126
0.0451282794
0.05332367017
0.06116977567
0.0729283942
0.05619022552
0.04810183728
0.04126113753
0.05188343772
0.0709741203
0.04845503376
0.0537555943
0.04844235378
0.04399328739
0.05615979252
0.04502766483
0.05170512708
0.04209290253
0.02599826034
0.0232501914
0.04515087127
0.0376914339
0.02759926018
0.01876606874
0.01563685166
0.03304767156
0.0309498071
0.02780023917
0.02634997984
0.02662368076
0.03793059679
0.04314166664
0.05082329024
0.0630492861
0.0723547641
0.04858578452
0.05825608189
0.07091944503
0.08367617285
0.08926182251
0.05474928585
0.04608677435
0.03893880161
0.03447072789
0.03136526951
0.07125683974
0.05949301615
0.04684032048
0.03830980313
0.0320088214
0.07095719953
0.06549810365
0.05142234082
0.04057774537
0.03611665236
0.04914210436
0.05379986515
0.04976052517
0.04003378359
0.03555054297
0.04494628735
0.04680098663
0.05487656671
0.0626976072
0.07113686891
0.05490727429
0.04802515698
0.04328515976
0.05367474455
0.07090383001
0.04897933638
0.05296248357
0.04809685952
0.04516993925
0.05587128027
0.04556231751
0.0513447806
0.04339868278
0.02709314249
0.024455637
0.04434210939
0.03774666521
0.02811747576
0.01923837894
0.01628875565
0.03328181943
0.03121954759
0.02822787752
0.02682824715
0.02709861489
0.03849345882
0.04399622283
0.05197954113
0.06307216484
0.07059336768
0.0495270016
0.05919990033
0.07135755704
0.08274050547
0.08740685137
0.05401665505
0.04586573753
0.03905755953
0.03472342747
0.03187639408
0.06942240353
0.05818440603
0.04644876241
0.03841792102
0.03323874141
0.06992648811
0.06405388926
0.0511624951
0.04114519696
0.03721546899
0.05075084405
0.05431933846
0.04968290245
0.04107221712
0.03825630056
0.04603476506
0.04828560011
0.05610929951
0.06359825961
0.06974336397
0.0539852241
0.04817026673
0.04504287822
0.05513834031
0.07053124011
0.04933091533
0.05232346549
0.04796324575
0.04610883031
0.05552966456
0.04597883248
0.05090002644
0.04348384693
0.02810578704
0.02552490169
0.04370920499
0.0379343427
0.02859336197
0.01975744916
0.01694937242
0.03350360469
0.03151997446
0.02865843686
0.02726935202
0.02752997018
0.03900744734
0.04467780101
0.05265095235
0.06263140691
0.0686514002
0.05023701235
0.05977902222
0.07136096167
0.08151695475
0.08532113695
0.05344902576
0.04571003869
0.03915327066
0.03493179622
0.03229095804
0.06783034443
0.05708658838
0.04610896719
0.03860585551
0.03427240079
0.0690029224
0.06292060566
0.05099167031
0.04169601515
0.03815891436
0.05208646049
0.05478688644
0.04976131753
0.04192292812
0.03948148789
0.0470542981
0.04959168197
0.05704711784
0.06417573416
0.06901378225
0.05334483522
0.04844558936
0.0465770146
0.0563020707
0.07005224805
0.04957330161
0.05182703428
0.04795085061
0.04685393575
0.05517521688
0.04629313251
0.05036598819
0.04322248445
0.02902391123
0.02649764647
0.0432015384
0.03800178231
0.02906181924
0.02031172151
0.01760948516
0.0337258201
0.03183038515
0.02908270193
0.02767737219
0.02793875616
0.03946766192
0.04519744614
0.05297697479
0.06194194792
0.06681096569
0.0507521248
0.06008641348
0.07107352121
0.08019780091
0.08329140627
3.049620478e-07
2.718344899e-07
2.419373255e-07
2.156274335e-07
1.908238232e-07
2.486751307e-07
2.241348577e-07
1.947644154e-07
1.660698634e-07
1.438591856e-07
2.378175228e-07
2.336847947e-07
2.009465197e-07
1.60599907e-07
1.344197858e-07
1.926333153e-07
2.118963814e-07
1.928095963e-07
1.60392608e-07
1.503950944e-07
1.521668293e-07
1.610104627e-07
1.427167544e-07
1.346466596e-07
1.57026683e-07
1.545827865e-07
1.602067306e-07
1.373421757e-07
1.293162941e-07
1.524517561e-07
1.814453765e-07
1.964716963e-07
1.73352557e-07
1.525581075e-07
1.531193463e-07
2.205902787e-07
2.206023395e-07
2.217396887e-07
1.910646445e-07
1.639646519e-07
2.29251555e-07
2.186878159e-07
2.049093962e-07
1.742742145e-07
1.538716354e-07
2.467611648e-07
2.193747457e-07
1.897596777e-07
1.536379462e-07
1.297559333e-07
2.623774323e-07
2.184987966e-07
1.795681121e-07
1.46945764e-07
1.238774363e-07
2.977184498e-07
2.371488624e-07
1.866418277e-07
1.483051297e-07
1.236691012e-07
2.685880119e-06
2.363825222e-06
2.094902831e-06
1.85878749e-06
1.684650935e-06
2.220040516e-06
2.001591599e-06
1.736232593e-06
1.470159509e-06
1.273139602e-06
2.104280276e-06
2.119162303e-06
1.821552132e-06
1.432131019e-06
1.179694608e-06
1.708916255e-06
1.918768992e-06
1.743073011e-06
1.420886685e-06
1.328039329e-06
1.273579384e-06
1.327381849e-06
1.160971646e-06
1.075516513e-06
1.220919398e-06
1.211455836e-06
1.226702407e-06
1.059501706e-06
1.02218697e-06
1.191138706e-06
1.363093065e-06
1.427615436e-06
1.354885533e-06
1.255317188e-06
1.260358204e-06
1.69556961e-06
1.718857227e-06
1.759221749e-06
1.626413958e-06
1.3701056e-06
1.996094213e-06
1.941916636e-06
1.839710395e-06
1.574623693e-06
1.392721067e-06
2.27175636e-06
2.036848737e-06
1.766961726e-06
1.413848769e-06
1.19478016e-06
2.426560104e-06
2.015450527e-06
1.652252769e-06
1.351560938e-06
1.149878573e-06
2.697565905e-06
2.125322071e-06
1.659508775e-06
1.313713223e-06
1.112078943e-06
2.272719791e-05
2.010794768e-05
1.801313396e-05
1.610294105e-05
1.484853063e-05
1.871613981e-05
1.694219703e-05
1.477390234e-05
1.250508574e-05
1.078646033e-05
1.793170939e-05
1.827416201e-05
1.556732484e-05
1.202454921e-05
9.753185115e-06
1.436994641e-05
1.648723023e-05
1.488999669e-05
1.193447776e-05
1.135200285e-05
1.038677656e-05
1.093755583e-05
9.365723094e-06
8.599631331e-06
9.993679626e-06
9.753386303e-06
9.930694448e-06
8.484983583e-06
8.304900879e-06
1.004916032e-05
1.065051861e-05
1.114748222e-05
1.0864206e-05
1.031358726e-05
1.07252542e-05
1.369570993e-05
1.386281356e-05
1.449514151e-05
1.380682291e-05
1.149842696e-05
1.682149692e-05
1.659919654e-05
1.586438681e-05
1.341201409e-05
1.191960339e-05
1.955975837e-05
1.765610105e-05
1.53806861e-05
1.208244181e-05
1.020960458e-05
2.062268054e-05
1.707102151e-05
1.398735773e-05
1.151107276e-05
9.893250683e-06
2.218077235e-05
1.72895843e-05
1.343064464e-05
1.065376406e-05
9.18888071e-06
0.0001779406248
0.0001590529413
0.000145062602
0.0001311568447
0.0001226249505
0.00014386427
0.0001311949529
0.0001159008973
9.865873368e-05
8.501658021e-05
0.0001399046815
0.0001448502271
0.0001223576299
9.271581555e-05
7.419293886e-05
0.0001096229566
0.0001302328071
0.000117365407
9.265901128e-05
9.150267278e-05
7.782451349e-05
8.40313532e-05
7.036985755e-05
6.436339259e-05
7.855575713e-05
7.377491523e-05
7.664544006e-05
6.402330997e-05
6.36161936e-05
8.20635852e-05
7.951158905e-05
8.351527166e-05
8.227373101e-05
7.901821681e-05
8.58978764e-05
0.0001054831622
0.000105680528
0.0001126160688
0.0001087887391
8.905977641e-05
0.0001315998181
0.0001308769376
0.0001261162529
0.0001042428098
9.416744405e-05
0.0001554541135
0.0001402587641
0.0001230472563
9.413034649e-05
7.94137524e-05
0.0001596951261
0.0001316146521
0.0001081665954
8.998294871e-05
7.772419184e-05
0.0001662737771
0.0001286854837
9.952825656e-05
7.897591106e-05
6.905626175e-05
0.00121687689
0.00109519504
0.001023252483
0.000939094819
0.0008875956613
0.0009598822959
0.0008804506605
0.0007928280452
0.0006805446512
0.0005859864103
0.0009439145628
0.001001072039
0.0008402624516
0.0006233427423
0.0004912792881
0.0007140050844
0.0008957560655
0.0008082697803
0.0006293432074
0.0006596966958
0.0005041707266
0.0005676291693
0.0004604524891
0.0004203997714
0.0005528661848
0.0004922880474
0.0005298254629
0.0004249824726
0.0004289756279
0.0006018050867
0.0005277937693
0.0005571786691
0.0005541786727
0.0005325589736
0.0006128856592
0.0007277332739
0.0007099283301
0.0007736495824
0.0007492253986
0.0005972711925
0.0009075879744
0.0009026739377
0.0008812471975
0.0007052687907
0.0006548780392
0.001098802615
0.0009765474135
0.0008668657709
0.0006374564341
0.0005350359871
0.001084257563
0.0008862273534
0.0007347702956
0.0006230117501
0.0005358280396
0.001099394522
0.0008472721283
0.0006537469022
0.0005181032477
0.0004553595393
0.00670329583
0.006048312232
0.00584267538
0.005480947726
0.005221358461
0.005124642968
0.004747359047
0.004423327928
0.0038355768
0.0032987213
0.005034072307
0.005514870367
0.0046836923
0.003423742072
0.002647286469
0.003655568717
0.004862192597
0.00444623016
0.003449885601
0.003945189231
0.00264626354
0.003103231407
0.002422948396
0.00218219787
0.003121844177
0.002710344537
0.003053958228
0.002323035487
0.002356169843
0.003672332869
0.002886043503
0.003057389718
0.003084118609
0.002936416351
0.003664867138
0.004169004695
0.003929637107
0.004384620419
0.004174133802
0.003221295917
0.005113781264
0.005053883971
0.00502448916
0.003912046217
0.003772662301
0.006403088226
0.005572603138
0.004996982147
0.003540903655
0.002911479122
0.005959784756
0.004862512696
0.004109767114
0.003592739263
0.003033361026
0.005951407759
0.004583815669
0.003553832
0.002831232875
0.002492507116
0.02566092208
0.02361024272
0.02363047625
0.02296427297
0.02197630323
0.01878630074
0.01823087198
0.01804512955
0.01571896372
0.01356656272
0.01797693414
0.02066676764
0.01867813818
0.01354214642
0.01035666829
0.01295992831
0.01751262426
0.01646491486
0.01342960616
0.01755419395
0.01028535614
0.01219831548
0.009169699161
0.00805477554
0.01209428819
0.01116005152
0.01308828844
0.009547961335
0.009532937665
0.01661231377
0.01186911118
0.01222869272
0.01263250889
0.01184095578
0.0164118846
0.01796744844
0.01606906173
0.01826697786
0.01637627978
0.01251802826
0.02110686582
0.02014558308
0.02065858919
0.01588407811
0.01633392379
0.02755038642
0.02325842752
0.02103429345
0.01442302198
0.01138757271
0.02301172951
0.01906367757
0.01681703695
0.01538297335
0.0126926886
0.02248592473
0.01809701068
0.01443702104
0.01173350331
0.01022427641
0.05246359304
0.05045958206
0.05252527123
0.05378730261
0.05189028072
0.03575106169
0.0394605345
0.0438680277
0.03649800399
0.03234450485
0.02856989081
0.03694594294
0.04162408688
0.02939807099
0.02338291329
0.02293757778
0.02776948065
0.0281952534
0.02894717869
0.04797146341
0.02383738587
0.02735910272
0.01919113642
0.01647759157
0.02506337772
0.02853324007
0.03457873564
0.02395452165
0.02375020469
0.04541000386
0.03067663732
0.02858129953
0.03069211665
0.02820717876
0.0442101401
0.04850378481
0.03954087975
0.04537652854
0.03321284661
0.02793723824
0.0525355485
0.04488590311
0.04828619792
0.03777140608
0.04327914677
0.07142239206
0.05667066734
0.05166814047
0.03440429185
0.02542616713
0.04911438285
0.04091951491
0.03996017692
0.03930179441
0.03145812709
0.04551559204
0.04053848144
0.03480398391
0.02957036837
0.02538558077
0.05492264231
0.05582412388
0.05840547182
0.05998953995
0.05820979805
0.03680152105
0.04278692972
0.04807723659
0.04065712143
0.03623485426
0.02874289227
0.03874632425
0.04516955535
0.0329416399
0.02648652647
0.02494995005
0.02914996563
0.02983925705
0.03210621809
0.05340629462
0.02670488169
0.03035553369
0.02209930976
0.01841563745
0.02752434743
0.03213831958
0.03854935866
0.02701491372
0.02677718863
0.04992120662
0.0343130731
0.03200689879
0.03369852302
0.03151750693
0.04912531895
0.05285211622
0.04453722008
0.04957062333
0.03593294655
0.0310644738
0.05869468761
0.05045190148
0.0532904367
0.04276520967
0.04832433767
0.07698101069
0.06379037925
0.05783965689
0.03932571902
0.02887997732
0.05267710355
0.04573315037
0.04458821699
0.04361206415
0.03494244733
0.04977199809
0.04542326582
0.03917875037
0.03350103801
0.02877289003
0.04463566554
0.05263470916
0.05947751942
0.06172366871
0.06035540985
0.03183665992
0.03841833155
0.04408005357
0.04202176502
0.03829162202
0.02480937618
0.03582314135
0.04522841112
0.0321437007
0.02598154331
0.02264402476
0.02892132303
0.033478531
0.03800815828
0.0530187357
0.03088294098
0.03768705764
0.03261711662
0.02977394985
0.03565346385
0.03648829951
0.03831679988
0.02813807998
0.03304572933
0.04882482094
0.03584105394
0.03740069427
0.03870338053
0.03667901162
0.0524050411
0.05405954319
0.04413735903
0.04823810548
0.03845901446
0.03399679934
0.06094794616
0.05348112561
0.0527389155
0.04305550864
0.04759735857
0.07433267815
0.06691242591
0.05728538877
0.03855258826
0.02837127074
0.05022934738
0.04873372779
0.04699534871
0.04474132805
0.03705198117
0.04423118775
0.04458608475
0.04077840959
0.0355507763
0.03094064514
0.04296036329
0.05064762833
0.05676175108
0.06092824067
0.06025028813
0.03165992034
0.03835789585
0.04281237582
0.04142222222
0.03882014401
0.02520444535
0.03553580365
0.04220202509
0.03477737334
0.0292613661
0.02342170805
0.02908809535
0.03317827472
0.03825914924
0.04995039083
0.03067722932
0.03710351809
0.03242902317
0.03015520821
0.03518610411
0.03714448065
0.04551949831
0.03989729357
0.03303976478
0.04659193038
0.03550690915
0.03859921833
0.03849344539
0.03830685228
0.05236624647
0.05159489926
0.04738629631
0.04833897557
0.03909768491
0.03427771563
0.059311005
0.05405566473
0.05239154785
0.04330753248
0.04697543185
0.07053403151
0.06655207899
0.0562599558
0.03813821933
0.0285237894
0.04893361429
0.04774662529
0.04678680952
0.04392340378
0.03736535468
0.04356724415
0.04333390437
0.03969728088
0.03556031887
0.03159582259
0.04365541168
0.05080718489
0.05663557462
0.06050754829
0.06023970522
0.03268160661
0.03904921373
0.04276478107
0.04151128852
0.03956770119
0.02648934049
0.03590136877
0.04099670206
0.03535102185
0.03073119187
0.02445102706
0.02982373113
0.03380723969
0.03891675401
0.04863503359
0.03122157713
0.0367825299
0.03272178772
0.0310324537
0.03563124614
0.03780429333
0.04704475498
0.04252106922
0.03415826789
0.045950678
0.03604307356
0.03918753263
0.03894119352
0.03976652305
0.05194379349
0.05079355077
0.0485675036
0.0506990782
0.03960564765
0.03477600403
0.05878509192
0.05475877449
0.05501925817
0.04357479479
0.04664691244
0.06875745373
0.06555336218
0.05567939136
0.03810845704
0.02901046115
0.04891322792
0.04789569385
0.04679235034
0.04325939729
0.03769956854
0.04398252176
0.04321210904
0.03977673918
0.03604887851
0.03287489405
0.04461430706
0.05131216844
0.05694581979
0.06047219745
0.06053827322
0.03368845099
0.03965078692
0.04290509043
0.04188879522
0.04037336863
0.02762491153
0.03619767993
0.04050411894
0.03568208979
0.03198651706
0.02535121882
0.03047580119
0.03445570763
0.03948317316
0.04776953146
0.03174761263
0.0365173895
0.03303934384
0.03186500416
0.036136642
0.03829593456
0.04699296432
0.04276573012
0.03536695117
0.04556856349
0.03674826995
0.03976792739
0.03962966324
0.04096329923
0.05126123728
0.05064181305
0.04918043931
0.05064915386
0.04007998935
0.0356468957
0.05880341309
0.05534375137
0.05510146022
0.04386543125
0.04634181496
0.06758508814
0.06465928209
0.05726531799
0.03831697808
0.0295510939
0.04906235685
0.04809937059
0.04684942824
0.04282701186
0.03804250571
0.04443362157
0.04328710999
0.0401245338
0.03684022102
0.03440751321
0.04543257632
0.05175175155
0.05721342573
0.0605154207
0.0608461741
0.03452825563
0.04011605317
0.04307808747
0.04231071551
0.04109091732
0.02853461813
0.03640346167
0.04024860528
0.03611440443
0.03311009389
0.02613674448
0.03105308139
0.03501552722
0.03991569921
0.04707906415
0.03220229023
0.03628420161
0.0333555056
0.03258383494
0.03658324338
0.03862729611
0.04647809794
0.04250974498
0.0364056746
0.0452487353
0.03742873574
0.04031011519
0.04035457632
0.04186325789
0.05052203743
0.05071976611
0.04959328036
0.05015376428
0.04053672108
0.0368470269
0.05899471149
0.05574398318
0.05460652772
0.0441248954
0.04603498129
0.06673498566
0.06371657087
0.05636005804
0.03853175598
0.03009217826
0.049233814
0.04831716161
0.04672474166
0.04254349705
0.03831841851
0.04482924184
0.04345465309
0.04056381517
0.03770773997
0.03580769238
0.046083879
0.05209033502
0.05739177305
0.06054162857
0.06104919865
0.03523934189
0.04049505343
0.04326501523
0.04271801794
0.04172134478
0.02928498111
0.03656156071
0.04008877847
0.03656464178
0.03413493817
0.02683955831
0.03155706691
0.03548555659
0.04025153979
0.04652358226
0.03259162065
0.03611808307
0.03366788549
0.03321289888
0.0369758688
0.03886653065
0.04584956162
0.04221546542
0.03726036164
0.04496800136
0.03806190383
0.04081878654
0.0410513818
0.04252434613
0.04984459006
0.0508581373
0.04984426791
0.04968797559
0.04100745655
0.03808350953
0.05918871568
0.0559971472
0.05405560218
0.04432294266
0.04573595093
0.06598534274
0.06267114331
0.05484632153
0.03887996814
0.03065134615
0.04941291966
0.04852473284
0.04658720061
0.04234822233
0.0384940758
0.04518918864
0.04368927124
0.04105648565
0.03854329367
0.03700863302
0.04659144075
0.05234045048
0.05749490199
0.06053300678
0.06113759526
0.0358474826
0.04081556982
0.04345682025
0.04310941035
0.04230966474
0.02991483547
0.0366900624
0.03999238664
0.03701176193
0.03504904404
0.02746691454
0.03199543727
0.03587370635
0.04049910534
0.04606614526
0.03292344319
0.03601185382
0.03397366094
0.03375725647
0.0373092207
0.03905024203
0.04523811576
0.04198155397
0.03794072863
0.04471732949
0.03863573541
0.04129175573
0.04167942496
0.04299998626
0.04925001996
0.05100094571
0.05001022244
0.04927063378
0.04146501731
0.03915160384
0.05930970777
0.05612469673
0.05360650471
0.04455190611
0.04546223874
0.06525809377
0.0616653458
0.05369470021
0.04128504738
0.03133613475
0.04957893735
0.04870430632
0.04647680375
0.04226852065
0.03867549226
0.0455107711
0.04395898223
0.04155284416
0.03928374326
0.03796700954
3.113372109e-07
2.636047629e-07
2.255888716e-07
1.948165312e-07
1.715173039e-07
2.633014359e-07
2.20153725e-07
1.890709289e-07
1.630734484e-07
1.406128444e-07
1.923278732e-07
1.47729923e-07
1.199526982e-07
9.921545645e-08
8.367055007e-08
1.696544567e-07
1.216913363e-07
9.72412129e-08
8.665551439e-08
8.00831487e-08
1.801094314e-07
1.299525926e-07
9.364467545e-08
7.032609594e-08
6.053907102e-08
1.797224571e-07
1.424576418e-07
1.071611215e-07
7.613876116e-08
6.062321907e-08
1.751364699e-07
1.638325081e-07
1.35989181e-07
1.014796675e-07
7.980733041e-08
1.723776123e-07
1.662175717e-07
1.439298346e-07
1.095043808e-07
8.618153466e-08
1.78787057e-07
1.667332951e-07
1.46124198e-07
1.124320091e-07
8.851432274e-08
1.893977201e-07
1.70933842e-07
1.563758776e-07
1.408671202e-07
1.279655081e-07
2.1165429e-07
1.876057049e-07
1.752320165e-07
1.627768187e-07
1.413309711e-07
2.53333463e-07
2.203817767e-07
2.01540975e-07
1.866350381e-07
1.691722493e-07
2.84603688e-06
2.392436945e-06
2.044444739e-06
1.766956811e-06
1.579972276e-06
2.482180926e-06
2.055695735e-06
1.762113629e-06
1.517374621e-06
1.312660681e-06
1.771498746e-06
1.353878227e-06
1.109277632e-06
9.163647959e-07
7.711065308e-07
1.556230893e-06
1.101308039e-06
8.93120816e-07
8.167179499e-07
7.683602906e-07
1.681553431e-06
1.204312861e-06
8.565669203e-07
6.375477399e-07
5.512890834e-07
1.661536862e-06
1.3232109e-06
9.865811742e-07
6.819337865e-07
5.355911725e-07
1.597484392e-06
1.527171517e-06
1.278796393e-06
9.469810113e-07
7.333403323e-07
1.581773953e-06
1.539204007e-06
1.359541164e-06
1.026169094e-06
7.968918901e-07
1.637383848e-06
1.548295429e-06
1.370773059e-06
1.030385975e-06
7.992410476e-07
1.714091817e-06
1.568824875e-06
1.432816028e-06
1.256231726e-06
1.112356605e-06
1.81570344e-06
1.620539866e-06
1.497953321e-06
1.348102672e-06
1.190250152e-06
2.122338018e-06
1.87273539e-06
1.733631452e-06
1.61833545e-06
1.509418622e-06
2.36955336e-05
1.952865805e-05
1.670589518e-05
1.45658256e-05
1.328132676e-05
2.153780493e-05
1.756945567e-05
1.50841222e-05
1.306154043e-05
1.135897654e-05
1.491182166e-05
1.134015884e-05
9.481113158e-06
7.897096472e-06
6.651425917e-06
1.301517098e-05
9.092925586e-06
7.57524637e-06
7.21499227e-06
6.92723926e-06
1.438046564e-05
1.023258625e-05
7.187213693e-06
5.313494615e-06
4.637006919e-06
1.408865554e-05
1.129690718e-05
8.334329448e-06
5.613279457e-06
4.376560687e-06
1.328726299e-05
1.307340056e-05
1.106210085e-05
8.17549619e-06
6.262150544e-06
1.310696577e-05
1.305069588e-05
1.189625341e-05
9.017066818e-06
6.982292713e-06
1.368137097e-05
1.327255455e-05
1.201497546e-05
8.901249803e-06
6.858380904e-06
1.448198049e-05
1.352701576e-05
1.248847701e-05
1.091877995e-05
9.605054738e-06
1.515350082e-05
1.36307873e-05
1.269397663e-05
1.142073561e-05
1.015916711e-05
1.74217068e-05
1.544108428e-05
1.453450911e-05
1.379688351e-05
1.316607013e-05
0.0001766912512
0.0001446520924
0.0001253201181
0.0001105511818
0.0001024712683
0.0001683553764
0.0001357183545
0.0001177389635
0.000103194953
8.988162911e-05
0.0001130807248
8.601886445e-05
7.408784656e-05
6.242669932e-05
5.23619965e-05
9.719663507e-05
6.819364811e-05
5.938916024e-05
5.924570774e-05
5.751248131e-05
0.0001097415777
7.899120824e-05
5.543706244e-05
4.043972163e-05
3.537115591e-05
0.0001075075505
8.759879034e-05
6.448854258e-05
4.232690028e-05
3.29904627e-05
0.0001002787831
0.0001030835151
8.75904705e-05
6.484641491e-05
4.91958642e-05
9.684996869e-05
0.0001011018585
9.464467984e-05
7.26196282e-05
5.611586331e-05
0.0001026422685
0.0001032319785
9.621217291e-05
7.047142523e-05
5.393054424e-05
0.0001108095243
0.0001057344487
9.979896665e-05
8.796989107e-05
7.698229972e-05
0.0001158183939
0.0001056822695
0.0001002727726
9.109018643e-05
8.122215451e-05
0.000132224827
0.0001177812093
0.0001130764477
0.0001095968763
0.0001067346534
0.001154728991
0.0009528495708
0.0008465328598
0.0007585305087
0.0007079357975
0.001144961491
0.0009124030688
0.0008052258924
0.0007189004378
0.000620097988
0.0007408550472
0.0005731152511
0.0005164159305
0.0004361829771
0.0003584745314
0.0006283530305
0.0004514287673
0.0004173384334
0.0004365235739
0.0004179620324
0.0007169627846
0.0005406914912
0.0003843797786
0.0002735932167
0.0002374585256
0.0007073831539
0.0005962701301
0.0004466239511
0.0002873189452
0.0002259489728
0.0006655007522
0.000721756925
0.0006136420067
0.0004591150229
0.0003429788859
0.0006234129372
0.0006859095153
0.0006573538137
0.0005141354561
0.00039265826
0.0006677867937
0.000696258382
0.0006741376147
0.0004899567022
0.0003720561244
0.0007364536896
0.0007176981918
0.0006987727789
0.0006274471397
0.0005426846266
0.0007741116188
0.0007214028917
0.0007012824927
0.0006470069941
0.0005758673171
0.0008859494245
0.0007934549245
0.000779336324
0.0007743410983
0.0007678035515
0.006114968008
0.005220755982
0.004816032119
0.004423673787
0.004125505163
0.006244562963
0.005047790789
0.004538489155
0.004147790848
0.003496493667
0.003883548832
0.003146191833
0.003000456221
0.00253389736
0.001991944059
0.003353974605
0.002510137884
0.002475205307
0.002706958277
0.002457752131
0.003827396577
0.003137594452
0.002285845274
0.001576118658
0.001327548136
0.003798629007
0.00338725256
0.002652019259
0.001676009041
0.001328882369
0.003670765345
0.00422841447
0.003561296413
0.0027429492
0.001974217666
0.003269412578
0.003804907951
0.003725314807
0.003013765632
0.002229764618
0.003553622584
0.003827892402
0.003899216749
0.00283106557
0.002128286313
0.004054993221
0.004015086891
0.004078281115
0.003777475604
0.003168784543
0.004307465461
0.004123500859
0.004114411042
0.003885977077
0.003422797544
0.004958372099
0.00446594053
0.004505810696
0.004622999631
0.004647757222
0.02378144442
0.02105128504
0.02036699536
0.01945015497
0.01807407106
0.02451706367
0.02028199816
0.01869505493
0.01770348934
0.01461945152
0.01469279808
0.01282590557
0.01317145016
0.01108761811
0.008241854036
0.01340766187
0.01074464703
0.01128841224
0.01276460808
0.01044448293
0.01483786214
0.01390456421
0.01061389174
0.007064826488
0.005457844178
0.01485250922
0.01446929257
0.01223103682
0.007701227627
0.006071170753
0.0153802005
0.01848592333
0.01526938864
0.01254813191
0.008405475792
0.01255833794
0.01526388553
0.01509824631
0.01317288316
0.009222738019
0.01402114299
0.01529559877
0.01653667889
0.01247499816
0.009240106277
0.0169188425
0.01669859342
0.01805434493
0.01755980562
0.01381282339
0.01811213513
0.01805039508
0.01840627038
0.01811818872
0.01559185568
0.02103428699
0.01903211158
0.01970470338
0.02097700301
0.02115455029
0.05472394137
0.05029772145
0.05059476005
0.05120285434
0.04720591231
0.0539216832
0.04683444894
0.04430356149
0.04460115923
0.03644596872
0.03174905707
0.03147695139
0.0359433962
0.02983416116
0.02049518374
0.03284070961
0.02883520071
0.03259482776
0.03768353589
0.02543090227
0.03260460401
0.03807373366
0.03104137317
0.01965525987
0.01287806107
0.03380843485
0.03730768247
0.03552960949
0.02204920498
0.01757609493
0.04070821396
0.04924863767
0.03816172483
0.03560095515
0.0208779681
0.02885800681
0.0352629875
0.03446082523
0.03486157002
0.02207289633
0.03353711891
0.03479250047
0.04124470643
0.0334141682
0.02445902133
0.04387770922
0.04160983189
0.04956949634
0.05159955877
0.03631761396
0.04728719406
0.04975472527
0.0511846334
0.05328331226
0.04391389674
0.05617975612
0.05068080541
0.05315269503
0.05813044576
0.05733628778
0.06512429168
0.05724144172
0.05705682097
0.05762561481
0.05371703562
0.05674963814
0.05246461165
0.05018356273
0.05053359809
0.04189397813
0.03440243867
0.03564434848
0.04042523002
0.03442212292
0.02346081111
0.03592976308
0.03306635884
0.03694457925
0.04153767225
0.02783784609
0.03563203507
0.0423897442
0.03531890374
0.02219173022
0.01438856863
0.03748331569
0.04192294109
0.04014064383
0.02524319691
0.01985955603
0.04510357178
0.05476674243
0.04317657275
0.03969262358
0.02315085033
0.03226192109
0.03907942665
0.03877769489
0.03925447118
0.02485545371
0.03800871354
0.03930344576
0.04655578802
0.03809895611
0.02734614075
0.05002895498
0.04763213573
0.0565314596
0.05925251988
0.04293215193
0.05375793997
0.05668834491
0.05879484903
0.06110297257
0.05127075773
0.06286663742
0.05752351353
0.06016965882
0.06555290942
0.06469221832
0.05706973745
0.05599588973
0.05931634947
0.05646810968
0.05523270467
0.05642362466
0.05616434505
0.05128417835
0.05080623302
0.04256291102
0.03693388306
0.03627546724
0.04017970238
0.03408821792
0.02344889993
0.03787986869
0.03582202957
0.03675713176
0.03964337694
0.0269886373
0.03759703425
0.04389034162
0.03661105146
0.02276735716
0.01484982804
0.03986012971
0.04431444703
0.04094372276
0.02628877299
0.02032102348
0.04555539147
0.05269751838
0.04183251439
0.03996619432
0.02461587997
0.03621896012
0.03862215015
0.03809183984
0.0385388869
0.02483564709
0.04595765301
0.04576919375
0.05036231967
0.03948987857
0.02491775773
0.05990503545
0.05517095384
0.05986614143
0.05793242487
0.04309228747
0.05538049711
0.0590370031
0.06213491999
0.06014934349
0.05136974607
0.05399531004
0.05099063115
0.05924465673
0.06863961214
0.06870361615
0.0549305011
0.05512977792
0.05833260881
0.05778436853
0.05497677383
0.05407672813
0.05617604552
0.05380494196
0.05041433295
0.04261448286
0.03749425678
0.03673013563
0.03967464416
0.0336873989
0.02578174563
0.03705979321
0.03668054768
0.03882043407
0.04014272129
0.02883350359
0.03678586603
0.0429387182
0.03614507523
0.02211672916
0.01503720358
0.04007038181
0.04471661328
0.04033804093
0.02618634898
0.01996085954
0.04431244319
0.05366365576
0.0439700987
0.03876476729
0.02457747918
0.03735486719
0.04193277624
0.04113979142
0.03824106356
0.02485427957
0.04733435624
0.04650381918
0.05035318235
0.03867853265
0.0257459265
0.05969327386
0.05694090335
0.06029537219
0.05717547369
0.04317225323
0.05369878544
0.05749454735
0.06192072636
0.06238386756
0.05494324831
0.05209753771
0.05050884711
0.05844647153
0.06618337428
0.06669152547
0.05402690563
0.05521377863
0.05785309715
0.05741452589
0.05461321341
0.05323476898
0.05561867647
0.05393314131
0.04979586212
0.04283757474
0.03798806174
0.0373519893
0.03930861799
0.03355190772
0.02698157592
0.03692700616
0.03729526701
0.03921429254
0.03930534642
0.02933380392
0.03698602717
0.04224929007
0.03559696596
0.0223206473
0.01584169114
0.04032048872
0.04470822302
0.03968703445
0.02641617015
0.02027901036
0.04385843121
0.05265834808
0.04413839089
0.03792066015
0.02502847912
0.03832738204
0.04276343741
0.0417595722
0.03766726619
0.0251671058
0.04815402705
0.04724479413
0.04984646308
0.03873185798
0.02682645708
0.05923875964
0.05790659726
0.06022856154
0.05849990769
0.04355733746
0.05384405048
0.05754403053
0.06204860474
0.06229384304
0.05602184069
0.0520338674
0.05166437373
0.05903387137
0.06547214268
0.06609705511
0.05354000069
0.05529087637
0.05751377148
0.05673424169
0.054142975
0.05291730667
0.054963891
0.05359097473
0.04943404898
0.0450244969
0.0384858727
0.0393193078
0.03910871101
0.03368804286
0.02812546886
0.03705432748
0.03776654762
0.03920262995
0.03831675637
0.02957431254
0.03724808787
0.0416619783
0.03507781549
0.02262655604
0.01658708952
0.04051400286
0.04444219719
0.03899976013
0.02673709956
0.02071472473
0.04360570283
0.05128446734
0.04377593431
0.03734176481
0.02575998497
0.03922145197
0.04307904665
0.04184609488
0.03872717263
0.02783219225
0.04882210455
0.04796183374
0.04933116529
0.03889714742
0.02813022648
0.0590828516
0.05850851959
0.05991077439
0.05736668212
0.04627111186
0.05432125263
0.05784847895
0.06224947441
0.06189978562
0.05646733951
0.05250971231
0.05295643762
0.05965691196
0.06511849229
0.06578643996
0.05325427546
0.05534084624
0.05712306503
0.05600976776
0.05364420038
0.05274182654
0.05450848593
0.05316338235
0.04931175806
0.04560293628
0.03887855714
0.0399784255
0.03897311114
0.03390846052
0.02898887527
0.03726190275
0.03808084968
0.03906000859
0.0374852264
0.02975214299
0.03744832654
0.04111740902
0.03461574657
0.02293830845
0.01721329767
0.04062986353
0.04404460005
0.03835873078
0.02698865559
0.0211176546
0.04342118615
0.05011618597
0.04334847477
0.03682854848
0.02639791864
0.03997081015
0.04324475357
0.04179853721
0.03838772698
0.02876150731
0.04938387608
0.0485162482
0.04883321483
0.03911072654
0.02937608802
0.05906268581
0.0589213931
0.05945711134
0.05629480502
0.04704169281
0.05490670027
0.05823308663
0.06244198536
0.06158306049
0.05694320645
0.05328247606
0.05408982494
0.06013678012
0.06490572818
0.06571458913
0.05308638254
0.05536616595
0.05667236525
0.05534307797
0.05312375355
0.05247646634
0.05401572532
0.0527053224
0.05031709027
0.04591140637
0.03920026569
0.04029511463
0.03891401381
0.03418095013
0.02967197132
0.03747752498
0.03828772149
0.03887288929
0.03680814581
0.02991220557
0.03759091692
0.04060991275
0.03424611189
0.02334885213
0.01788856773
0.04065728672
0.04359015264
0.03780051677
0.0271769616
0.02146663488
0.04325160308
0.04904976187
0.0429093667
0.03637796721
0.02693377615
0.04057923747
0.04331180428
0.04172249145
0.03791539234
0.02933364819
0.04984806566
0.04892051598
0.04843008712
0.03939099717
0.03060787119
0.05910054361
0.05916983237
0.05902418764
0.05551974371
0.04751374499
0.05548612712
0.05862066715
0.06254843794
0.06135719422
0.05736630794
0.05410942125
0.05503949936
0.06051532395
0.06479317699
0.06577896144
0.05298112304
0.05533825243
0.0562092751
0.05475477767
0.05265415612
0.05210712003
0.05349474082
0.05225097558
0.05011643165
0.04603223373
0.03947621877
0.04054194728
0.04023173727
0.03545720091
0.03032592185
0.03766516255
0.03842463308
0.03870433339
0.03631227372
0.03006278829
0.03770255728
0.04016227676
0.03397979219
0.02380114429
0.01857411035
0.04063441627
0.04313721963
0.03734512166
0.02735076429
0.02179810396
0.04308343158
0.04811127361
0.04248447473
0.03601031342
0.0273887376
0.04108587078
0.04335392674
0.04162367236
0.03754202007
0.02976434234
0.05022857603
0.04919904746
0.04811318492
0.03970590139
0.03175571734
0.05914548562
0.0592201421
0.05863795477
0.05496034348
0.04790939631
0.05602927639
0.0589632376
0.0626154696
0.06118818161
0.05775354123
0.05485943111
0.05583118913
0.0608210602
0.06475194862
0.06590732621
)
;

boundaryField
{
    walls
    {
        type            zeroGradient;
    }
    inlet
    {
        type            fixedValue;
        value           uniform 0;
    }
    outlet
    {
        type            inletOutlet;
        phi             alphaRhoPhi;
        inletValue      uniform 0;
        value           nonuniform List<scalar> 
384
(
0.04700659163
0.04665075558
0.05757449831
0.05615232236
0.04461362807
0.03586603912
0.03580906959
0.03495716866
0.02607255798
0.0242056233
0.03097468331
0.0428276712
0.0420120973
0.03810602889
0.04525225431
0.04349417299
0.03819274586
0.03284775428
0.0397029313
0.04447969511
0.03012780082
0.02434720918
0.02683191041
0.03289213189
0.03486132183
0.03368753869
0.04056776628
0.0340533409
0.03107979946
0.03249233684
0.03990541936
0.04670971993
0.03950695036
0.03850041975
0.03442130096
0.03068930932
0.0342538238
0.03150361609
0.03539513417
0.03731198412
0.03551417716
0.03948140662
0.05080224453
0.06221142511
0.06304221588
0.06194032742
0.05269461503
0.03973960731
0.03368189783
0.03529807059
0.0383823472
0.05081388319
0.05283006062
0.04624657384
0.04500383521
0.04957197834
0.05809635285
0.06720607683
0.05268929734
0.03874437271
0.03704992917
0.04655786493
0.04785947183
0.0616320592
0.06618183724
0.04808061137
0.0395583694
0.04133868985
0.04724593405
0.05664205024
0.04501367438
0.04109064303
0.03577966492
0.0467619323
0.04974223843
0.06155109456
0.06588820208
0.05415626399
0.05069281853
0.0461589516
0.0477998823
0.05731570268
0.04995801604
0.05187373512
0.04038378914
0.04761404675
0.05401520647
0.06175860774
0.06899165879
0.06580990323
0.062373575
0.05187113069
0.05229618283
0.05278895726
0.04586802563
0.04872828764
0.05743728128
0.06063764118
0.06457204446
0.06645432784
0.06630025972
0.0706022622
0.06488594578
0.0587433526
0.05412595734
0.04531524591
0.04159609533
0.04919930912
0.06154707528
0.05226761471
0.05389760242
0.05501406785
0.05312484023
0.06025751072
0.04974567871
0.04214331399
0.0455769628
0.05027515488
0.05887208827
0.06834792491
0.05620347507
0.04783392024
0.0528293576
0.05499859043
0.05620468619
0.06002850923
0.04313524617
0.03959348619
0.05418546584
0.06364088646
0.07306957746
0.0724589559
0.05882272834
0.05364090311
0.06065809797
0.05562222758
0.06366269921
0.06319766402
0.04971456501
0.05203299825
0.06247959199
0.064899014
0.06315391791
0.05845919097
0.05681233458
0.05737807037
0.05455587148
0.04631244372
0.05237772549
0.04860597075
0.05443346174
0.06578852525
0.06058477256
0.05532018599
0.05671159052
0.05155535379
0.05796881532
0.05629266835
0.04885616325
0.0418391778
0.04575667527
0.04001275446
0.05209002284
0.05988957978
0.05282026899
0.045697789
0.04789812006
0.04190470627
0.06326638784
0.06051637073
0.04883910414
0.04175766965
0.04081486798
0.03261753959
0.04093284363
0.04894602389
0.05031209823
0.04215234552
0.03873502457
0.03339083782
0.06859509011
0.06757624761
0.05843058163
0.04850647653
0.04726955677
0.03577220856
0.03651710846
0.05226045862
0.06275594404
0.03822686962
0.03017278218
0.02742168512
0.07070759345
0.07420393001
0.06826094581
0.05862355667
0.0563928705
0.04219080315
0.03867353913
0.06295296658
0.0839674084
0.03948800782
0.02642854437
0.02464318765
0.05344902576
0.06783034443
0.0690029224
0.05208646049
0.0470542981
0.05334483522
0.04957330161
0.04629313251
0.0432015384
0.0337258201
0.03946766192
0.0507521248
0.04571003869
0.05708658838
0.06292060566
0.05478688644
0.04959168197
0.04844558936
0.05182703428
0.05036598819
0.03800178231
0.03183038515
0.04519744614
0.06008641348
0.03915327066
0.04610896719
0.05099167031
0.04976131753
0.05704711784
0.0465770146
0.04795085061
0.04322248445
0.02906181924
0.02908270193
0.05297697479
0.07107352121
0.03493179622
0.03860585551
0.04169601515
0.04192292812
0.06417573416
0.0563020707
0.04685393575
0.02902391123
0.02031172151
0.02767737219
0.06194194792
0.08019780091
0.03229095804
0.03427240079
0.03815891436
0.03948148789
0.06901378225
0.07005224805
0.05517521688
0.02649764647
0.01760948516
0.02793875616
0.06681096569
0.08329140627
0.04659144075
0.0358474826
0.02991483547
0.02746691454
0.03292344319
0.03905024203
0.03863573541
0.05100094571
0.05930970777
0.06525809377
0.04957893735
0.0455107711
0.05234045048
0.04081556982
0.0366900624
0.03199543727
0.03601185382
0.04523811576
0.04129175573
0.05001022244
0.05612469673
0.0616653458
0.04870430632
0.04395898223
0.05749490199
0.04345682025
0.03999238664
0.03587370635
0.03397366094
0.04198155397
0.04167942496
0.04927063378
0.05360650471
0.05369470021
0.04647680375
0.04155284416
0.06053300678
0.04310941035
0.03701176193
0.04049910534
0.03375725647
0.03794072863
0.04299998626
0.04146501731
0.04455190611
0.04128504738
0.04226852065
0.03928374326
0.06113759526
0.04230966474
0.03504904404
0.04606614526
0.0373092207
0.04471732949
0.04925001996
0.03915160384
0.04546223874
0.03133613475
0.03867549226
0.03796700954
0.05298112304
0.05210712003
0.03947621877
0.03766516255
0.03770255728
0.04063441627
0.04308343158
0.04108587078
0.05022857603
0.05914548562
0.05602927639
0.05485943111
0.05533825243
0.05349474082
0.04054194728
0.03842463308
0.04016227676
0.04313721963
0.04811127361
0.04335392674
0.04919904746
0.0592201421
0.0589632376
0.05583118913
0.0562092751
0.05225097558
0.04023173727
0.03870433339
0.03397979219
0.03734512166
0.04248447473
0.04162367236
0.04811318492
0.05863795477
0.0626154696
0.0608210602
0.05475477767
0.05011643165
0.03545720091
0.03631227372
0.02380114429
0.02735076429
0.03601031342
0.03754202007
0.03970590139
0.05496034348
0.06118818161
0.06475194862
0.05265415612
0.04603223373
0.03032592185
0.03006278829
0.01857411035
0.02179810396
0.0273887376
0.02976434234
0.03175571734
0.04790939631
0.05775354123
0.06590732621
)
;
    }
}


// ************************************************************************* //
