/*--------------------------------*- C++ -*----------------------------------*\
  =========                 |
  \\      /  F ield         | OpenFOAM: The Open Source CFD Toolbox
   \\    /   O peration     | Website:  https://openfoam.org
    \\  /    A nd           | Version:  7
     \\/     M anipulation  |
\*---------------------------------------------------------------------------*/
FoamFile
{
    version     2.0;
    format      ascii;
    class       volScalarField;
    location    "2";
    object      H2Oavg;
}
// * * * * * * * * * * * * * * * * * * * * * * * * * * * * * * * * * * * * * //

dimensions      [0 0 0 0 0 0 0];

internalField   nonuniform List<scalar> 
6144
(
1.164975193e-06
1.164975193e-06
7.529653476e-07
7.529653476e-07
9.422529836e-07
9.422529836e-07
9.559291735e-07
9.559291735e-07
7.6119782e-07
7.6119782e-07
8.923205549e-07
8.923205549e-07
1.164975193e-06
1.164975193e-06
7.529653476e-07
7.529653476e-07
9.422529836e-07
9.422529836e-07
9.559291735e-07
9.559291735e-07
7.6119782e-07
7.6119782e-07
8.923205549e-07
8.923205549e-07
8.036470919e-07
8.036470919e-07
6.88298364e-07
6.88298364e-07
8.836142594e-07
8.836142594e-07
6.89399376e-07
6.89399376e-07
9.299163546e-07
9.299163546e-07
1.022915188e-06
1.022915188e-06
8.036470919e-07
8.036470919e-07
6.88298364e-07
6.88298364e-07
8.836142594e-07
8.836142594e-07
6.89399376e-07
6.89399376e-07
9.299163546e-07
9.299163546e-07
1.022915188e-06
1.022915188e-06
8.099378839e-07
8.099378839e-07
6.970008407e-07
6.970008407e-07
9.510687554e-07
9.510687554e-07
8.547691511e-07
8.547691511e-07
5.721452945e-07
5.721452945e-07
8.514913118e-07
8.514913118e-07
8.099378839e-07
8.099378839e-07
6.970008407e-07
6.970008407e-07
9.510687554e-07
9.510687554e-07
8.547691511e-07
8.547691511e-07
5.721452945e-07
5.721452945e-07
8.514913118e-07
8.514913118e-07
4.804677253e-07
4.804677253e-07
8.74415919e-07
8.74415919e-07
9.635907827e-07
9.635907827e-07
6.194153111e-07
6.194153111e-07
9.296884097e-07
9.296884097e-07
1.20499352e-06
1.20499352e-06
4.804677253e-07
4.804677253e-07
8.74415919e-07
8.74415919e-07
9.635907827e-07
9.635907827e-07
6.194153111e-07
6.194153111e-07
9.296884097e-07
9.296884097e-07
1.20499352e-06
1.20499352e-06
7.802762219e-07
7.802762219e-07
9.09313496e-07
9.09313496e-07
1.112837798e-06
1.112837798e-06
1.600993075e-06
1.600993075e-06
9.206963719e-07
9.206963719e-07
1.211645601e-06
1.211645601e-06
7.802762219e-07
7.802762219e-07
9.09313496e-07
9.09313496e-07
1.112837798e-06
1.112837798e-06
1.600993075e-06
1.600993075e-06
9.206963719e-07
9.206963719e-07
1.211645601e-06
1.211645601e-06
1.096829431e-06
1.096829431e-06
9.450216639e-07
9.450216639e-07
1.305958392e-06
1.305958392e-06
1.124180442e-06
1.124180442e-06
1.043949296e-06
1.043949296e-06
1.37694968e-06
1.37694968e-06
1.096829431e-06
1.096829431e-06
9.450216639e-07
9.450216639e-07
1.305958392e-06
1.305958392e-06
1.124180442e-06
1.124180442e-06
1.043949296e-06
1.043949296e-06
1.37694968e-06
1.37694968e-06
1.164975193e-06
1.164975193e-06
7.529653476e-07
7.529653476e-07
9.422529836e-07
9.422529836e-07
9.559291735e-07
9.559291735e-07
7.6119782e-07
7.6119782e-07
8.923205549e-07
8.923205549e-07
1.164975193e-06
1.164975193e-06
7.529653476e-07
7.529653476e-07
9.422529836e-07
9.422529836e-07
9.559291735e-07
9.559291735e-07
7.6119782e-07
7.6119782e-07
8.923205549e-07
8.923205549e-07
8.036470919e-07
8.036470919e-07
6.88298364e-07
6.88298364e-07
8.836142594e-07
8.836142594e-07
6.89399376e-07
6.89399376e-07
9.299163546e-07
9.299163546e-07
1.022915188e-06
1.022915188e-06
8.036470919e-07
8.036470919e-07
6.88298364e-07
6.88298364e-07
8.836142594e-07
8.836142594e-07
6.89399376e-07
6.89399376e-07
9.299163546e-07
9.299163546e-07
1.022915188e-06
1.022915188e-06
8.099378839e-07
8.099378839e-07
6.970008407e-07
6.970008407e-07
9.510687554e-07
9.510687554e-07
8.547691511e-07
8.547691511e-07
5.721452945e-07
5.721452945e-07
8.514913118e-07
8.514913118e-07
8.099378839e-07
8.099378839e-07
6.970008407e-07
6.970008407e-07
9.510687554e-07
9.510687554e-07
8.547691511e-07
8.547691511e-07
5.721452945e-07
5.721452945e-07
8.514913118e-07
8.514913118e-07
4.804677253e-07
4.804677253e-07
8.74415919e-07
8.74415919e-07
9.635907827e-07
9.635907827e-07
6.194153111e-07
6.194153111e-07
9.296884097e-07
9.296884097e-07
1.20499352e-06
1.20499352e-06
4.804677253e-07
4.804677253e-07
8.74415919e-07
8.74415919e-07
9.635907827e-07
9.635907827e-07
6.194153111e-07
6.194153111e-07
9.296884097e-07
9.296884097e-07
1.20499352e-06
1.20499352e-06
7.802762219e-07
7.802762219e-07
9.09313496e-07
9.09313496e-07
1.112837798e-06
1.112837798e-06
1.600993075e-06
1.600993075e-06
9.206963719e-07
9.206963719e-07
1.211645601e-06
1.211645601e-06
7.802762219e-07
7.802762219e-07
9.09313496e-07
9.09313496e-07
1.112837798e-06
1.112837798e-06
1.600993075e-06
1.600993075e-06
9.206963719e-07
9.206963719e-07
1.211645601e-06
1.211645601e-06
1.096829431e-06
1.096829431e-06
9.450216639e-07
9.450216639e-07
1.305958392e-06
1.305958392e-06
1.124180442e-06
1.124180442e-06
1.043949296e-06
1.043949296e-06
1.37694968e-06
1.37694968e-06
1.096829431e-06
1.096829431e-06
9.450216639e-07
9.450216639e-07
1.305958392e-06
1.305958392e-06
1.124180442e-06
1.124180442e-06
1.043949296e-06
1.043949296e-06
1.37694968e-06
1.37694968e-06
7.190175233e-05
7.190175233e-05
7.489857984e-05
7.489857984e-05
7.358220057e-05
7.358220057e-05
5.445334749e-05
5.445334749e-05
5.99269899e-05
5.99269899e-05
5.934523104e-05
5.934523104e-05
7.190175233e-05
7.190175233e-05
7.489857984e-05
7.489857984e-05
7.358220057e-05
7.358220057e-05
5.445334749e-05
5.445334749e-05
5.99269899e-05
5.99269899e-05
5.934523104e-05
5.934523104e-05
6.008960229e-05
6.008960229e-05
4.742178124e-05
4.742178124e-05
5.967110528e-05
5.967110528e-05
4.433533835e-05
4.433533835e-05
6.889807457e-05
6.889807457e-05
6.387086615e-05
6.387086615e-05
6.008960229e-05
6.008960229e-05
4.742178124e-05
4.742178124e-05
5.967110528e-05
5.967110528e-05
4.433533835e-05
4.433533835e-05
6.889807457e-05
6.889807457e-05
6.387086615e-05
6.387086615e-05
4.3946661e-05
4.3946661e-05
3.67756133e-05
3.67756133e-05
3.856440983e-05
3.856440983e-05
4.724873064e-05
4.724873064e-05
3.457858921e-05
3.457858921e-05
7.118499496e-05
7.118499496e-05
4.3946661e-05
4.3946661e-05
3.67756133e-05
3.67756133e-05
3.856440983e-05
3.856440983e-05
4.724873064e-05
4.724873064e-05
3.457858921e-05
3.457858921e-05
7.118499496e-05
7.118499496e-05
3.174352839e-05
3.174352839e-05
6.280998815e-05
6.280998815e-05
5.195173134e-05
5.195173134e-05
6.336680078e-05
6.336680078e-05
5.293468394e-05
5.293468394e-05
5.420344907e-05
5.420344907e-05
3.174352839e-05
3.174352839e-05
6.280998815e-05
6.280998815e-05
5.195173134e-05
5.195173134e-05
6.336680078e-05
6.336680078e-05
5.293468394e-05
5.293468394e-05
5.420344907e-05
5.420344907e-05
5.898506202e-05
5.898506202e-05
8.291773773e-05
8.291773773e-05
8.894717113e-05
8.894717113e-05
5.094914191e-05
5.094914191e-05
5.708206037e-05
5.708206037e-05
6.367696708e-05
6.367696708e-05
5.898506202e-05
5.898506202e-05
8.291773773e-05
8.291773773e-05
8.894717113e-05
8.894717113e-05
5.094914191e-05
5.094914191e-05
5.708206037e-05
5.708206037e-05
6.367696708e-05
6.367696708e-05
6.823067517e-05
6.823067517e-05
3.414805315e-05
3.414805315e-05
7.941626979e-05
7.941626979e-05
7.62293507e-05
7.62293507e-05
5.628944569e-05
5.628944569e-05
9.507963533e-05
9.507963533e-05
6.823067517e-05
6.823067517e-05
3.414805315e-05
3.414805315e-05
7.941626979e-05
7.941626979e-05
7.62293507e-05
7.62293507e-05
5.628944569e-05
5.628944569e-05
9.507963533e-05
9.507963533e-05
7.190175233e-05
7.190175233e-05
7.489857984e-05
7.489857984e-05
7.358220057e-05
7.358220057e-05
5.445334749e-05
5.445334749e-05
5.99269899e-05
5.99269899e-05
5.934523104e-05
5.934523104e-05
7.190175233e-05
7.190175233e-05
7.489857984e-05
7.489857984e-05
7.358220057e-05
7.358220057e-05
5.445334749e-05
5.445334749e-05
5.99269899e-05
5.99269899e-05
5.934523104e-05
5.934523104e-05
6.008960229e-05
6.008960229e-05
4.742178124e-05
4.742178124e-05
5.967110528e-05
5.967110528e-05
4.433533835e-05
4.433533835e-05
6.889807457e-05
6.889807457e-05
6.387086615e-05
6.387086615e-05
6.008960229e-05
6.008960229e-05
4.742178124e-05
4.742178124e-05
5.967110528e-05
5.967110528e-05
4.433533835e-05
4.433533835e-05
6.889807457e-05
6.889807457e-05
6.387086615e-05
6.387086615e-05
4.3946661e-05
4.3946661e-05
3.67756133e-05
3.67756133e-05
3.856440983e-05
3.856440983e-05
4.724873064e-05
4.724873064e-05
3.457858921e-05
3.457858921e-05
7.118499496e-05
7.118499496e-05
4.3946661e-05
4.3946661e-05
3.67756133e-05
3.67756133e-05
3.856440983e-05
3.856440983e-05
4.724873064e-05
4.724873064e-05
3.457858921e-05
3.457858921e-05
7.118499496e-05
7.118499496e-05
3.174352839e-05
3.174352839e-05
6.280998815e-05
6.280998815e-05
5.195173134e-05
5.195173134e-05
6.336680078e-05
6.336680078e-05
5.293468394e-05
5.293468394e-05
5.420344907e-05
5.420344907e-05
3.174352839e-05
3.174352839e-05
6.280998815e-05
6.280998815e-05
5.195173134e-05
5.195173134e-05
6.336680078e-05
6.336680078e-05
5.293468394e-05
5.293468394e-05
5.420344907e-05
5.420344907e-05
5.898506202e-05
5.898506202e-05
8.291773773e-05
8.291773773e-05
8.894717113e-05
8.894717113e-05
5.094914191e-05
5.094914191e-05
5.708206037e-05
5.708206037e-05
6.367696708e-05
6.367696708e-05
5.898506202e-05
5.898506202e-05
8.291773773e-05
8.291773773e-05
8.894717113e-05
8.894717113e-05
5.094914191e-05
5.094914191e-05
5.708206037e-05
5.708206037e-05
6.367696708e-05
6.367696708e-05
6.823067517e-05
6.823067517e-05
3.414805315e-05
3.414805315e-05
7.941626979e-05
7.941626979e-05
7.62293507e-05
7.62293507e-05
5.628944569e-05
5.628944569e-05
9.507963533e-05
9.507963533e-05
6.823067517e-05
6.823067517e-05
3.414805315e-05
3.414805315e-05
7.941626979e-05
7.941626979e-05
7.62293507e-05
7.62293507e-05
5.628944569e-05
5.628944569e-05
9.507963533e-05
9.507963533e-05
0.002757773164
0.002757773164
0.00188432532
0.00188432532
0.002351853559
0.002351853559
0.002596301327
0.002596301327
0.002075211406
0.002075211406
0.002441524226
0.002441524226
0.002757773164
0.002757773164
0.00188432532
0.00188432532
0.002351853559
0.002351853559
0.002596301327
0.002596301327
0.002075211406
0.002075211406
0.002441524226
0.002441524226
0.002001483731
0.002001483731
0.001446579827
0.001446579827
0.002430565407
0.002430565407
0.001595957408
0.001595957408
0.002248801001
0.002248801001
0.002689693102
0.002689693102
0.002001483731
0.002001483731
0.001446579827
0.001446579827
0.002430565407
0.002430565407
0.001595957408
0.001595957408
0.002248801001
0.002248801001
0.002689693102
0.002689693102
0.001532585187
0.001532585187
0.001211269127
0.001211269127
0.001615604169
0.001615604169
0.001559730924
0.001559730924
0.001799274947
0.001799274947
0.002377271872
0.002377271872
0.001532585187
0.001532585187
0.001211269127
0.001211269127
0.001615604169
0.001615604169
0.001559730924
0.001559730924
0.001799274947
0.001799274947
0.002377271872
0.002377271872
0.001730778286
0.001730778286
0.002865201195
0.002865201195
0.00155713699
0.00155713699
0.002960087322
0.002960087322
0.002008675555
0.002008675555
0.001957606377
0.001957606377
0.001730778286
0.001730778286
0.002865201195
0.002865201195
0.00155713699
0.00155713699
0.002960087322
0.002960087322
0.002008675555
0.002008675555
0.001957606377
0.001957606377
0.001042407997
0.001042407997
0.002637739881
0.002637739881
0.003708464717
0.003708464717
0.002999946615
0.002999946615
0.002561882106
0.002561882106
0.002585600365
0.002585600365
0.001042407997
0.001042407997
0.002637739881
0.002637739881
0.003708464717
0.003708464717
0.002999946615
0.002999946615
0.002561882106
0.002561882106
0.002585600365
0.002585600365
0.002186790281
0.002186790281
0.002271825288
0.002271825288
0.001686072986
0.001686072986
0.002947590734
0.002947590734
0.003059975283
0.003059975283
0.003982095264
0.003982095264
0.002186790281
0.002186790281
0.002271825288
0.002271825288
0.001686072986
0.001686072986
0.002947590734
0.002947590734
0.003059975283
0.003059975283
0.003982095264
0.003982095264
0.002757773164
0.002757773164
0.00188432532
0.00188432532
0.002351853559
0.002351853559
0.002596301327
0.002596301327
0.002075211406
0.002075211406
0.002441524226
0.002441524226
0.002757773164
0.002757773164
0.00188432532
0.00188432532
0.002351853559
0.002351853559
0.002596301327
0.002596301327
0.002075211406
0.002075211406
0.002441524226
0.002441524226
0.002001483731
0.002001483731
0.001446579827
0.001446579827
0.002430565407
0.002430565407
0.001595957408
0.001595957408
0.002248801001
0.002248801001
0.002689693102
0.002689693102
0.002001483731
0.002001483731
0.001446579827
0.001446579827
0.002430565407
0.002430565407
0.001595957408
0.001595957408
0.002248801001
0.002248801001
0.002689693102
0.002689693102
0.001532585187
0.001532585187
0.001211269127
0.001211269127
0.001615604169
0.001615604169
0.001559730924
0.001559730924
0.001799274947
0.001799274947
0.002377271872
0.002377271872
0.001532585187
0.001532585187
0.001211269127
0.001211269127
0.001615604169
0.001615604169
0.001559730924
0.001559730924
0.001799274947
0.001799274947
0.002377271872
0.002377271872
0.001730778286
0.001730778286
0.002865201195
0.002865201195
0.00155713699
0.00155713699
0.002960087322
0.002960087322
0.002008675555
0.002008675555
0.001957606377
0.001957606377
0.001730778286
0.001730778286
0.002865201195
0.002865201195
0.00155713699
0.00155713699
0.002960087322
0.002960087322
0.002008675555
0.002008675555
0.001957606377
0.001957606377
0.001042407997
0.001042407997
0.002637739881
0.002637739881
0.003708464717
0.003708464717
0.002999946615
0.002999946615
0.002561882106
0.002561882106
0.002585600365
0.002585600365
0.001042407997
0.001042407997
0.002637739881
0.002637739881
0.003708464717
0.003708464717
0.002999946615
0.002999946615
0.002561882106
0.002561882106
0.002585600365
0.002585600365
0.002186790281
0.002186790281
0.002271825288
0.002271825288
0.001686072986
0.001686072986
0.002947590734
0.002947590734
0.003059975283
0.003059975283
0.003982095264
0.003982095264
0.002186790281
0.002186790281
0.002271825288
0.002271825288
0.001686072986
0.001686072986
0.002947590734
0.002947590734
0.003059975283
0.003059975283
0.003982095264
0.003982095264
0.02776257591
0.02776257591
0.01721840788
0.01721840788
0.02859244324
0.02859244324
0.02425397304
0.02425397304
0.02836390571
0.02836390571
0.02932646869
0.02932646869
0.02776257591
0.02776257591
0.01721840788
0.01721840788
0.02859244324
0.02859244324
0.02425397304
0.02425397304
0.02836390571
0.02836390571
0.02932646869
0.02932646869
0.02505822761
0.02505822761
0.01777515841
0.01777515841
0.02242676918
0.02242676918
0.01885901053
0.01885901053
0.02554852685
0.02554852685
0.03354485725
0.03354485725
0.02505822761
0.02505822761
0.01777515841
0.01777515841
0.02242676918
0.02242676918
0.01885901053
0.01885901053
0.02554852685
0.02554852685
0.03354485725
0.03354485725
0.01633518306
0.01633518306
0.01707669464
0.01707669464
0.02114639405
0.02114639405
0.02459496749
0.02459496749
0.0265853093
0.0265853093
0.02973010328
0.02973010328
0.01633518306
0.01633518306
0.01707669464
0.01707669464
0.02114639405
0.02114639405
0.02459496749
0.02459496749
0.0265853093
0.0265853093
0.02973010328
0.02973010328
0.01890686342
0.01890686342
0.02945797606
0.02945797606
0.01767479664
0.01767479664
0.02281475032
0.02281475032
0.02260095979
0.02260095979
0.02298615579
0.02298615579
0.01890686342
0.01890686342
0.02945797606
0.02945797606
0.01767479664
0.01767479664
0.02281475032
0.02281475032
0.02260095979
0.02260095979
0.02298615579
0.02298615579
0.01415980458
0.01415980458
0.02818953398
0.02818953398
0.0342447822
0.0342447822
0.03128518562
0.03128518562
0.0214069195
0.0214069195
0.02867883568
0.02867883568
0.01415980458
0.01415980458
0.02818953398
0.02818953398
0.0342447822
0.0342447822
0.03128518562
0.03128518562
0.0214069195
0.0214069195
0.02867883568
0.02867883568
0.02345099319
0.02345099319
0.02054205631
0.02054205631
0.02420027386
0.02420027386
0.02773823271
0.02773823271
0.02529216434
0.02529216434
0.04408140629
0.04408140629
0.02345099319
0.02345099319
0.02054205631
0.02054205631
0.02420027386
0.02420027386
0.02773823271
0.02773823271
0.02529216434
0.02529216434
0.04408140629
0.04408140629
0.02776257591
0.02776257591
0.01721840788
0.01721840788
0.02859244324
0.02859244324
0.02425397304
0.02425397304
0.02836390571
0.02836390571
0.02932646869
0.02932646869
0.02776257591
0.02776257591
0.01721840788
0.01721840788
0.02859244324
0.02859244324
0.02425397304
0.02425397304
0.02836390571
0.02836390571
0.02932646869
0.02932646869
0.02505822761
0.02505822761
0.01777515841
0.01777515841
0.02242676918
0.02242676918
0.01885901053
0.01885901053
0.02554852685
0.02554852685
0.03354485725
0.03354485725
0.02505822761
0.02505822761
0.01777515841
0.01777515841
0.02242676918
0.02242676918
0.01885901053
0.01885901053
0.02554852685
0.02554852685
0.03354485725
0.03354485725
0.01633518306
0.01633518306
0.01707669464
0.01707669464
0.02114639405
0.02114639405
0.02459496749
0.02459496749
0.0265853093
0.0265853093
0.02973010328
0.02973010328
0.01633518306
0.01633518306
0.01707669464
0.01707669464
0.02114639405
0.02114639405
0.02459496749
0.02459496749
0.0265853093
0.0265853093
0.02973010328
0.02973010328
0.01890686342
0.01890686342
0.02945797606
0.02945797606
0.01767479664
0.01767479664
0.02281475032
0.02281475032
0.02260095979
0.02260095979
0.02298615579
0.02298615579
0.01890686342
0.01890686342
0.02945797606
0.02945797606
0.01767479664
0.01767479664
0.02281475032
0.02281475032
0.02260095979
0.02260095979
0.02298615579
0.02298615579
0.01415980458
0.01415980458
0.02818953398
0.02818953398
0.0342447822
0.0342447822
0.03128518562
0.03128518562
0.0214069195
0.0214069195
0.02867883568
0.02867883568
0.01415980458
0.01415980458
0.02818953398
0.02818953398
0.0342447822
0.0342447822
0.03128518562
0.03128518562
0.0214069195
0.0214069195
0.02867883568
0.02867883568
0.02345099319
0.02345099319
0.02054205631
0.02054205631
0.02420027386
0.02420027386
0.02773823271
0.02773823271
0.02529216434
0.02529216434
0.04408140629
0.04408140629
0.02345099319
0.02345099319
0.02054205631
0.02054205631
0.02420027386
0.02420027386
0.02773823271
0.02773823271
0.02529216434
0.02529216434
0.04408140629
0.04408140629
0.04221064814
0.04221064814
0.02916524512
0.02916524512
0.04274140873
0.04274140873
0.03796347042
0.03796347042
0.05306831011
0.05306831011
0.04620984276
0.04620984276
0.04221064814
0.04221064814
0.02916524512
0.02916524512
0.04274140873
0.04274140873
0.03796347042
0.03796347042
0.05306831011
0.05306831011
0.04620984276
0.04620984276
0.0470872952
0.0470872952
0.03391695837
0.03391695837
0.04344645508
0.04344645508
0.04227561566
0.04227561566
0.04452848256
0.04452848256
0.05268211274
0.05268211274
0.0470872952
0.0470872952
0.03391695837
0.03391695837
0.04344645508
0.04344645508
0.04227561566
0.04227561566
0.04452848256
0.04452848256
0.05268211274
0.05268211274
0.0315185888
0.0315185888
0.02889293466
0.02889293466
0.05085009065
0.05085009065
0.04450935861
0.04450935861
0.04185813545
0.04185813545
0.06033153633
0.06033153633
0.0315185888
0.0315185888
0.02889293466
0.02889293466
0.05085009065
0.05085009065
0.04450935861
0.04450935861
0.04185813545
0.04185813545
0.06033153633
0.06033153633
0.03831685957
0.03831685957
0.05403498721
0.05403498721
0.03605156314
0.03605156314
0.04141073549
0.04141073549
0.04939112674
0.04939112674
0.03515005679
0.03515005679
0.03831685957
0.03831685957
0.05403498721
0.05403498721
0.03605156314
0.03605156314
0.04141073549
0.04141073549
0.04939112674
0.04939112674
0.03515005679
0.03515005679
0.02105189183
0.02105189183
0.05547882981
0.05547882981
0.05426459102
0.05426459102
0.0466993799
0.0466993799
0.0400552102
0.0400552102
0.05731918101
0.05731918101
0.02105189183
0.02105189183
0.05547882981
0.05547882981
0.05426459102
0.05426459102
0.0466993799
0.0466993799
0.0400552102
0.0400552102
0.05731918101
0.05731918101
0.03390204851
0.03390204851
0.04059014331
0.04059014331
0.04256767288
0.04256767288
0.04634317349
0.04634317349
0.04705216497
0.04705216497
0.06990530131
0.06990530131
0.03390204851
0.03390204851
0.04059014331
0.04059014331
0.04256767288
0.04256767288
0.04634317349
0.04634317349
0.04705216497
0.04705216497
0.06990530131
0.06990530131
0.04221064814
0.04221064814
0.02916524512
0.02916524512
0.04274140873
0.04274140873
0.03796347042
0.03796347042
0.05306831011
0.05306831011
0.04620984276
0.04620984276
0.04221064814
0.04221064814
0.02916524512
0.02916524512
0.04274140873
0.04274140873
0.03796347042
0.03796347042
0.05306831011
0.05306831011
0.04620984276
0.04620984276
0.0470872952
0.0470872952
0.03391695837
0.03391695837
0.04344645508
0.04344645508
0.04227561566
0.04227561566
0.04452848256
0.04452848256
0.05268211274
0.05268211274
0.0470872952
0.0470872952
0.03391695837
0.03391695837
0.04344645508
0.04344645508
0.04227561566
0.04227561566
0.04452848256
0.04452848256
0.05268211274
0.05268211274
0.0315185888
0.0315185888
0.02889293466
0.02889293466
0.05085009065
0.05085009065
0.04450935861
0.04450935861
0.04185813545
0.04185813545
0.06033153633
0.06033153633
0.0315185888
0.0315185888
0.02889293466
0.02889293466
0.05085009065
0.05085009065
0.04450935861
0.04450935861
0.04185813545
0.04185813545
0.06033153633
0.06033153633
0.03831685957
0.03831685957
0.05403498721
0.05403498721
0.03605156314
0.03605156314
0.04141073549
0.04141073549
0.04939112674
0.04939112674
0.03515005679
0.03515005679
0.03831685957
0.03831685957
0.05403498721
0.05403498721
0.03605156314
0.03605156314
0.04141073549
0.04141073549
0.04939112674
0.04939112674
0.03515005679
0.03515005679
0.02105189183
0.02105189183
0.05547882981
0.05547882981
0.05426459102
0.05426459102
0.0466993799
0.0466993799
0.0400552102
0.0400552102
0.05731918101
0.05731918101
0.02105189183
0.02105189183
0.05547882981
0.05547882981
0.05426459102
0.05426459102
0.0466993799
0.0466993799
0.0400552102
0.0400552102
0.05731918101
0.05731918101
0.03390204851
0.03390204851
0.04059014331
0.04059014331
0.04256767288
0.04256767288
0.04634317349
0.04634317349
0.04705216497
0.04705216497
0.06990530131
0.06990530131
0.03390204851
0.03390204851
0.04059014331
0.04059014331
0.04256767288
0.04256767288
0.04634317349
0.04634317349
0.04705216497
0.04705216497
0.06990530131
0.06990530131
0.04301635854
0.04301635854
0.0313841797
0.0313841797
0.03867008546
0.03867008546
0.03972894569
0.03972894569
0.05850984418
0.05850984418
0.05065061015
0.05065061015
0.04301635854
0.04301635854
0.0313841797
0.0313841797
0.03867008546
0.03867008546
0.03972894569
0.03972894569
0.05850984418
0.05850984418
0.05065061015
0.05065061015
0.05042259737
0.05042259737
0.03617897439
0.03617897439
0.04803809262
0.04803809262
0.05200156186
0.05200156186
0.05401753683
0.05401753683
0.05592070101
0.05592070101
0.05042259737
0.05042259737
0.03617897439
0.03617897439
0.04803809262
0.04803809262
0.05200156186
0.05200156186
0.05401753683
0.05401753683
0.05592070101
0.05592070101
0.03586643728
0.03586643728
0.03247410568
0.03247410568
0.05367032706
0.05367032706
0.06014152355
0.06014152355
0.05505144917
0.05505144917
0.06178755157
0.06178755157
0.03586643728
0.03586643728
0.03247410568
0.03247410568
0.05367032706
0.05367032706
0.06014152355
0.06014152355
0.05505144917
0.05505144917
0.06178755157
0.06178755157
0.03955082057
0.03955082057
0.05124942208
0.05124942208
0.04039469853
0.04039469853
0.04926000639
0.04926000639
0.05307394824
0.05307394824
0.04113006166
0.04113006166
0.03955082057
0.03955082057
0.05124942208
0.05124942208
0.04039469853
0.04039469853
0.04926000639
0.04926000639
0.05307394824
0.05307394824
0.04113006166
0.04113006166
0.02337959654
0.02337959654
0.05072027899
0.05072027899
0.05692186824
0.05692186824
0.04916611039
0.04916611039
0.04491883854
0.04491883854
0.06092197425
0.06092197425
0.02337959654
0.02337959654
0.05072027899
0.05072027899
0.05692186824
0.05692186824
0.04916611039
0.04916611039
0.04491883854
0.04491883854
0.06092197425
0.06092197425
0.0328657516
0.0328657516
0.03930478432
0.03930478432
0.04131273912
0.04131273912
0.04684889569
0.04684889569
0.0483556629
0.0483556629
0.06736016326
0.06736016326
0.0328657516
0.0328657516
0.03930478432
0.03930478432
0.04131273912
0.04131273912
0.04684889569
0.04684889569
0.0483556629
0.0483556629
0.06736016326
0.06736016326
0.04301635854
0.04301635854
0.0313841797
0.0313841797
0.03867008546
0.03867008546
0.03972894569
0.03972894569
0.05850984418
0.05850984418
0.05065061015
0.05065061015
0.04301635854
0.04301635854
0.0313841797
0.0313841797
0.03867008546
0.03867008546
0.03972894569
0.03972894569
0.05850984418
0.05850984418
0.05065061015
0.05065061015
0.05042259737
0.05042259737
0.03617897439
0.03617897439
0.04803809262
0.04803809262
0.05200156186
0.05200156186
0.05401753683
0.05401753683
0.05592070101
0.05592070101
0.05042259737
0.05042259737
0.03617897439
0.03617897439
0.04803809262
0.04803809262
0.05200156186
0.05200156186
0.05401753683
0.05401753683
0.05592070101
0.05592070101
0.03586643728
0.03586643728
0.03247410568
0.03247410568
0.05367032706
0.05367032706
0.06014152355
0.06014152355
0.05505144917
0.05505144917
0.06178755157
0.06178755157
0.03586643728
0.03586643728
0.03247410568
0.03247410568
0.05367032706
0.05367032706
0.06014152355
0.06014152355
0.05505144917
0.05505144917
0.06178755157
0.06178755157
0.03955082057
0.03955082057
0.05124942208
0.05124942208
0.04039469853
0.04039469853
0.04926000639
0.04926000639
0.05307394824
0.05307394824
0.04113006166
0.04113006166
0.03955082057
0.03955082057
0.05124942208
0.05124942208
0.04039469853
0.04039469853
0.04926000639
0.04926000639
0.05307394824
0.05307394824
0.04113006166
0.04113006166
0.02337959654
0.02337959654
0.05072027899
0.05072027899
0.05692186824
0.05692186824
0.04916611039
0.04916611039
0.04491883854
0.04491883854
0.06092197425
0.06092197425
0.02337959654
0.02337959654
0.05072027899
0.05072027899
0.05692186824
0.05692186824
0.04916611039
0.04916611039
0.04491883854
0.04491883854
0.06092197425
0.06092197425
0.0328657516
0.0328657516
0.03930478432
0.03930478432
0.04131273912
0.04131273912
0.04684889569
0.04684889569
0.0483556629
0.0483556629
0.06736016326
0.06736016326
0.0328657516
0.0328657516
0.03930478432
0.03930478432
0.04131273912
0.04131273912
0.04684889569
0.04684889569
0.0483556629
0.0483556629
0.06736016326
0.06736016326
0.04454697664
0.04454697664
0.03236471336
0.03236471336
0.03841401287
0.03841401287
0.04142178009
0.04142178009
0.05834412624
0.05834412624
0.05303857653
0.05303857653
0.04454697664
0.04454697664
0.03236471336
0.03236471336
0.03841401287
0.03841401287
0.04142178009
0.04142178009
0.05834412624
0.05834412624
0.05303857653
0.05303857653
0.05047785648
0.05047785648
0.03646956826
0.03646956826
0.04925480896
0.04925480896
0.05519434666
0.05519434666
0.05977319815
0.05977319815
0.0560088992
0.0560088992
0.05047785648
0.05047785648
0.03646956826
0.03646956826
0.04925480896
0.04925480896
0.05519434666
0.05519434666
0.05977319815
0.05977319815
0.0560088992
0.0560088992
0.03677399702
0.03677399702
0.03356989487
0.03356989487
0.05351218643
0.05351218643
0.06304933756
0.06304933756
0.06158584756
0.06158584756
0.06151328913
0.06151328913
0.03677399702
0.03677399702
0.03356989487
0.03356989487
0.05351218643
0.05351218643
0.06304933756
0.06304933756
0.06158584756
0.06158584756
0.06151328913
0.06151328913
0.03917873541
0.03917873541
0.05056492853
0.05056492853
0.04209048836
0.04209048836
0.05135231296
0.05135231296
0.05411849779
0.05411849779
0.04363625038
0.04363625038
0.03917873541
0.03917873541
0.05056492853
0.05056492853
0.04209048836
0.04209048836
0.05135231296
0.05135231296
0.05411849779
0.05411849779
0.04363625038
0.04363625038
0.02476287981
0.02476287981
0.05103113884
0.05103113884
0.05723427993
0.05723427993
0.05091302585
0.05091302585
0.04673516666
0.04673516666
0.06109421449
0.06109421449
0.02476287981
0.02476287981
0.05103113884
0.05103113884
0.05723427993
0.05723427993
0.05091302585
0.05091302585
0.04673516666
0.04673516666
0.06109421449
0.06109421449
0.03490155956
0.03490155956
0.03942421321
0.03942421321
0.04282808811
0.04282808811
0.04770376237
0.04770376237
0.05132864513
0.05132864513
0.06560110262
0.06560110262
0.03490155956
0.03490155956
0.03942421321
0.03942421321
0.04282808811
0.04282808811
0.04770376237
0.04770376237
0.05132864513
0.05132864513
0.06560110262
0.06560110262
0.04454697664
0.04454697664
0.03236471336
0.03236471336
0.03841401287
0.03841401287
0.04142178009
0.04142178009
0.05834412624
0.05834412624
0.05303857653
0.05303857653
0.04454697664
0.04454697664
0.03236471336
0.03236471336
0.03841401287
0.03841401287
0.04142178009
0.04142178009
0.05834412624
0.05834412624
0.05303857653
0.05303857653
0.05047785648
0.05047785648
0.03646956826
0.03646956826
0.04925480896
0.04925480896
0.05519434666
0.05519434666
0.05977319815
0.05977319815
0.0560088992
0.0560088992
0.05047785648
0.05047785648
0.03646956826
0.03646956826
0.04925480896
0.04925480896
0.05519434666
0.05519434666
0.05977319815
0.05977319815
0.0560088992
0.0560088992
0.03677399702
0.03677399702
0.03356989487
0.03356989487
0.05351218643
0.05351218643
0.06304933756
0.06304933756
0.06158584756
0.06158584756
0.06151328913
0.06151328913
0.03677399702
0.03677399702
0.03356989487
0.03356989487
0.05351218643
0.05351218643
0.06304933756
0.06304933756
0.06158584756
0.06158584756
0.06151328913
0.06151328913
0.03917873541
0.03917873541
0.05056492853
0.05056492853
0.04209048836
0.04209048836
0.05135231296
0.05135231296
0.05411849779
0.05411849779
0.04363625038
0.04363625038
0.03917873541
0.03917873541
0.05056492853
0.05056492853
0.04209048836
0.04209048836
0.05135231296
0.05135231296
0.05411849779
0.05411849779
0.04363625038
0.04363625038
0.02476287981
0.02476287981
0.05103113884
0.05103113884
0.05723427993
0.05723427993
0.05091302585
0.05091302585
0.04673516666
0.04673516666
0.06109421449
0.06109421449
0.02476287981
0.02476287981
0.05103113884
0.05103113884
0.05723427993
0.05723427993
0.05091302585
0.05091302585
0.04673516666
0.04673516666
0.06109421449
0.06109421449
0.03490155956
0.03490155956
0.03942421321
0.03942421321
0.04282808811
0.04282808811
0.04770376237
0.04770376237
0.05132864513
0.05132864513
0.06560110262
0.06560110262
0.03490155956
0.03490155956
0.03942421321
0.03942421321
0.04282808811
0.04282808811
0.04770376237
0.04770376237
0.05132864513
0.05132864513
0.06560110262
0.06560110262
0.04567983943
0.04567983943
0.03331879339
0.03331879339
0.03819034864
0.03819034864
0.04243998984
0.04243998984
0.05802074261
0.05802074261
0.0545581075
0.0545581075
0.04567983943
0.04567983943
0.03331879339
0.03331879339
0.03819034864
0.03819034864
0.04243998984
0.04243998984
0.05802074261
0.05802074261
0.0545581075
0.0545581075
0.05052767899
0.05052767899
0.03674912243
0.03674912243
0.04966762019
0.04966762019
0.05653520019
0.05653520019
0.06008212228
0.06008212228
0.05598086714
0.05598086714
0.05052767899
0.05052767899
0.03674912243
0.03674912243
0.04966762019
0.04966762019
0.05653520019
0.05653520019
0.06008212228
0.06008212228
0.05598086714
0.05598086714
0.03764146099
0.03764146099
0.03446624895
0.03446624895
0.05336444845
0.05336444845
0.06362252988
0.06362252988
0.06251157216
0.06251157216
0.06089784672
0.06089784672
0.03764146099
0.03764146099
0.03446624895
0.03446624895
0.05336444845
0.05336444845
0.06362252988
0.06362252988
0.06251157216
0.06251157216
0.06089784672
0.06089784672
0.03887008159
0.03887008159
0.05007168935
0.05007168935
0.0435232634
0.0435232634
0.05252378488
0.05252378488
0.05400123725
0.05400123725
0.04561798074
0.04561798074
0.03887008159
0.03887008159
0.05007168935
0.05007168935
0.0435232634
0.0435232634
0.05252378488
0.05252378488
0.05400123725
0.05400123725
0.04561798074
0.04561798074
0.02596866928
0.02596866928
0.05092451179
0.05092451179
0.05729538279
0.05729538279
0.05236754126
0.05236754126
0.04848860087
0.04848860087
0.06123146733
0.06123146733
0.02596866928
0.02596866928
0.05092451179
0.05092451179
0.05729538279
0.05729538279
0.05236754126
0.05236754126
0.04848860087
0.04848860087
0.06123146733
0.06123146733
0.03641649639
0.03641649639
0.03949586329
0.03949586329
0.04416654503
0.04416654503
0.04890716474
0.04890716474
0.0538653933
0.0538653933
0.06394644459
0.06394644459
0.03641649639
0.03641649639
0.03949586329
0.03949586329
0.04416654503
0.04416654503
0.04890716474
0.04890716474
0.0538653933
0.0538653933
0.06394644459
0.06394644459
0.04567983943
0.04567983943
0.03331879339
0.03331879339
0.03819034864
0.03819034864
0.04243998984
0.04243998984
0.05802074261
0.05802074261
0.0545581075
0.0545581075
0.04567983943
0.04567983943
0.03331879339
0.03331879339
0.03819034864
0.03819034864
0.04243998984
0.04243998984
0.05802074261
0.05802074261
0.0545581075
0.0545581075
0.05052767899
0.05052767899
0.03674912243
0.03674912243
0.04966762019
0.04966762019
0.05653520019
0.05653520019
0.06008212228
0.06008212228
0.05598086714
0.05598086714
0.05052767899
0.05052767899
0.03674912243
0.03674912243
0.04966762019
0.04966762019
0.05653520019
0.05653520019
0.06008212228
0.06008212228
0.05598086714
0.05598086714
0.03764146099
0.03764146099
0.03446624895
0.03446624895
0.05336444845
0.05336444845
0.06362252988
0.06362252988
0.06251157216
0.06251157216
0.06089784672
0.06089784672
0.03764146099
0.03764146099
0.03446624895
0.03446624895
0.05336444845
0.05336444845
0.06362252988
0.06362252988
0.06251157216
0.06251157216
0.06089784672
0.06089784672
0.03887008159
0.03887008159
0.05007168935
0.05007168935
0.0435232634
0.0435232634
0.05252378488
0.05252378488
0.05400123725
0.05400123725
0.04561798074
0.04561798074
0.03887008159
0.03887008159
0.05007168935
0.05007168935
0.0435232634
0.0435232634
0.05252378488
0.05252378488
0.05400123725
0.05400123725
0.04561798074
0.04561798074
0.02596866928
0.02596866928
0.05092451179
0.05092451179
0.05729538279
0.05729538279
0.05236754126
0.05236754126
0.04848860087
0.04848860087
0.06123146733
0.06123146733
0.02596866928
0.02596866928
0.05092451179
0.05092451179
0.05729538279
0.05729538279
0.05236754126
0.05236754126
0.04848860087
0.04848860087
0.06123146733
0.06123146733
0.03641649639
0.03641649639
0.03949586329
0.03949586329
0.04416654503
0.04416654503
0.04890716474
0.04890716474
0.0538653933
0.0538653933
0.06394644459
0.06394644459
0.03641649639
0.03641649639
0.03949586329
0.03949586329
0.04416654503
0.04416654503
0.04890716474
0.04890716474
0.0538653933
0.0538653933
0.06394644459
0.06394644459
8.923205549e-07
9.028543771e-07
9.028543771e-07
8.647367938e-07
8.647367938e-07
8.923205549e-07
9.028543771e-07
9.028543771e-07
9.028543771e-07
7.473361824e-07
7.811616221e-07
7.811616221e-07
7.811616221e-07
9.028543771e-07
7.473361824e-07
7.811616221e-07
7.811616221e-07
7.811616221e-07
7.233836097e-07
7.233836097e-07
6.792159032e-07
6.792159032e-07
6.792159032e-07
5.830552188e-07
5.830552188e-07
6.792159032e-07
6.792159032e-07
6.792159032e-07
5.830552188e-07
5.830552188e-07
1.292156949e-06
1.292156949e-06
1.292156949e-06
6.647601564e-07
6.647601564e-07
1.292156949e-06
1.292156949e-06
1.292156949e-06
6.647601564e-07
6.647601564e-07
8.938121679e-07
8.938121679e-07
8.938121679e-07
8.205309918e-07
8.205309918e-07
8.938121679e-07
8.938121679e-07
8.938121679e-07
9.63462667e-07
3.884265184e-07
1.37694968e-06
9.63462667e-07
9.63462667e-07
9.63462667e-07
3.884265184e-07
1.37694968e-06
9.63462667e-07
9.63462667e-07
6.447745159e-07
6.447745159e-07
8.923205549e-07
9.028543771e-07
9.028543771e-07
8.647367938e-07
8.647367938e-07
8.923205549e-07
9.028543771e-07
9.028543771e-07
9.028543771e-07
7.473361824e-07
7.811616221e-07
7.811616221e-07
7.811616221e-07
9.028543771e-07
7.473361824e-07
7.811616221e-07
7.811616221e-07
7.811616221e-07
7.233836097e-07
7.233836097e-07
6.792159032e-07
6.792159032e-07
6.792159032e-07
5.830552188e-07
5.830552188e-07
6.792159032e-07
6.792159032e-07
6.792159032e-07
5.830552188e-07
5.830552188e-07
1.292156949e-06
1.292156949e-06
1.292156949e-06
6.647601564e-07
6.647601564e-07
1.292156949e-06
1.292156949e-06
1.292156949e-06
6.647601564e-07
6.647601564e-07
8.938121679e-07
8.938121679e-07
8.938121679e-07
8.205309918e-07
8.205309918e-07
8.938121679e-07
8.938121679e-07
8.938121679e-07
9.63462667e-07
3.884265184e-07
1.37694968e-06
9.63462667e-07
9.63462667e-07
9.63462667e-07
3.884265184e-07
1.37694968e-06
9.63462667e-07
9.63462667e-07
6.447745159e-07
6.447745159e-07
5.934523104e-05
5.197269284e-05
5.197269284e-05
5.624775588e-05
5.624775588e-05
5.934523104e-05
5.197269284e-05
5.197269284e-05
5.197269284e-05
5.634839045e-05
4.225330384e-05
4.225330384e-05
4.225330384e-05
5.197269284e-05
5.634839045e-05
4.225330384e-05
4.225330384e-05
4.225330384e-05
3.961582945e-05
3.961582945e-05
3.608251928e-05
3.608251928e-05
3.608251928e-05
3.431854387e-05
3.431854387e-05
3.608251928e-05
3.608251928e-05
3.608251928e-05
3.431854387e-05
3.431854387e-05
5.965694401e-05
5.965694401e-05
5.965694401e-05
3.934605557e-05
3.934605557e-05
5.965694401e-05
5.965694401e-05
5.965694401e-05
3.934605557e-05
3.934605557e-05
5.922030205e-05
5.922030205e-05
5.922030205e-05
6.099194027e-05
6.099194027e-05
5.922030205e-05
5.922030205e-05
5.922030205e-05
6.65379832e-05
4.35267528e-05
9.507963533e-05
6.65379832e-05
6.65379832e-05
6.65379832e-05
4.35267528e-05
9.507963533e-05
6.65379832e-05
6.65379832e-05
2.781696995e-05
2.781696995e-05
5.934523104e-05
5.197269284e-05
5.197269284e-05
5.624775588e-05
5.624775588e-05
5.934523104e-05
5.197269284e-05
5.197269284e-05
5.197269284e-05
5.634839045e-05
4.225330384e-05
4.225330384e-05
4.225330384e-05
5.197269284e-05
5.634839045e-05
4.225330384e-05
4.225330384e-05
4.225330384e-05
3.961582945e-05
3.961582945e-05
3.608251928e-05
3.608251928e-05
3.608251928e-05
3.431854387e-05
3.431854387e-05
3.608251928e-05
3.608251928e-05
3.608251928e-05
3.431854387e-05
3.431854387e-05
5.965694401e-05
5.965694401e-05
5.965694401e-05
3.934605557e-05
3.934605557e-05
5.965694401e-05
5.965694401e-05
5.965694401e-05
3.934605557e-05
3.934605557e-05
5.922030205e-05
5.922030205e-05
5.922030205e-05
6.099194027e-05
6.099194027e-05
5.922030205e-05
5.922030205e-05
5.922030205e-05
6.65379832e-05
4.35267528e-05
9.507963533e-05
6.65379832e-05
6.65379832e-05
6.65379832e-05
4.35267528e-05
9.507963533e-05
6.65379832e-05
6.65379832e-05
2.781696995e-05
2.781696995e-05
0.002441524226
0.001946343298
0.001946343298
0.002578010713
0.002578010713
0.002441524226
0.001946343298
0.001946343298
0.001946343298
0.003193160077
0.001965344448
0.001965344448
0.001965344448
0.001946343298
0.003193160077
0.001965344448
0.001965344448
0.001965344448
0.001394681672
0.001394681672
0.001539518933
0.001539518933
0.001539518933
0.001303128895
0.001303128895
0.001539518933
0.001539518933
0.001539518933
0.001303128895
0.001303128895
0.002961015794
0.002961015794
0.002961015794
0.001676034348
0.001676034348
0.002961015794
0.002961015794
0.002961015794
0.001676034348
0.001676034348
0.002572866106
0.002572866106
0.002572866106
0.002318917638
0.002318917638
0.002572866106
0.002572866106
0.002572866106
0.002218707511
0.001101049479
0.003982095264
0.002218707511
0.002218707511
0.002218707511
0.001101049479
0.003982095264
0.002218707511
0.002218707511
0.001221804834
0.001221804834
0.002441524226
0.001946343298
0.001946343298
0.002578010713
0.002578010713
0.002441524226
0.001946343298
0.001946343298
0.001946343298
0.003193160077
0.001965344448
0.001965344448
0.001965344448
0.001946343298
0.003193160077
0.001965344448
0.001965344448
0.001965344448
0.001394681672
0.001394681672
0.001539518933
0.001539518933
0.001539518933
0.001303128895
0.001303128895
0.001539518933
0.001539518933
0.001539518933
0.001303128895
0.001303128895
0.002961015794
0.002961015794
0.002961015794
0.001676034348
0.001676034348
0.002961015794
0.002961015794
0.002961015794
0.001676034348
0.001676034348
0.002572866106
0.002572866106
0.002572866106
0.002318917638
0.002318917638
0.002572866106
0.002572866106
0.002572866106
0.002218707511
0.001101049479
0.003982095264
0.002218707511
0.002218707511
0.002218707511
0.001101049479
0.003982095264
0.002218707511
0.002218707511
0.001221804834
0.001221804834
0.02932646869
0.02913670711
0.02913670711
0.04049765294
0.04049765294
0.02932646869
0.02913670711
0.02913670711
0.02913670711
0.03552660943
0.02193864496
0.02193864496
0.02193864496
0.02913670711
0.03552660943
0.02193864496
0.02193864496
0.02193864496
0.02355302724
0.02355302724
0.0149893111
0.0149893111
0.0149893111
0.0157859049
0.0157859049
0.0149893111
0.0149893111
0.0149893111
0.0157859049
0.0157859049
0.02849235121
0.02849235121
0.02849235121
0.02097107443
0.02097107443
0.02849235121
0.02849235121
0.02849235121
0.02097107443
0.02097107443
0.03195674248
0.03195674248
0.03195674248
0.03821041051
0.03821041051
0.03195674248
0.03195674248
0.03195674248
0.02409369473
0.01366409857
0.04408140629
0.02409369473
0.02409369473
0.02409369473
0.01366409857
0.04408140629
0.02409369473
0.02409369473
0.009324461321
0.009324461321
0.02932646869
0.02913670711
0.02913670711
0.04049765294
0.04049765294
0.02932646869
0.02913670711
0.02913670711
0.02913670711
0.03552660943
0.02193864496
0.02193864496
0.02193864496
0.02913670711
0.03552660943
0.02193864496
0.02193864496
0.02193864496
0.02355302724
0.02355302724
0.0149893111
0.0149893111
0.0149893111
0.0157859049
0.0157859049
0.0149893111
0.0149893111
0.0149893111
0.0157859049
0.0157859049
0.02849235121
0.02849235121
0.02849235121
0.02097107443
0.02097107443
0.02849235121
0.02849235121
0.02849235121
0.02097107443
0.02097107443
0.03195674248
0.03195674248
0.03195674248
0.03821041051
0.03821041051
0.03195674248
0.03195674248
0.03195674248
0.02409369473
0.01366409857
0.04408140629
0.02409369473
0.02409369473
0.02409369473
0.01366409857
0.04408140629
0.02409369473
0.02409369473
0.009324461321
0.009324461321
0.04620984276
0.05038643244
0.05038643244
0.06834806333
0.06834806333
0.04620984276
0.05038643244
0.05038643244
0.05038643244
0.07502599215
0.04360267991
0.04360267991
0.04360267991
0.05038643244
0.07502599215
0.04360267991
0.04360267991
0.04360267991
0.05213718752
0.05213718752
0.02790274598
0.02790274598
0.02790274598
0.03646410952
0.03646410952
0.02790274598
0.02790274598
0.02790274598
0.03646410952
0.03646410952
0.04959158289
0.04959158289
0.04959158289
0.03774680421
0.03774680421
0.04959158289
0.04959158289
0.04959158289
0.03774680421
0.03774680421
0.04751197539
0.04751197539
0.04751197539
0.07464417442
0.07464417442
0.04751197539
0.04751197539
0.04751197539
0.03717064137
0.03048957671
0.06990530131
0.03717064137
0.03717064137
0.03717064137
0.03048957671
0.06990530131
0.03717064137
0.03717064137
0.0173928936
0.0173928936
0.04620984276
0.05038643244
0.05038643244
0.06834806333
0.06834806333
0.04620984276
0.05038643244
0.05038643244
0.05038643244
0.07502599215
0.04360267991
0.04360267991
0.04360267991
0.05038643244
0.07502599215
0.04360267991
0.04360267991
0.04360267991
0.05213718752
0.05213718752
0.02790274598
0.02790274598
0.02790274598
0.03646410952
0.03646410952
0.02790274598
0.02790274598
0.02790274598
0.03646410952
0.03646410952
0.04959158289
0.04959158289
0.04959158289
0.03774680421
0.03774680421
0.04959158289
0.04959158289
0.04959158289
0.03774680421
0.03774680421
0.04751197539
0.04751197539
0.04751197539
0.07464417442
0.07464417442
0.04751197539
0.04751197539
0.04751197539
0.03717064137
0.03048957671
0.06990530131
0.03717064137
0.03717064137
0.03717064137
0.03048957671
0.06990530131
0.03717064137
0.03717064137
0.0173928936
0.0173928936
0.05065061015
0.05644959517
0.05644959517
0.06870487893
0.06870487893
0.05065061015
0.05644959517
0.05644959517
0.05644959517
0.07422485767
0.04455687529
0.04455687529
0.04455687529
0.05644959517
0.07422485767
0.04455687529
0.04455687529
0.04455687529
0.05248461041
0.05248461041
0.03942242308
0.03942242308
0.03942242308
0.04434819866
0.04434819866
0.03942242308
0.03942242308
0.03942242308
0.04434819866
0.04434819866
0.05439261158
0.05439261158
0.05439261158
0.04298888927
0.04298888927
0.05439261158
0.05439261158
0.05439261158
0.04298888927
0.04298888927
0.04932947527
0.04932947527
0.04932947527
0.07228668662
0.07228668662
0.04932947527
0.04932947527
0.04932947527
0.03884395337
0.02933583016
0.06736016326
0.03884395337
0.03884395337
0.03884395337
0.02933583016
0.06736016326
0.03884395337
0.03884395337
0.02595070107
0.02595070107
0.05065061015
0.05644959517
0.05644959517
0.06870487893
0.06870487893
0.05065061015
0.05644959517
0.05644959517
0.05644959517
0.07422485767
0.04455687529
0.04455687529
0.04455687529
0.05644959517
0.07422485767
0.04455687529
0.04455687529
0.04455687529
0.05248461041
0.05248461041
0.03942242308
0.03942242308
0.03942242308
0.04434819866
0.04434819866
0.03942242308
0.03942242308
0.03942242308
0.04434819866
0.04434819866
0.05439261158
0.05439261158
0.05439261158
0.04298888927
0.04298888927
0.05439261158
0.05439261158
0.05439261158
0.04298888927
0.04298888927
0.04932947527
0.04932947527
0.04932947527
0.07228668662
0.07228668662
0.04932947527
0.04932947527
0.04932947527
0.03884395337
0.02933583016
0.06736016326
0.03884395337
0.03884395337
0.03884395337
0.02933583016
0.06736016326
0.03884395337
0.03884395337
0.02595070107
0.02595070107
0.05303857653
0.05909996304
0.05909996304
0.0679514744
0.0679514744
0.05303857653
0.05909996304
0.05909996304
0.05909996304
0.07297633019
0.04557649607
0.04557649607
0.04557649607
0.05909996304
0.07297633019
0.04557649607
0.04557649607
0.04557649607
0.05323325767
0.05323325767
0.0419179964
0.0419179964
0.0419179964
0.04537437165
0.04537437165
0.0419179964
0.0419179964
0.0419179964
0.04537437165
0.04537437165
0.05409483498
0.05409483498
0.05409483498
0.04552149403
0.04552149403
0.05409483498
0.05409483498
0.05409483498
0.04552149403
0.04552149403
0.0501867485
0.0501867485
0.0501867485
0.07426671968
0.07426671968
0.0501867485
0.0501867485
0.0501867485
0.03827460172
0.03149083962
0.06560110262
0.03827460172
0.03827460172
0.03827460172
0.03149083962
0.06560110262
0.03827460172
0.03827460172
0.02832010783
0.02832010783
0.05303857653
0.05909996304
0.05909996304
0.0679514744
0.0679514744
0.05303857653
0.05909996304
0.05909996304
0.05909996304
0.07297633019
0.04557649607
0.04557649607
0.04557649607
0.05909996304
0.07297633019
0.04557649607
0.04557649607
0.04557649607
0.05323325767
0.05323325767
0.0419179964
0.0419179964
0.0419179964
0.04537437165
0.04537437165
0.0419179964
0.0419179964
0.0419179964
0.04537437165
0.04537437165
0.05409483498
0.05409483498
0.05409483498
0.04552149403
0.04552149403
0.05409483498
0.05409483498
0.05409483498
0.04552149403
0.04552149403
0.0501867485
0.0501867485
0.0501867485
0.07426671968
0.07426671968
0.0501867485
0.0501867485
0.0501867485
0.03827460172
0.03149083962
0.06560110262
0.03827460172
0.03827460172
0.03827460172
0.03149083962
0.06560110262
0.03827460172
0.03827460172
0.02832010783
0.02832010783
0.0545581075
0.06053254186
0.06053254186
0.0675938431
0.0675938431
0.0545581075
0.06053254186
0.06053254186
0.06053254186
0.07141982133
0.04648859777
0.04648859777
0.04648859777
0.06053254186
0.07141982133
0.04648859777
0.04648859777
0.04648859777
0.05367192142
0.05367192142
0.04278755861
0.04278755861
0.04278755861
0.0454612669
0.0454612669
0.04278755861
0.04278755861
0.04278755861
0.0454612669
0.0454612669
0.05335838042
0.05335838042
0.05335838042
0.04723822623
0.04723822623
0.05335838042
0.05335838042
0.05335838042
0.04723822623
0.04723822623
0.05084111404
0.05084111404
0.05084111404
0.07417978471
0.07417978471
0.05084111404
0.05084111404
0.05084111404
0.03810572461
0.03302052335
0.06394644459
0.03810572461
0.03810572461
0.03810572461
0.03302052335
0.06394644459
0.03810572461
0.03810572461
0.02948448239
0.02948448239
0.0545581075
0.06053254186
0.06053254186
0.0675938431
0.0675938431
0.0545581075
0.06053254186
0.06053254186
0.06053254186
0.07141982133
0.04648859777
0.04648859777
0.04648859777
0.06053254186
0.07141982133
0.04648859777
0.04648859777
0.04648859777
0.05367192142
0.05367192142
0.04278755861
0.04278755861
0.04278755861
0.0454612669
0.0454612669
0.04278755861
0.04278755861
0.04278755861
0.0454612669
0.0454612669
0.05335838042
0.05335838042
0.05335838042
0.04723822623
0.04723822623
0.05335838042
0.05335838042
0.05335838042
0.04723822623
0.04723822623
0.05084111404
0.05084111404
0.05084111404
0.07417978471
0.07417978471
0.05084111404
0.05084111404
0.05084111404
0.03810572461
0.03302052335
0.06394644459
0.03810572461
0.03810572461
0.03810572461
0.03302052335
0.06394644459
0.03810572461
0.03810572461
0.02948448239
0.02948448239
1.37694968e-06
1.010205778e-06
1.010205778e-06
6.447745159e-07
6.447745159e-07
1.37694968e-06
1.010205778e-06
1.010205778e-06
1.010205778e-06
4.43763224e-07
8.465659724e-07
8.465659724e-07
8.465659724e-07
1.010205778e-06
4.43763224e-07
8.465659724e-07
8.465659724e-07
8.465659724e-07
5.495414463e-07
5.495414463e-07
8.048344454e-07
8.048344454e-07
8.048344454e-07
7.103635633e-07
7.103635633e-07
8.048344454e-07
8.048344454e-07
8.048344454e-07
7.103635633e-07
7.103635633e-07
7.426258633e-07
7.426258633e-07
7.426258633e-07
9.166305595e-07
9.166305595e-07
7.426258633e-07
7.426258633e-07
7.426258633e-07
9.166305595e-07
9.166305595e-07
8.093188737e-07
8.093188737e-07
8.093188737e-07
4.956931164e-07
4.956931164e-07
8.093188737e-07
8.093188737e-07
8.093188737e-07
8.072363229e-07
8.148601786e-07
1.096829431e-06
8.072363229e-07
8.072363229e-07
8.072363229e-07
8.148601786e-07
1.096829431e-06
8.072363229e-07
8.072363229e-07
8.853929499e-07
8.853929499e-07
1.37694968e-06
1.010205778e-06
1.010205778e-06
6.447745159e-07
6.447745159e-07
1.37694968e-06
1.010205778e-06
1.010205778e-06
1.010205778e-06
4.43763224e-07
8.465659724e-07
8.465659724e-07
8.465659724e-07
1.010205778e-06
4.43763224e-07
8.465659724e-07
8.465659724e-07
8.465659724e-07
5.495414463e-07
5.495414463e-07
8.048344454e-07
8.048344454e-07
8.048344454e-07
7.103635633e-07
7.103635633e-07
8.048344454e-07
8.048344454e-07
8.048344454e-07
7.103635633e-07
7.103635633e-07
7.426258633e-07
7.426258633e-07
7.426258633e-07
9.166305595e-07
9.166305595e-07
7.426258633e-07
7.426258633e-07
7.426258633e-07
9.166305595e-07
9.166305595e-07
8.093188737e-07
8.093188737e-07
8.093188737e-07
4.956931164e-07
4.956931164e-07
8.093188737e-07
8.093188737e-07
8.093188737e-07
8.072363229e-07
8.148601786e-07
1.096829431e-06
8.072363229e-07
8.072363229e-07
8.072363229e-07
8.148601786e-07
1.096829431e-06
8.072363229e-07
8.072363229e-07
8.853929499e-07
8.853929499e-07
9.507963533e-05
4.971366812e-05
4.971366812e-05
2.781696995e-05
2.781696995e-05
9.507963533e-05
4.971366812e-05
4.971366812e-05
4.971366812e-05
1.578670623e-05
5.81379702e-05
5.81379702e-05
5.81379702e-05
4.971366812e-05
1.578670623e-05
5.81379702e-05
5.81379702e-05
5.81379702e-05
3.907357041e-05
3.907357041e-05
4.756427946e-05
4.756427946e-05
4.756427946e-05
4.564303479e-05
4.564303479e-05
4.756427946e-05
4.756427946e-05
4.756427946e-05
4.564303479e-05
4.564303479e-05
6.918338096e-05
6.918338096e-05
6.918338096e-05
4.919397414e-05
4.919397414e-05
6.918338096e-05
6.918338096e-05
6.918338096e-05
4.919397414e-05
4.919397414e-05
4.711273166e-05
4.711273166e-05
4.711273166e-05
3.266220802e-05
3.266220802e-05
4.711273166e-05
4.711273166e-05
4.711273166e-05
6.554878404e-05
4.740213131e-05
6.823067517e-05
6.554878404e-05
6.554878404e-05
6.554878404e-05
4.740213131e-05
6.823067517e-05
6.554878404e-05
6.554878404e-05
6.745571457e-05
6.745571457e-05
9.507963533e-05
4.971366812e-05
4.971366812e-05
2.781696995e-05
2.781696995e-05
9.507963533e-05
4.971366812e-05
4.971366812e-05
4.971366812e-05
1.578670623e-05
5.81379702e-05
5.81379702e-05
5.81379702e-05
4.971366812e-05
1.578670623e-05
5.81379702e-05
5.81379702e-05
5.81379702e-05
3.907357041e-05
3.907357041e-05
4.756427946e-05
4.756427946e-05
4.756427946e-05
4.564303479e-05
4.564303479e-05
4.756427946e-05
4.756427946e-05
4.756427946e-05
4.564303479e-05
4.564303479e-05
6.918338096e-05
6.918338096e-05
6.918338096e-05
4.919397414e-05
4.919397414e-05
6.918338096e-05
6.918338096e-05
6.918338096e-05
4.919397414e-05
4.919397414e-05
4.711273166e-05
4.711273166e-05
4.711273166e-05
3.266220802e-05
3.266220802e-05
4.711273166e-05
4.711273166e-05
4.711273166e-05
6.554878404e-05
4.740213131e-05
6.823067517e-05
6.554878404e-05
6.554878404e-05
6.554878404e-05
4.740213131e-05
6.823067517e-05
6.554878404e-05
6.554878404e-05
6.745571457e-05
6.745571457e-05
0.003982095264
0.001839496926
0.001839496926
0.001221804834
0.001221804834
0.003982095264
0.001839496926
0.001839496926
0.001839496926
0.0005971317028
0.002501901287
0.002501901287
0.002501901287
0.001839496926
0.0005971317028
0.002501901287
0.002501901287
0.002501901287
0.001517997486
0.001517997486
0.002036205799
0.002036205799
0.002036205799
0.002224200412
0.002224200412
0.002036205799
0.002036205799
0.002036205799
0.002224200412
0.002224200412
0.002193159046
0.002193159046
0.002193159046
0.002368026577
0.002368026577
0.002193159046
0.002193159046
0.002193159046
0.002368026577
0.002368026577
0.001634424186
0.001634424186
0.001634424186
0.0009080918661
0.0009080918661
0.001634424186
0.001634424186
0.001634424186
0.002357950312
0.00280728448
0.002186790281
0.002357950312
0.002357950312
0.002357950312
0.00280728448
0.002186790281
0.002357950312
0.002357950312
0.003169121412
0.003169121412
0.003982095264
0.001839496926
0.001839496926
0.001221804834
0.001221804834
0.003982095264
0.001839496926
0.001839496926
0.001839496926
0.0005971317028
0.002501901287
0.002501901287
0.002501901287
0.001839496926
0.0005971317028
0.002501901287
0.002501901287
0.002501901287
0.001517997486
0.001517997486
0.002036205799
0.002036205799
0.002036205799
0.002224200412
0.002224200412
0.002036205799
0.002036205799
0.002036205799
0.002224200412
0.002224200412
0.002193159046
0.002193159046
0.002193159046
0.002368026577
0.002368026577
0.002193159046
0.002193159046
0.002193159046
0.002368026577
0.002368026577
0.001634424186
0.001634424186
0.001634424186
0.0009080918661
0.0009080918661
0.001634424186
0.001634424186
0.001634424186
0.002357950312
0.00280728448
0.002186790281
0.002357950312
0.002357950312
0.002357950312
0.00280728448
0.002186790281
0.002357950312
0.002357950312
0.003169121412
0.003169121412
0.04408140629
0.02118247228
0.02118247228
0.009324461321
0.009324461321
0.04408140629
0.02118247228
0.02118247228
0.02118247228
0.007995544539
0.03145617137
0.03145617137
0.03145617137
0.02118247228
0.007995544539
0.03145617137
0.03145617137
0.03145617137
0.0166359917
0.0166359917
0.02523270115
0.02523270115
0.02523270115
0.02607258291
0.02607258291
0.02523270115
0.02523270115
0.02523270115
0.02607258291
0.02607258291
0.02567829156
0.02567829156
0.02567829156
0.02142750558
0.02142750558
0.02567829156
0.02567829156
0.02567829156
0.02142750558
0.02142750558
0.01836520161
0.01836520161
0.01836520161
0.00719769683
0.00719769683
0.01836520161
0.01836520161
0.01836520161
0.02635522877
0.02807056519
0.02345099319
0.02635522877
0.02635522877
0.02635522877
0.02807056519
0.02345099319
0.02635522877
0.02635522877
0.04619771248
0.04619771248
0.04408140629
0.02118247228
0.02118247228
0.009324461321
0.009324461321
0.04408140629
0.02118247228
0.02118247228
0.02118247228
0.007995544539
0.03145617137
0.03145617137
0.03145617137
0.02118247228
0.007995544539
0.03145617137
0.03145617137
0.03145617137
0.0166359917
0.0166359917
0.02523270115
0.02523270115
0.02523270115
0.02607258291
0.02607258291
0.02523270115
0.02523270115
0.02523270115
0.02607258291
0.02607258291
0.02567829156
0.02567829156
0.02567829156
0.02142750558
0.02142750558
0.02567829156
0.02567829156
0.02567829156
0.02142750558
0.02142750558
0.01836520161
0.01836520161
0.01836520161
0.00719769683
0.00719769683
0.01836520161
0.01836520161
0.01836520161
0.02635522877
0.02807056519
0.02345099319
0.02635522877
0.02635522877
0.02635522877
0.02807056519
0.02345099319
0.02635522877
0.02635522877
0.04619771248
0.04619771248
0.06990530131
0.03632682672
0.03632682672
0.0173928936
0.0173928936
0.06990530131
0.03632682672
0.03632682672
0.03632682672
0.01504117565
0.05355948411
0.05355948411
0.05355948411
0.03632682672
0.01504117565
0.05355948411
0.05355948411
0.05355948411
0.02906041312
0.02906041312
0.04487835724
0.04487835724
0.04487835724
0.05346895033
0.05346895033
0.04487835724
0.04487835724
0.04487835724
0.05346895033
0.05346895033
0.0469159576
0.0469159576
0.0469159576
0.03644321731
0.03644321731
0.0469159576
0.0469159576
0.0469159576
0.03644321731
0.03644321731
0.03344648232
0.03344648232
0.03344648232
0.01283920913
0.01283920913
0.03344648232
0.03344648232
0.03344648232
0.04452849199
0.04836804304
0.03390204851
0.04452849199
0.04452849199
0.04452849199
0.04836804304
0.03390204851
0.04452849199
0.04452849199
0.07577302923
0.07577302923
0.06990530131
0.03632682672
0.03632682672
0.0173928936
0.0173928936
0.06990530131
0.03632682672
0.03632682672
0.03632682672
0.01504117565
0.05355948411
0.05355948411
0.05355948411
0.03632682672
0.01504117565
0.05355948411
0.05355948411
0.05355948411
0.02906041312
0.02906041312
0.04487835724
0.04487835724
0.04487835724
0.05346895033
0.05346895033
0.04487835724
0.04487835724
0.04487835724
0.05346895033
0.05346895033
0.0469159576
0.0469159576
0.0469159576
0.03644321731
0.03644321731
0.0469159576
0.0469159576
0.0469159576
0.03644321731
0.03644321731
0.03344648232
0.03344648232
0.03344648232
0.01283920913
0.01283920913
0.03344648232
0.03344648232
0.03344648232
0.04452849199
0.04836804304
0.03390204851
0.04452849199
0.04452849199
0.04452849199
0.04836804304
0.03390204851
0.04452849199
0.04452849199
0.07577302923
0.07577302923
0.06736016326
0.04379285726
0.04379285726
0.02595070107
0.02595070107
0.06736016326
0.04379285726
0.04379285726
0.04379285726
0.02948430467
0.05615013365
0.05615013365
0.05615013365
0.04379285726
0.02948430467
0.05615013365
0.05615013365
0.05615013365
0.03097323798
0.03097323798
0.04736440253
0.04736440253
0.04736440253
0.06112201495
0.06112201495
0.04736440253
0.04736440253
0.04736440253
0.06112201495
0.06112201495
0.04836611837
0.04836611837
0.04836611837
0.03620143141
0.03620143141
0.04836611837
0.04836611837
0.04836611837
0.03620143141
0.03620143141
0.03309474232
0.03309474232
0.03309474232
0.01629895734
0.01629895734
0.03309474232
0.03309474232
0.03309474232
0.048847433
0.04869515591
0.0328657516
0.048847433
0.048847433
0.048847433
0.04869515591
0.0328657516
0.048847433
0.048847433
0.07410589811
0.07410589811
0.06736016326
0.04379285726
0.04379285726
0.02595070107
0.02595070107
0.06736016326
0.04379285726
0.04379285726
0.04379285726
0.02948430467
0.05615013365
0.05615013365
0.05615013365
0.04379285726
0.02948430467
0.05615013365
0.05615013365
0.05615013365
0.03097323798
0.03097323798
0.04736440253
0.04736440253
0.04736440253
0.06112201495
0.06112201495
0.04736440253
0.04736440253
0.04736440253
0.06112201495
0.06112201495
0.04836611837
0.04836611837
0.04836611837
0.03620143141
0.03620143141
0.04836611837
0.04836611837
0.04836611837
0.03620143141
0.03620143141
0.03309474232
0.03309474232
0.03309474232
0.01629895734
0.01629895734
0.03309474232
0.03309474232
0.03309474232
0.048847433
0.04869515591
0.0328657516
0.048847433
0.048847433
0.048847433
0.04869515591
0.0328657516
0.048847433
0.048847433
0.07410589811
0.07410589811
0.06560110262
0.04474618972
0.04474618972
0.02832010783
0.02832010783
0.06560110262
0.04474618972
0.04474618972
0.04474618972
0.03354984174
0.05636441006
0.05636441006
0.05636441006
0.04474618972
0.03354984174
0.05636441006
0.05636441006
0.05636441006
0.03669748045
0.03669748045
0.04840141509
0.04840141509
0.04840141509
0.06467307401
0.06467307401
0.04840141509
0.04840141509
0.04840141509
0.06467307401
0.06467307401
0.04833092278
0.04833092278
0.04833092278
0.03800270857
0.03800270857
0.04833092278
0.04833092278
0.04833092278
0.03800270857
0.03800270857
0.03359189839
0.03359189839
0.03359189839
0.01742976941
0.01742976941
0.03359189839
0.03359189839
0.03359189839
0.05081569665
0.04779606417
0.03490155956
0.05081569665
0.05081569665
0.05081569665
0.04779606417
0.03490155956
0.05081569665
0.05081569665
0.07324191085
0.07324191085
0.06560110262
0.04474618972
0.04474618972
0.02832010783
0.02832010783
0.06560110262
0.04474618972
0.04474618972
0.04474618972
0.03354984174
0.05636441006
0.05636441006
0.05636441006
0.04474618972
0.03354984174
0.05636441006
0.05636441006
0.05636441006
0.03669748045
0.03669748045
0.04840141509
0.04840141509
0.04840141509
0.06467307401
0.06467307401
0.04840141509
0.04840141509
0.04840141509
0.06467307401
0.06467307401
0.04833092278
0.04833092278
0.04833092278
0.03800270857
0.03800270857
0.04833092278
0.04833092278
0.04833092278
0.03800270857
0.03800270857
0.03359189839
0.03359189839
0.03359189839
0.01742976941
0.01742976941
0.03359189839
0.03359189839
0.03359189839
0.05081569665
0.04779606417
0.03490155956
0.05081569665
0.05081569665
0.05081569665
0.04779606417
0.03490155956
0.05081569665
0.05081569665
0.07324191085
0.07324191085
0.06394644459
0.04450902412
0.04450902412
0.02948448239
0.02948448239
0.06394644459
0.04450902412
0.04450902412
0.04450902412
0.03585173578
0.05618696805
0.05618696805
0.05618696805
0.04450902412
0.03585173578
0.05618696805
0.05618696805
0.05618696805
0.04018688985
0.04018688985
0.05004848668
0.05004848668
0.05004848668
0.0650097066
0.0650097066
0.05004848668
0.05004848668
0.05004848668
0.0650097066
0.0650097066
0.04825168651
0.04825168651
0.04825168651
0.03932474052
0.03932474052
0.04825168651
0.04825168651
0.04825168651
0.03932474052
0.03932474052
0.03392516412
0.03392516412
0.03392516412
0.01860941793
0.01860941793
0.03392516412
0.03392516412
0.03392516412
0.05148100312
0.04650146674
0.03641649639
0.05148100312
0.05148100312
0.05148100312
0.04650146674
0.03641649639
0.05148100312
0.05148100312
0.07174399927
0.07174399927
0.06394644459
0.04450902412
0.04450902412
0.02948448239
0.02948448239
0.06394644459
0.04450902412
0.04450902412
0.04450902412
0.03585173578
0.05618696805
0.05618696805
0.05618696805
0.04450902412
0.03585173578
0.05618696805
0.05618696805
0.05618696805
0.04018688985
0.04018688985
0.05004848668
0.05004848668
0.05004848668
0.0650097066
0.0650097066
0.05004848668
0.05004848668
0.05004848668
0.0650097066
0.0650097066
0.04825168651
0.04825168651
0.04825168651
0.03932474052
0.03932474052
0.04825168651
0.04825168651
0.04825168651
0.03932474052
0.03932474052
0.03392516412
0.03392516412
0.03392516412
0.01860941793
0.01860941793
0.03392516412
0.03392516412
0.03392516412
0.05148100312
0.04650146674
0.03641649639
0.05148100312
0.05148100312
0.05148100312
0.04650146674
0.03641649639
0.05148100312
0.05148100312
0.07174399927
0.07174399927
1.096829431e-06
1.151908738e-06
1.151908738e-06
8.853929499e-07
8.853929499e-07
1.096829431e-06
1.151908738e-06
1.151908738e-06
1.151908738e-06
3.558199474e-07
1.049521098e-06
1.049521098e-06
1.049521098e-06
1.151908738e-06
3.558199474e-07
1.049521098e-06
1.049521098e-06
1.049521098e-06
7.799877617e-07
7.799877617e-07
8.145683155e-07
8.145683155e-07
8.145683155e-07
6.918407501e-07
6.918407501e-07
8.145683155e-07
8.145683155e-07
8.145683155e-07
6.918407501e-07
6.918407501e-07
8.731519969e-07
8.731519969e-07
8.731519969e-07
8.729879404e-07
8.729879404e-07
8.731519969e-07
8.731519969e-07
8.731519969e-07
8.729879404e-07
8.729879404e-07
1.229507549e-06
1.229507549e-06
1.229507549e-06
8.116153417e-07
8.116153417e-07
1.229507549e-06
1.229507549e-06
1.229507549e-06
1.008563236e-06
7.797830606e-07
1.164975193e-06
1.008563236e-06
1.008563236e-06
1.008563236e-06
7.797830606e-07
1.164975193e-06
1.008563236e-06
1.008563236e-06
8.340771263e-07
8.340771263e-07
1.096829431e-06
1.151908738e-06
1.151908738e-06
8.853929499e-07
8.853929499e-07
1.096829431e-06
1.151908738e-06
1.151908738e-06
1.151908738e-06
3.558199474e-07
1.049521098e-06
1.049521098e-06
1.049521098e-06
1.151908738e-06
3.558199474e-07
1.049521098e-06
1.049521098e-06
1.049521098e-06
7.799877617e-07
7.799877617e-07
8.145683155e-07
8.145683155e-07
8.145683155e-07
6.918407501e-07
6.918407501e-07
8.145683155e-07
8.145683155e-07
8.145683155e-07
6.918407501e-07
6.918407501e-07
8.731519969e-07
8.731519969e-07
8.731519969e-07
8.729879404e-07
8.729879404e-07
8.731519969e-07
8.731519969e-07
8.731519969e-07
8.729879404e-07
8.729879404e-07
1.229507549e-06
1.229507549e-06
1.229507549e-06
8.116153417e-07
8.116153417e-07
1.229507549e-06
1.229507549e-06
1.229507549e-06
1.008563236e-06
7.797830606e-07
1.164975193e-06
1.008563236e-06
1.008563236e-06
1.008563236e-06
7.797830606e-07
1.164975193e-06
1.008563236e-06
1.008563236e-06
8.340771263e-07
8.340771263e-07
6.823067517e-05
6.728599825e-05
6.728599825e-05
6.745571457e-05
6.745571457e-05
6.823067517e-05
6.728599825e-05
6.728599825e-05
6.728599825e-05
5.345964095e-05
6.908248733e-05
6.908248733e-05
6.908248733e-05
6.728599825e-05
5.345964095e-05
6.908248733e-05
6.908248733e-05
6.908248733e-05
4.232288055e-05
4.232288055e-05
5.188995269e-05
5.188995269e-05
5.188995269e-05
3.423509306e-05
3.423509306e-05
5.188995269e-05
5.188995269e-05
5.188995269e-05
3.423509306e-05
3.423509306e-05
5.351749912e-05
5.351749912e-05
5.351749912e-05
5.348757364e-05
5.348757364e-05
5.351749912e-05
5.351749912e-05
5.351749912e-05
5.348757364e-05
5.348757364e-05
9.032486945e-05
9.032486945e-05
9.032486945e-05
7.618720165e-05
7.618720165e-05
9.032486945e-05
9.032486945e-05
9.032486945e-05
5.020209863e-05
5.282670662e-05
7.190175233e-05
5.020209863e-05
5.020209863e-05
5.020209863e-05
5.282670662e-05
7.190175233e-05
5.020209863e-05
5.020209863e-05
4.88713967e-05
4.88713967e-05
6.823067517e-05
6.728599825e-05
6.728599825e-05
6.745571457e-05
6.745571457e-05
6.823067517e-05
6.728599825e-05
6.728599825e-05
6.728599825e-05
5.345964095e-05
6.908248733e-05
6.908248733e-05
6.908248733e-05
6.728599825e-05
5.345964095e-05
6.908248733e-05
6.908248733e-05
6.908248733e-05
4.232288055e-05
4.232288055e-05
5.188995269e-05
5.188995269e-05
5.188995269e-05
3.423509306e-05
3.423509306e-05
5.188995269e-05
5.188995269e-05
5.188995269e-05
3.423509306e-05
3.423509306e-05
5.351749912e-05
5.351749912e-05
5.351749912e-05
5.348757364e-05
5.348757364e-05
5.351749912e-05
5.351749912e-05
5.351749912e-05
5.348757364e-05
5.348757364e-05
9.032486945e-05
9.032486945e-05
9.032486945e-05
7.618720165e-05
7.618720165e-05
9.032486945e-05
9.032486945e-05
9.032486945e-05
5.020209863e-05
5.282670662e-05
7.190175233e-05
5.020209863e-05
5.020209863e-05
5.020209863e-05
5.282670662e-05
7.190175233e-05
5.020209863e-05
5.020209863e-05
4.88713967e-05
4.88713967e-05
0.002186790281
0.002619284823
0.002619284823
0.003169121412
0.003169121412
0.002186790281
0.002619284823
0.002619284823
0.002619284823
0.001706207701
0.002688614933
0.002688614933
0.002688614933
0.002619284823
0.001706207701
0.002688614933
0.002688614933
0.002688614933
0.002096132997
0.002096132997
0.001780317766
0.001780317766
0.001780317766
0.001180444519
0.001180444519
0.001780317766
0.001780317766
0.001780317766
0.001180444519
0.001180444519
0.001607979941
0.001607979941
0.001607979941
0.001876690963
0.001876690963
0.001607979941
0.001607979941
0.001607979941
0.001876690963
0.001876690963
0.003410387668
0.003410387668
0.003410387668
0.002646191786
0.002646191786
0.003410387668
0.003410387668
0.003410387668
0.002413095523
0.001771128648
0.002757773164
0.002413095523
0.002413095523
0.002413095523
0.001771128648
0.002757773164
0.002413095523
0.002413095523
0.00183033422
0.00183033422
0.002186790281
0.002619284823
0.002619284823
0.003169121412
0.003169121412
0.002186790281
0.002619284823
0.002619284823
0.002619284823
0.001706207701
0.002688614933
0.002688614933
0.002688614933
0.002619284823
0.001706207701
0.002688614933
0.002688614933
0.002688614933
0.002096132997
0.002096132997
0.001780317766
0.001780317766
0.001780317766
0.001180444519
0.001180444519
0.001780317766
0.001780317766
0.001780317766
0.001180444519
0.001180444519
0.001607979941
0.001607979941
0.001607979941
0.001876690963
0.001876690963
0.001607979941
0.001607979941
0.001607979941
0.001876690963
0.001876690963
0.003410387668
0.003410387668
0.003410387668
0.002646191786
0.002646191786
0.003410387668
0.003410387668
0.003410387668
0.002413095523
0.001771128648
0.002757773164
0.002413095523
0.002413095523
0.002413095523
0.001771128648
0.002757773164
0.002413095523
0.002413095523
0.00183033422
0.00183033422
0.02345099319
0.03039040434
0.03039040434
0.04619771248
0.04619771248
0.02345099319
0.03039040434
0.03039040434
0.03039040434
0.01703567865
0.02371326642
0.02371326642
0.02371326642
0.03039040434
0.01703567865
0.02371326642
0.02371326642
0.02371326642
0.02365083383
0.02365083383
0.01523278243
0.01523278243
0.01523278243
0.0178127103
0.0178127103
0.01523278243
0.01523278243
0.01523278243
0.0178127103
0.0178127103
0.0248870108
0.0248870108
0.0248870108
0.023091725
0.023091725
0.0248870108
0.0248870108
0.0248870108
0.023091725
0.023091725
0.03894484256
0.03894484256
0.03894484256
0.02746422863
0.02746422863
0.03894484256
0.03894484256
0.03894484256
0.02571638726
0.02230273054
0.02776257591
0.02571638726
0.02571638726
0.02571638726
0.02230273054
0.02776257591
0.02571638726
0.02571638726
0.02402103163
0.02402103163
0.02345099319
0.03039040434
0.03039040434
0.04619771248
0.04619771248
0.02345099319
0.03039040434
0.03039040434
0.03039040434
0.01703567865
0.02371326642
0.02371326642
0.02371326642
0.03039040434
0.01703567865
0.02371326642
0.02371326642
0.02371326642
0.02365083383
0.02365083383
0.01523278243
0.01523278243
0.01523278243
0.0178127103
0.0178127103
0.01523278243
0.01523278243
0.01523278243
0.0178127103
0.0178127103
0.0248870108
0.0248870108
0.0248870108
0.023091725
0.023091725
0.0248870108
0.0248870108
0.0248870108
0.023091725
0.023091725
0.03894484256
0.03894484256
0.03894484256
0.02746422863
0.02746422863
0.03894484256
0.03894484256
0.03894484256
0.02571638726
0.02230273054
0.02776257591
0.02571638726
0.02571638726
0.02571638726
0.02230273054
0.02776257591
0.02571638726
0.02571638726
0.02402103163
0.02402103163
0.03390204851
0.04370388408
0.04370388408
0.07577302923
0.07577302923
0.03390204851
0.04370388408
0.04370388408
0.04370388408
0.0337501302
0.03179563438
0.03179563438
0.03179563438
0.04370388408
0.0337501302
0.03179563438
0.03179563438
0.03179563438
0.04093665676
0.04093665676
0.0311950087
0.0311950087
0.0311950087
0.03243075711
0.03243075711
0.0311950087
0.0311950087
0.0311950087
0.03243075711
0.03243075711
0.04446807854
0.04446807854
0.04446807854
0.04019207245
0.04019207245
0.04446807854
0.04446807854
0.04446807854
0.04019207245
0.04019207245
0.06043226338
0.06043226338
0.06043226338
0.04607794116
0.04607794116
0.06043226338
0.06043226338
0.06043226338
0.04435032602
0.03235508273
0.04221064814
0.04435032602
0.04435032602
0.04435032602
0.03235508273
0.04221064814
0.04435032602
0.04435032602
0.04239756329
0.04239756329
0.03390204851
0.04370388408
0.04370388408
0.07577302923
0.07577302923
0.03390204851
0.04370388408
0.04370388408
0.04370388408
0.0337501302
0.03179563438
0.03179563438
0.03179563438
0.04370388408
0.0337501302
0.03179563438
0.03179563438
0.03179563438
0.04093665676
0.04093665676
0.0311950087
0.0311950087
0.0311950087
0.03243075711
0.03243075711
0.0311950087
0.0311950087
0.0311950087
0.03243075711
0.03243075711
0.04446807854
0.04446807854
0.04446807854
0.04019207245
0.04019207245
0.04446807854
0.04446807854
0.04446807854
0.04019207245
0.04019207245
0.06043226338
0.06043226338
0.06043226338
0.04607794116
0.04607794116
0.06043226338
0.06043226338
0.06043226338
0.04435032602
0.03235508273
0.04221064814
0.04435032602
0.04435032602
0.04435032602
0.03235508273
0.04221064814
0.04435032602
0.04435032602
0.04239756329
0.04239756329
0.0328657516
0.04248763962
0.04248763962
0.07410589811
0.07410589811
0.0328657516
0.04248763962
0.04248763962
0.04248763962
0.03431921723
0.03191086124
0.03191086124
0.03191086124
0.04248763962
0.03431921723
0.03191086124
0.03191086124
0.03191086124
0.04416279077
0.04416279077
0.03770999041
0.03770999041
0.03770999041
0.03667006829
0.03667006829
0.03770999041
0.03770999041
0.03770999041
0.03667006829
0.03667006829
0.04362088822
0.04362088822
0.04362088822
0.04140065102
0.04140065102
0.04362088822
0.04362088822
0.04362088822
0.04140065102
0.04140065102
0.05937380091
0.05937380091
0.05937380091
0.04519766312
0.04519766312
0.05937380091
0.05937380091
0.05937380091
0.04306013786
0.03288320634
0.04301635854
0.04306013786
0.04306013786
0.04306013786
0.03288320634
0.04301635854
0.04306013786
0.04306013786
0.04503791302
0.04503791302
0.0328657516
0.04248763962
0.04248763962
0.07410589811
0.07410589811
0.0328657516
0.04248763962
0.04248763962
0.04248763962
0.03431921723
0.03191086124
0.03191086124
0.03191086124
0.04248763962
0.03431921723
0.03191086124
0.03191086124
0.03191086124
0.04416279077
0.04416279077
0.03770999041
0.03770999041
0.03770999041
0.03667006829
0.03667006829
0.03770999041
0.03770999041
0.03770999041
0.03667006829
0.03667006829
0.04362088822
0.04362088822
0.04362088822
0.04140065102
0.04140065102
0.04362088822
0.04362088822
0.04362088822
0.04140065102
0.04140065102
0.05937380091
0.05937380091
0.05937380091
0.04519766312
0.04519766312
0.05937380091
0.05937380091
0.05937380091
0.04306013786
0.03288320634
0.04301635854
0.04306013786
0.04306013786
0.04306013786
0.03288320634
0.04301635854
0.04306013786
0.04306013786
0.04503791302
0.04503791302
0.03490155956
0.04392385896
0.04392385896
0.07324191085
0.07324191085
0.03490155956
0.04392385896
0.04392385896
0.04392385896
0.03639608581
0.03287146948
0.03287146948
0.03287146948
0.04392385896
0.03639608581
0.03287146948
0.03287146948
0.03287146948
0.04373263227
0.04373263227
0.03837943906
0.03837943906
0.03837943906
0.0376367248
0.0376367248
0.03837943906
0.03837943906
0.03837943906
0.0376367248
0.0376367248
0.04456285422
0.04456285422
0.04456285422
0.042318848
0.042318848
0.04456285422
0.04456285422
0.04456285422
0.042318848
0.042318848
0.05925269228
0.05925269228
0.05925269228
0.04514187176
0.04514187176
0.05925269228
0.05925269228
0.05925269228
0.04311276072
0.03374474105
0.04454697664
0.04311276072
0.04311276072
0.04311276072
0.03374474105
0.04454697664
0.04311276072
0.04311276072
0.0456046338
0.0456046338
0.03490155956
0.04392385896
0.04392385896
0.07324191085
0.07324191085
0.03490155956
0.04392385896
0.04392385896
0.04392385896
0.03639608581
0.03287146948
0.03287146948
0.03287146948
0.04392385896
0.03639608581
0.03287146948
0.03287146948
0.03287146948
0.04373263227
0.04373263227
0.03837943906
0.03837943906
0.03837943906
0.0376367248
0.0376367248
0.03837943906
0.03837943906
0.03837943906
0.0376367248
0.0376367248
0.04456285422
0.04456285422
0.04456285422
0.042318848
0.042318848
0.04456285422
0.04456285422
0.04456285422
0.042318848
0.042318848
0.05925269228
0.05925269228
0.05925269228
0.04514187176
0.04514187176
0.05925269228
0.05925269228
0.05925269228
0.04311276072
0.03374474105
0.04454697664
0.04311276072
0.04311276072
0.04311276072
0.03374474105
0.04454697664
0.04311276072
0.04311276072
0.0456046338
0.0456046338
0.03641649639
0.04459175135
0.04459175135
0.07174399927
0.07174399927
0.03641649639
0.04459175135
0.04459175135
0.04459175135
0.03808249493
0.03366751882
0.03366751882
0.03366751882
0.04459175135
0.03808249493
0.03366751882
0.03366751882
0.03366751882
0.04347157883
0.04347157883
0.0383315033
0.0383315033
0.0383315033
0.03840826247
0.03840826247
0.0383315033
0.0383315033
0.0383315033
0.03840826247
0.03840826247
0.04514272078
0.04514272078
0.04514272078
0.04312183541
0.04312183541
0.04514272078
0.04514272078
0.04514272078
0.04312183541
0.04312183541
0.05822023906
0.05822023906
0.05822023906
0.04504979816
0.04504979816
0.05822023906
0.05822023906
0.05822023906
0.04360779328
0.03455464134
0.04567983943
0.04360779328
0.04360779328
0.04360779328
0.03455464134
0.04567983943
0.04360779328
0.04360779328
0.04603620357
0.04603620357
0.03641649639
0.04459175135
0.04459175135
0.07174399927
0.07174399927
0.03641649639
0.04459175135
0.04459175135
0.04459175135
0.03808249493
0.03366751882
0.03366751882
0.03366751882
0.04459175135
0.03808249493
0.03366751882
0.03366751882
0.03366751882
0.04347157883
0.04347157883
0.0383315033
0.0383315033
0.0383315033
0.03840826247
0.03840826247
0.0383315033
0.0383315033
0.0383315033
0.03840826247
0.03840826247
0.04514272078
0.04514272078
0.04514272078
0.04312183541
0.04312183541
0.04514272078
0.04514272078
0.04514272078
0.04312183541
0.04312183541
0.05822023906
0.05822023906
0.05822023906
0.04504979816
0.04504979816
0.05822023906
0.05822023906
0.05822023906
0.04360779328
0.03455464134
0.04567983943
0.04360779328
0.04360779328
0.04360779328
0.03455464134
0.04567983943
0.04360779328
0.04360779328
0.04603620357
0.04603620357
1.164975193e-06
8.911218101e-07
8.911218101e-07
8.340771263e-07
8.340771263e-07
1.164975193e-06
8.911218101e-07
8.911218101e-07
8.911218101e-07
6.881124708e-07
7.364663805e-07
7.364663805e-07
7.364663805e-07
8.911218101e-07
6.881124708e-07
7.364663805e-07
7.364663805e-07
7.364663805e-07
4.364862729e-07
4.364862729e-07
8.721589792e-07
8.721589792e-07
8.721589792e-07
4.018699652e-07
4.018699652e-07
8.721589792e-07
8.721589792e-07
8.721589792e-07
4.018699652e-07
4.018699652e-07
9.683432897e-07
9.683432897e-07
9.683432897e-07
4.992644566e-07
4.992644566e-07
9.683432897e-07
9.683432897e-07
9.683432897e-07
4.992644566e-07
4.992644566e-07
9.210465182e-07
9.210465182e-07
9.210465182e-07
5.282824408e-07
5.282824408e-07
9.210465182e-07
9.210465182e-07
9.210465182e-07
7.796266685e-07
6.560834688e-07
8.923205549e-07
7.796266685e-07
7.796266685e-07
7.796266685e-07
6.560834688e-07
8.923205549e-07
7.796266685e-07
7.796266685e-07
8.647367938e-07
8.647367938e-07
1.164975193e-06
8.911218101e-07
8.911218101e-07
8.340771263e-07
8.340771263e-07
1.164975193e-06
8.911218101e-07
8.911218101e-07
8.911218101e-07
6.881124708e-07
7.364663805e-07
7.364663805e-07
7.364663805e-07
8.911218101e-07
6.881124708e-07
7.364663805e-07
7.364663805e-07
7.364663805e-07
4.364862729e-07
4.364862729e-07
8.721589792e-07
8.721589792e-07
8.721589792e-07
4.018699652e-07
4.018699652e-07
8.721589792e-07
8.721589792e-07
8.721589792e-07
4.018699652e-07
4.018699652e-07
9.683432897e-07
9.683432897e-07
9.683432897e-07
4.992644566e-07
4.992644566e-07
9.683432897e-07
9.683432897e-07
9.683432897e-07
4.992644566e-07
4.992644566e-07
9.210465182e-07
9.210465182e-07
9.210465182e-07
5.282824408e-07
5.282824408e-07
9.210465182e-07
9.210465182e-07
9.210465182e-07
7.796266685e-07
6.560834688e-07
8.923205549e-07
7.796266685e-07
7.796266685e-07
7.796266685e-07
6.560834688e-07
8.923205549e-07
7.796266685e-07
7.796266685e-07
8.647367938e-07
8.647367938e-07
7.190175233e-05
6.116307914e-05
6.116307914e-05
4.88713967e-05
4.88713967e-05
7.190175233e-05
6.116307914e-05
6.116307914e-05
6.116307914e-05
4.596399919e-05
4.698154139e-05
4.698154139e-05
4.698154139e-05
6.116307914e-05
4.596399919e-05
4.698154139e-05
4.698154139e-05
4.698154139e-05
3.239824429e-05
3.239824429e-05
4.284755038e-05
4.284755038e-05
4.284755038e-05
2.367500167e-05
2.367500167e-05
4.284755038e-05
4.284755038e-05
4.284755038e-05
2.367500167e-05
2.367500167e-05
6.271159423e-05
6.271159423e-05
6.271159423e-05
2.772059464e-05
2.772059464e-05
6.271159423e-05
6.271159423e-05
6.271159423e-05
2.772059464e-05
2.772059464e-05
5.896797737e-05
5.896797737e-05
5.896797737e-05
4.162135109e-05
4.162135109e-05
5.896797737e-05
5.896797737e-05
5.896797737e-05
5.670073105e-05
4.516762182e-05
5.934523104e-05
5.670073105e-05
5.670073105e-05
5.670073105e-05
4.516762182e-05
5.934523104e-05
5.670073105e-05
5.670073105e-05
5.624775588e-05
5.624775588e-05
7.190175233e-05
6.116307914e-05
6.116307914e-05
4.88713967e-05
4.88713967e-05
7.190175233e-05
6.116307914e-05
6.116307914e-05
6.116307914e-05
4.596399919e-05
4.698154139e-05
4.698154139e-05
4.698154139e-05
6.116307914e-05
4.596399919e-05
4.698154139e-05
4.698154139e-05
4.698154139e-05
3.239824429e-05
3.239824429e-05
4.284755038e-05
4.284755038e-05
4.284755038e-05
2.367500167e-05
2.367500167e-05
4.284755038e-05
4.284755038e-05
4.284755038e-05
2.367500167e-05
2.367500167e-05
6.271159423e-05
6.271159423e-05
6.271159423e-05
2.772059464e-05
2.772059464e-05
6.271159423e-05
6.271159423e-05
6.271159423e-05
2.772059464e-05
2.772059464e-05
5.896797737e-05
5.896797737e-05
5.896797737e-05
4.162135109e-05
4.162135109e-05
5.896797737e-05
5.896797737e-05
5.896797737e-05
5.670073105e-05
4.516762182e-05
5.934523104e-05
5.670073105e-05
5.670073105e-05
5.670073105e-05
4.516762182e-05
5.934523104e-05
5.670073105e-05
5.670073105e-05
5.624775588e-05
5.624775588e-05
0.002757773164
0.002557751654
0.002557751654
0.00183033422
0.00183033422
0.002757773164
0.002557751654
0.002557751654
0.002557751654
0.00237710828
0.001920696205
0.001920696205
0.001920696205
0.002557751654
0.00237710828
0.001920696205
0.001920696205
0.001920696205
0.001054712408
0.001054712408
0.001768867831
0.001768867831
0.001768867831
0.0006984385875
0.0006984385875
0.001768867831
0.001768867831
0.001768867831
0.0006984385875
0.0006984385875
0.002293095678
0.002293095678
0.002293095678
0.001557397488
0.001557397488
0.002293095678
0.002293095678
0.002293095678
0.001557397488
0.001557397488
0.002433138651
0.002433138651
0.002433138651
0.001573773515
0.001573773515
0.002433138651
0.002433138651
0.002433138651
0.002553766302
0.002266179906
0.002441524226
0.002553766302
0.002553766302
0.002553766302
0.002266179906
0.002441524226
0.002553766302
0.002553766302
0.002578010713
0.002578010713
0.002757773164
0.002557751654
0.002557751654
0.00183033422
0.00183033422
0.002757773164
0.002557751654
0.002557751654
0.002557751654
0.00237710828
0.001920696205
0.001920696205
0.001920696205
0.002557751654
0.00237710828
0.001920696205
0.001920696205
0.001920696205
0.001054712408
0.001054712408
0.001768867831
0.001768867831
0.001768867831
0.0006984385875
0.0006984385875
0.001768867831
0.001768867831
0.001768867831
0.0006984385875
0.0006984385875
0.002293095678
0.002293095678
0.002293095678
0.001557397488
0.001557397488
0.002293095678
0.002293095678
0.002293095678
0.001557397488
0.001557397488
0.002433138651
0.002433138651
0.002433138651
0.001573773515
0.001573773515
0.002433138651
0.002433138651
0.002433138651
0.002553766302
0.002266179906
0.002441524226
0.002553766302
0.002553766302
0.002553766302
0.002266179906
0.002441524226
0.002553766302
0.002553766302
0.002578010713
0.002578010713
0.02776257591
0.03088694305
0.03088694305
0.02402103163
0.02402103163
0.02776257591
0.03088694305
0.03088694305
0.03088694305
0.01938520471
0.01966035091
0.01966035091
0.01966035091
0.03088694305
0.01938520471
0.01966035091
0.01966035091
0.01966035091
0.02017079627
0.02017079627
0.0199587861
0.0199587861
0.0199587861
0.01235756533
0.01235756533
0.0199587861
0.0199587861
0.0199587861
0.01235756533
0.01235756533
0.0265839807
0.0265839807
0.0265839807
0.0181593788
0.0181593788
0.0265839807
0.0265839807
0.0265839807
0.0181593788
0.0181593788
0.02651242442
0.02651242442
0.02651242442
0.01866855798
0.01866855798
0.02651242442
0.02651242442
0.02651242442
0.03037207833
0.03060424942
0.02932646869
0.03037207833
0.03037207833
0.03037207833
0.03060424942
0.02932646869
0.03037207833
0.03037207833
0.04049765294
0.04049765294
0.02776257591
0.03088694305
0.03088694305
0.02402103163
0.02402103163
0.02776257591
0.03088694305
0.03088694305
0.03088694305
0.01938520471
0.01966035091
0.01966035091
0.01966035091
0.03088694305
0.01938520471
0.01966035091
0.01966035091
0.01966035091
0.02017079627
0.02017079627
0.0199587861
0.0199587861
0.0199587861
0.01235756533
0.01235756533
0.0199587861
0.0199587861
0.0199587861
0.01235756533
0.01235756533
0.0265839807
0.0265839807
0.0265839807
0.0181593788
0.0181593788
0.0265839807
0.0265839807
0.0265839807
0.0181593788
0.0181593788
0.02651242442
0.02651242442
0.02651242442
0.01866855798
0.01866855798
0.02651242442
0.02651242442
0.02651242442
0.03037207833
0.03060424942
0.02932646869
0.03037207833
0.03037207833
0.03037207833
0.03060424942
0.02932646869
0.03037207833
0.03037207833
0.04049765294
0.04049765294
0.04221064814
0.04817558468
0.04817558468
0.04239756329
0.04239756329
0.04221064814
0.04817558468
0.04817558468
0.04817558468
0.03566690198
0.03706651696
0.03706651696
0.03706651696
0.04817558468
0.03566690198
0.03706651696
0.03706651696
0.03706651696
0.03380831526
0.03380831526
0.03943037587
0.03943037587
0.03943037587
0.02054057203
0.02054057203
0.03943037587
0.03943037587
0.03943037587
0.02054057203
0.02054057203
0.04279835961
0.04279835961
0.04279835961
0.03234359058
0.03234359058
0.04279835961
0.04279835961
0.04279835961
0.03234359058
0.03234359058
0.05098458693
0.05098458693
0.05098458693
0.03253417603
0.03253417603
0.05098458693
0.05098458693
0.05098458693
0.0591991878
0.04597372352
0.04620984276
0.0591991878
0.0591991878
0.0591991878
0.04597372352
0.04620984276
0.0591991878
0.0591991878
0.06834806333
0.06834806333
0.04221064814
0.04817558468
0.04817558468
0.04239756329
0.04239756329
0.04221064814
0.04817558468
0.04817558468
0.04817558468
0.03566690198
0.03706651696
0.03706651696
0.03706651696
0.04817558468
0.03566690198
0.03706651696
0.03706651696
0.03706651696
0.03380831526
0.03380831526
0.03943037587
0.03943037587
0.03943037587
0.02054057203
0.02054057203
0.03943037587
0.03943037587
0.03943037587
0.02054057203
0.02054057203
0.04279835961
0.04279835961
0.04279835961
0.03234359058
0.03234359058
0.04279835961
0.04279835961
0.04279835961
0.03234359058
0.03234359058
0.05098458693
0.05098458693
0.05098458693
0.03253417603
0.03253417603
0.05098458693
0.05098458693
0.05098458693
0.0591991878
0.04597372352
0.04620984276
0.0591991878
0.0591991878
0.0591991878
0.04597372352
0.04620984276
0.0591991878
0.0591991878
0.06834806333
0.06834806333
0.04301635854
0.0499367684
0.0499367684
0.04503791302
0.04503791302
0.04301635854
0.0499367684
0.0499367684
0.0499367684
0.03405157664
0.03791638911
0.03791638911
0.03791638911
0.0499367684
0.03405157664
0.03791638911
0.03791638911
0.03791638911
0.0342204904
0.0342204904
0.04002851361
0.04002851361
0.04002851361
0.02093992925
0.02093992925
0.04002851361
0.04002851361
0.04002851361
0.02093992925
0.02093992925
0.04387612317
0.04387612317
0.04387612317
0.03130311472
0.03130311472
0.04387612317
0.04387612317
0.04387612317
0.03130311472
0.03130311472
0.05342522437
0.05342522437
0.05342522437
0.03227724679
0.03227724679
0.05342522437
0.05342522437
0.05342522437
0.05861674153
0.04904413595
0.05065061015
0.05861674153
0.05861674153
0.05861674153
0.04904413595
0.05065061015
0.05861674153
0.05861674153
0.06870487893
0.06870487893
0.04301635854
0.0499367684
0.0499367684
0.04503791302
0.04503791302
0.04301635854
0.0499367684
0.0499367684
0.0499367684
0.03405157664
0.03791638911
0.03791638911
0.03791638911
0.0499367684
0.03405157664
0.03791638911
0.03791638911
0.03791638911
0.0342204904
0.0342204904
0.04002851361
0.04002851361
0.04002851361
0.02093992925
0.02093992925
0.04002851361
0.04002851361
0.04002851361
0.02093992925
0.02093992925
0.04387612317
0.04387612317
0.04387612317
0.03130311472
0.03130311472
0.04387612317
0.04387612317
0.04387612317
0.03130311472
0.03130311472
0.05342522437
0.05342522437
0.05342522437
0.03227724679
0.03227724679
0.05342522437
0.05342522437
0.05342522437
0.05861674153
0.04904413595
0.05065061015
0.05861674153
0.05861674153
0.05861674153
0.04904413595
0.05065061015
0.05861674153
0.05861674153
0.06870487893
0.06870487893
0.04454697664
0.04947961409
0.04947961409
0.0456046338
0.0456046338
0.04454697664
0.04947961409
0.04947961409
0.04947961409
0.03642518532
0.03860096759
0.03860096759
0.03860096759
0.04947961409
0.03642518532
0.03860096759
0.03860096759
0.03860096759
0.03364161011
0.03364161011
0.03945302784
0.03945302784
0.03945302784
0.02179207617
0.02179207617
0.03945302784
0.03945302784
0.03945302784
0.02179207617
0.02179207617
0.04374779329
0.04374779329
0.04374779329
0.03230865228
0.03230865228
0.04374779329
0.04374779329
0.04374779329
0.03230865228
0.03230865228
0.05373516699
0.05373516699
0.05373516699
0.03369291018
0.03369291018
0.05373516699
0.05373516699
0.05373516699
0.05890603623
0.05136899271
0.05303857653
0.05890603623
0.05890603623
0.05890603623
0.05136899271
0.05303857653
0.05890603623
0.05890603623
0.0679514744
0.0679514744
0.04454697664
0.04947961409
0.04947961409
0.0456046338
0.0456046338
0.04454697664
0.04947961409
0.04947961409
0.04947961409
0.03642518532
0.03860096759
0.03860096759
0.03860096759
0.04947961409
0.03642518532
0.03860096759
0.03860096759
0.03860096759
0.03364161011
0.03364161011
0.03945302784
0.03945302784
0.03945302784
0.02179207617
0.02179207617
0.03945302784
0.03945302784
0.03945302784
0.02179207617
0.02179207617
0.04374779329
0.04374779329
0.04374779329
0.03230865228
0.03230865228
0.04374779329
0.04374779329
0.04374779329
0.03230865228
0.03230865228
0.05373516699
0.05373516699
0.05373516699
0.03369291018
0.03369291018
0.05373516699
0.05373516699
0.05373516699
0.05890603623
0.05136899271
0.05303857653
0.05890603623
0.05890603623
0.05890603623
0.05136899271
0.05303857653
0.05890603623
0.05890603623
0.0679514744
0.0679514744
0.04567983943
0.04942683882
0.04942683882
0.04603620357
0.04603620357
0.04567983943
0.04942683882
0.04942683882
0.04942683882
0.03750090011
0.03898824385
0.03898824385
0.03898824385
0.04942683882
0.03750090011
0.03898824385
0.03898824385
0.03898824385
0.03316415892
0.03316415892
0.03886435399
0.03886435399
0.03886435399
0.02260566915
0.02260566915
0.03886435399
0.03886435399
0.03886435399
0.02260566915
0.02260566915
0.0433662471
0.0433662471
0.0433662471
0.03249112043
0.03249112043
0.0433662471
0.0433662471
0.0433662471
0.03249112043
0.03249112043
0.0538100324
0.0538100324
0.0538100324
0.03520785449
0.03520785449
0.0538100324
0.0538100324
0.0538100324
0.0589926771
0.05233186203
0.0545581075
0.0589926771
0.0589926771
0.0589926771
0.05233186203
0.0545581075
0.0589926771
0.0589926771
0.0675938431
0.0675938431
0.04567983943
0.04942683882
0.04942683882
0.04603620357
0.04603620357
0.04567983943
0.04942683882
0.04942683882
0.04942683882
0.03750090011
0.03898824385
0.03898824385
0.03898824385
0.04942683882
0.03750090011
0.03898824385
0.03898824385
0.03898824385
0.03316415892
0.03316415892
0.03886435399
0.03886435399
0.03886435399
0.02260566915
0.02260566915
0.03886435399
0.03886435399
0.03886435399
0.02260566915
0.02260566915
0.0433662471
0.0433662471
0.0433662471
0.03249112043
0.03249112043
0.0433662471
0.0433662471
0.0433662471
0.03249112043
0.03249112043
0.0538100324
0.0538100324
0.0538100324
0.03520785449
0.03520785449
0.0538100324
0.0538100324
0.0538100324
0.0589926771
0.05233186203
0.0545581075
0.0589926771
0.0589926771
0.0589926771
0.05233186203
0.0545581075
0.0589926771
0.0589926771
0.0675938431
0.0675938431
)
;

boundaryField
{
    walls
    {
        type            zeroGradient;
    }
    inlet
    {
        type            fixedValue;
        value           uniform 0;
    }
    outlet
    {
        type            inletOutlet;
        phi             alphaRhoPhi;
        inletValue      uniform 0;
        value           nonuniform List<scalar> 
384
(
0.04700375675
0.04665817503
0.05759720113
0.05616814223
0.04462081906
0.0358708356
0.03581903242
0.0349869295
0.02612071338
0.02422807658
0.03098047519
0.04282812845
0.04200630524
0.03810671961
0.04525933427
0.0435010587
0.0381963578
0.0328518881
0.0397119273
0.04449866864
0.0301544751
0.02435861779
0.02683349656
0.03289028117
0.03485444398
0.03368377362
0.04056784733
0.03405441036
0.03107911504
0.03249289021
0.03990917037
0.04671912224
0.0395219338
0.03850838481
0.03442210979
0.03068559592
0.0342387815
0.03148827246
0.03538786966
0.03730905838
0.03551012671
0.03948089467
0.0508070115
0.06223132494
0.06308151532
0.06196355515
0.0527015866
0.03973798597
0.03364577889
0.03525623632
0.03836255161
0.05080790845
0.05282768328
0.0462471689
0.04501153368
0.04945561479
0.05817137277
0.06725388104
0.05271165507
0.03876176491
0.03698680345
0.04648586509
0.04782714879
0.06162544919
0.0661813995
0.04808173124
0.03956214645
0.04136573462
0.04731857417
0.05672210805
0.04506872865
0.0411430385
0.03572228711
0.04670867687
0.04971860186
0.06154062509
0.06588716777
0.05415352921
0.05068745113
0.04618457304
0.04791797413
0.05751204952
0.05009114544
0.05197379403
0.04035528733
0.04759259131
0.05400286443
0.06174731062
0.06898993569
0.06580260644
0.06235107462
0.05191208473
0.05250273806
0.05320654215
0.04606787763
0.04883125727
0.0574235643
0.06062323127
0.064562255
0.06641018423
0.06630177774
0.07060054379
0.06486587644
0.05874880376
0.05420762293
0.04552240541
0.04170662029
0.04927502049
0.0615423075
0.05226309835
0.05389015888
0.05501110578
0.0531276214
0.06025460419
0.04973596465
0.04214406037
0.0456119947
0.05033519454
0.05892054971
0.06840084255
0.05620369211
0.04782716844
0.0528141628
0.05499333474
0.05621550301
0.06002256272
0.04314307821
0.0395996311
0.05419726352
0.06365723134
0.07308718191
0.07248688114
0.05882064942
0.05362813345
0.0606295267
0.05560369564
0.06365323428
0.06319639664
0.04972330044
0.05203809485
0.06247941309
0.06489778716
0.0631571931
0.05846883893
0.05680612883
0.05736644828
0.054534265
0.04630187868
0.05236847887
0.04859492273
0.05443047331
0.06578524839
0.0605794601
0.05530806911
0.05670734016
0.0515594149
0.05796434503
0.0562864674
0.04884716105
0.04183478979
0.04575141131
0.0399987101
0.05207130473
0.05987613649
0.05280982867
0.04567789276
0.04789329549
0.04190574452
0.06326202072
0.06051137393
0.04883897454
0.0417564649
0.04082676133
0.03260516017
0.04090373567
0.04892874672
0.05029965035
0.04207906216
0.03872819112
0.03338872571
0.06859085906
0.0675695822
0.05843037512
0.04850306966
0.04730843882
0.03576033642
0.03642817968
0.0522426062
0.06275355005
0.03821154997
0.03016679817
0.02741605984
0.07070633418
0.07419570272
0.06825944544
0.05861990034
0.05639486925
0.04217622544
0.03865981987
0.06292864099
0.08397120489
0.03948210397
0.02642558262
0.02461719362
0.05346146293
0.0678627704
0.0690680679
0.05216528173
0.04713364792
0.05342815329
0.04962141469
0.04631096194
0.04319640683
0.03371967471
0.03946454458
0.05075222759
0.04571841254
0.05710926825
0.06298051092
0.05487578838
0.04965350924
0.04849012362
0.05184142625
0.05038029443
0.03801998503
0.03182736787
0.04519550089
0.06008746774
0.03915501091
0.04612473963
0.05103301971
0.04985632675
0.0571012086
0.04660614554
0.047959487
0.04323146046
0.02906425469
0.02908114365
0.05297723838
0.07107572964
0.03493469653
0.03861527234
0.04172049839
0.04198217252
0.06424911026
0.05632819832
0.04686278327
0.02902966553
0.02031186394
0.02767743897
0.06194445087
0.08020178933
0.0322843804
0.03427811693
0.03817102764
0.03951564495
0.06909613377
0.07007559951
0.0551826315
0.02649966166
0.01760846184
0.02793879334
0.06681528164
0.08329394033
0.04659204032
0.0358511319
0.0299299208
0.02749692832
0.03294212321
0.03905716153
0.03864292185
0.05101137008
0.05933396891
0.06529860602
0.049593942
0.04550691859
0.05234043167
0.04081701168
0.03669907812
0.03201202453
0.03602136502
0.04524168264
0.04130064401
0.05002010326
0.05614673041
0.06169653265
0.0487153852
0.04395283132
0.05749451777
0.04345735995
0.04000082067
0.03589100677
0.03398506576
0.04198881098
0.04169805094
0.0492699156
0.05362150654
0.05371232201
0.04648123602
0.04154462892
0.06053283541
0.04311035356
0.03702386585
0.04052749488
0.03376916097
0.03794513498
0.04300700323
0.04146502292
0.04456379363
0.041292529
0.04226750764
0.03927419041
0.06113784884
0.0423109344
0.03506184944
0.04610504692
0.03732307989
0.04472248576
0.04925356852
0.03914977259
0.04547318309
0.03133859394
0.03867110532
0.03796008901
0.05297385155
0.05210119045
0.03947271454
0.03765426744
0.03767706811
0.04057330363
0.04300236484
0.04104399228
0.05021327108
0.05914042237
0.05603339613
0.05485936062
0.05533012485
0.05349301119
0.04054235011
0.03841879417
0.04014897842
0.04310303174
0.04805885213
0.0433244127
0.04918853186
0.05922999437
0.05897031624
0.05583362338
0.05619994793
0.05225390234
0.04023649644
0.03870343697
0.033973303
0.03733057187
0.04246226762
0.04160466401
0.04810091501
0.05864037304
0.06261312131
0.06082407431
0.05474559175
0.05012281179
0.03546575752
0.03631456421
0.02379747487
0.02734561531
0.03600014039
0.03752339195
0.03969038512
0.05496173455
0.06118961108
0.06475832161
0.05264308668
0.04604100917
0.03033378383
0.03006677467
0.01857293412
0.02179598512
0.02738386404
0.02975171042
0.03174353274
0.04791019714
0.05775516593
0.06592073299
)
;
    }
}


// ************************************************************************* //
