/*--------------------------------*- C++ -*----------------------------------*\
  =========                 |
  \\      /  F ield         | OpenFOAM: The Open Source CFD Toolbox
   \\    /   O peration     | Website:  https://openfoam.org
    \\  /    A nd           | Version:  7
     \\/     M anipulation  |
\*---------------------------------------------------------------------------*/
FoamFile
{
    version     2.0;
    format      ascii;
    class       volScalarField;
    location    "2";
    object      HCO;
}
// * * * * * * * * * * * * * * * * * * * * * * * * * * * * * * * * * * * * * //

dimensions      [0 0 0 0 0 0 0];

internalField   nonuniform List<scalar> 
6144
(
0
0
9.089517237e-40
1.319813877e-37
1.163008827e-37
5.617262359e-39
2.272539161e-38
1.717511195e-40
0
0
4.045543786e-40
2.283253118e-39
0
8.250026022e-40
6.066527461e-39
8.275168251e-39
1.827349025e-37
1.350924961e-38
4.625353436e-39
2.432441694e-40
0
0
5.829366647e-40
6.727830488e-40
0
1.470966438e-39
1.090681682e-38
0
0
0
2.827037395e-40
1.636175479e-38
1.265735475e-40
1.495852824e-39
4.915908588e-39
3.442003925e-40
9.279398039e-40
1.224872469e-38
4.023711996e-38
1.014783508e-38
1.615703949e-37
4.005829072e-39
4.857687899e-41
6.849079408e-41
5.531313068e-41
2.515046787e-39
1.944231561e-38
2.701754825e-39
0
0
1.700501827e-38
1.18599263e-38
1.117038352e-38
8.025528189e-39
5.68339299e-40
9.174207234e-39
0
0
8.487221343e-39
1.076940366e-39
0
0
0
0
0
0
2.633421904e-38
4.092193527e-36
8.709788777e-38
1.780166812e-39
1.19927425e-39
1.517439059e-37
0
0
0
0
0
0
1.37410694e-35
4.311882762e-34
1.422551141e-35
1.614173278e-37
8.230468113e-38
3.967891642e-36
0
0
0
0
0
0
8.212775228e-34
1.487405596e-32
4.133306864e-34
3.176238522e-36
6.771522987e-38
3.175781701e-37
0
0
0
0
0
0
8.036560071e-33
1.464202057e-31
3.420618673e-33
2.443400268e-35
1.624060816e-35
7.030673762e-36
0
0
0
0
0
0
8.558518532e-33
1.380231284e-31
2.429038792e-33
9.751994847e-35
9.28862485e-34
1.292743309e-34
0
0
0
0
0
0
5.429672383e-34
2.773822883e-33
1.404193013e-34
2.173552807e-33
2.049120399e-32
1.233981539e-33
0
0
0
0
0
0
1.929185195e-33
1.396637971e-34
8.73007762e-34
2.622654057e-32
3.171810851e-31
6.11979223e-33
0
0
2.741474535e-36
4.160212725e-34
3.637107937e-34
1.739564278e-35
6.955801754e-35
5.350853856e-37
0
0
1.090570747e-36
0
0
2.629856525e-36
1.926050662e-35
2.628190928e-35
5.713017361e-34
4.174443424e-35
1.418501837e-35
7.382926162e-37
0
0
1.362179431e-36
5.403559301e-37
0
4.658798691e-36
3.484486764e-35
0
0
0
8.110459504e-37
5.013314514e-35
3.821337282e-37
4.521447058e-36
1.498086049e-35
9.194041526e-37
3.042857985e-36
3.946230037e-35
1.284788393e-34
3.234361668e-35
5.158542536e-34
1.277658545e-35
1.513293705e-37
1.991554801e-37
1.664413826e-37
7.766723586e-36
5.918114959e-35
8.079268157e-36
0
0
5.487501783e-35
3.806880475e-35
3.565857429e-35
2.56174012e-35
1.675891827e-36
3.845213845e-37
0
0
2.591253141e-35
2.637495654e-36
8.401126131e-35
0
4.434380486e-35
0
2.68165948e-35
3.535661526e-35
4.740780009e-35
4.520423981e-34
1.677531712e-35
6.470643694e-37
2.059196195e-37
2.747225976e-35
0
0
9.609737242e-35
0
5.319176517e-35
1.079163237e-34
3.074989731e-33
1.505158715e-31
5.392773636e-33
6.012463465e-35
2.820184394e-35
1.470225538e-33
0
0
0
0
0
5.295528751e-34
2.388160778e-31
5.247724087e-30
1.500570824e-31
9.566569463e-34
0
1.101940913e-34
0
1.857019957e-34
0
0
0
0
1.909871706e-30
4.514281815e-29
1.064976959e-30
5.802482635e-33
4.759838013e-33
1.63050791e-33
6.939621975e-35
2.772561691e-34
1.14935916e-34
2.961623789e-35
0
0
2.291451285e-30
4.076376969e-29
6.845296737e-31
2.542596175e-32
2.232473077e-31
2.872984202e-32
3.675117394e-35
4.82466948e-35
3.356847746e-35
0
0
0
1.184915033e-31
7.991665741e-31
4.038147728e-32
6.570018188e-31
5.694835453e-30
2.65644877e-31
6.655443362e-35
0
2.651883986e-35
0
0
0
2.843295288e-31
2.490709375e-32
2.57948162e-31
7.943721705e-30
9.151669167e-29
1.529393548e-30
0
0
8.083092031e-33
1.281032636e-30
1.120376312e-30
5.340925601e-32
2.119822906e-31
1.601860929e-33
0
0
2.705695608e-33
0
0
8.369023266e-33
5.777280021e-32
7.9210549e-32
1.734000658e-30
1.26246495e-31
4.27601414e-32
2.233745336e-33
0
0
3.543649416e-33
8.475552749e-34
0
1.385453364e-32
1.033238114e-31
0
0
0
2.050351062e-33
1.511861237e-31
1.131335159e-33
1.350597117e-32
4.51360218e-32
2.716206321e-33
9.71578339e-33
1.178465328e-31
3.788642544e-31
9.486026691e-32
1.524623804e-30
3.792475587e-32
4.499621795e-34
6.036497931e-34
4.852713966e-34
2.374323479e-32
1.797676607e-31
2.433406583e-32
0
0
1.646483769e-31
1.109010628e-31
1.032800381e-31
7.512094066e-32
5.002133956e-33
7.303894575e-34
0
0
7.841216816e-32
7.875593298e-33
2.597448587e-31
0
1.436828924e-31
0
7.720702681e-32
1.044405342e-31
1.367683817e-31
4.467985564e-32
1.145304284e-33
0
5.599111994e-34
0
0
0
2.014677816e-31
0
6.520822261e-32
2.104057615e-31
0
4.523444444e-29
1.699634277e-30
1.854253619e-32
7.327774065e-33
4.509216709e-31
0
0
0
0
0
1.807675638e-31
4.493969798e-29
1.491281481e-27
4.514487242e-29
1.937323056e-31
0
2.177122864e-32
0
4.862976386e-31
0
0
0
0
2.985018738e-28
1.068967368e-26
2.607048351e-28
4.793147237e-31
0
5.621014425e-32
1.431194309e-31
7.537043499e-31
2.583624392e-31
4.815224144e-33
0
0
4.273717724e-28
9.05746377e-27
1.422343262e-28
0
0
1.296239784e-30
1.975658533e-32
5.940269866e-32
1.266288228e-32
0
0
0
1.656030502e-29
1.716583902e-28
6.153616696e-30
1.255279246e-28
1.035664324e-27
3.314117679e-29
9.598819315e-32
0
2.164469214e-33
0
0
0
1.939486266e-29
2.429497995e-30
4.782884937e-29
1.709314151e-27
1.991721684e-26
2.570930741e-28
0
0
2.321615195e-29
3.731992407e-27
3.280272717e-27
1.582702273e-28
6.402157004e-28
4.831936615e-30
0
0
6.753269433e-30
0
0
2.648312599e-29
1.693972376e-28
2.257482199e-28
5.111983525e-27
3.754040287e-28
1.286966149e-28
6.768519907e-30
0
0
9.694773093e-30
2.347358957e-30
0
4.141198288e-29
2.998540437e-28
0
0
0
4.714391858e-30
4.548201495e-28
3.27789624e-30
3.973615845e-29
1.346459688e-28
7.992143824e-30
2.967713103e-29
3.444798383e-28
1.088956477e-27
2.694747876e-28
4.44083152e-27
1.119551723e-28
1.331695321e-30
1.808364184e-30
1.340157282e-30
7.10472301e-29
5.363081135e-28
7.268866154e-29
0
0
4.76872305e-28
3.213512164e-28
3.017993407e-28
2.233022723e-28
1.495723382e-29
2.212780277e-30
0
0
2.31559996e-28
2.345418452e-29
7.845923683e-28
0
4.397965934e-28
0
2.262820141e-28
3.099249441e-28
4.119133789e-28
9.016388208e-29
1.693687362e-30
0
1.639336613e-30
0
0
0
6.218699987e-28
0
1.911600891e-28
6.159129696e-28
0
9.590533116e-27
3.823697225e-28
3.757103911e-30
0
5.659558198e-29
0
0
0
0
0
3.460230512e-28
3.366893108e-27
2.453867158e-25
8.632118743e-27
0
0
8.837383239e-30
0
1.458775813e-27
0
0
0
0
3.01691629e-26
1.514067734e-24
4.161103141e-26
0
0
0
4.74012532e-28
2.226458392e-27
7.61965938e-28
1.511319539e-29
0
0
4.964868368e-26
1.302839174e-24
1.665209007e-26
0
0
0
4.651502165e-29
1.827867157e-28
3.773425998e-29
0
0
0
1.095480855e-27
2.439538288e-26
0
1.284618826e-26
1.0649533e-25
5.747812185e-28
2.10963723e-28
0
4.04158518e-29
0
0
0
6.261953089e-27
1.789860387e-28
4.259824163e-27
2.317659812e-25
2.795952383e-24
1.218948554e-26
0
0
6.596897957e-26
1.090819496e-23
9.555607943e-24
5.099332447e-25
1.942389776e-24
2.930471418e-26
0
0
1.912468813e-26
0
0
8.404638049e-26
5.067355202e-25
6.279541872e-25
1.511063943e-23
1.197704566e-24
4.03919456e-25
2.323854752e-26
0
0
2.38807394e-26
6.304525625e-27
0
1.281104136e-25
9.040719467e-25
0
0
0
8.678775698e-27
1.390243875e-24
1.547266902e-26
1.148932386e-25
4.009192054e-25
1.638635337e-26
9.088429611e-26
1.046780416e-24
3.28099692e-24
8.239212353e-25
1.342114679e-23
3.381187876e-25
1.015853747e-26
7.548498822e-27
3.718384239e-27
2.115750621e-25
1.593253789e-24
2.198517294e-25
0
0
1.428563396e-24
9.766810503e-25
9.121462748e-25
6.880707425e-25
7.167894964e-26
7.821977962e-27
0
0
6.850285214e-25
7.079201687e-26
2.363806553e-24
0
1.408555515e-24
0
6.786010603e-25
9.789427596e-25
1.617154976e-24
2.841776848e-25
6.091170023e-27
0
4.505776059e-27
0
0
0
1.961732472e-24
0
4.850585426e-25
1.859150189e-24
0
2.891585326e-25
0
0
0
1.346847085e-28
0
0
0
0
0
1.034035706e-24
4.477379888e-26
1.739723132e-23
7.792831826e-25
0
0
2.732442948e-26
0
4.478617316e-24
0
0
0
0
1.856079207e-24
1.058192287e-22
4.013928051e-24
0
0
0
1.494626914e-24
6.753765963e-24
2.259750966e-24
5.320805061e-26
0
0
1.823626367e-24
9.58049299e-23
0
0
0
0
1.130588066e-25
5.85746552e-25
1.214657615e-25
0
6.62420365e-24
0
1.290822295e-25
1.714194662e-24
0
0
0
0
4.113993698e-25
0
2.212404814e-25
0
0
0
1.41201545e-23
5.274916002e-25
6.585912399e-26
1.560667561e-23
1.922814448e-22
0
0
0
1.86007598e-22
3.276484154e-20
2.850194539e-20
1.504187857e-21
5.828363633e-21
8.055535472e-23
0
0
5.785979145e-23
0
0
2.61081537e-22
1.545348718e-21
1.879031372e-21
4.558028991e-20
3.567554819e-21
1.204074715e-21
6.30395983e-23
0
0
7.819862589e-23
1.937205767e-23
0
3.956642417e-22
2.78011478e-21
0
0
0
2.212086853e-23
4.225807408e-21
4.518332897e-23
3.502457057e-22
1.188409661e-21
4.631462682e-23
2.791352181e-22
3.23568083e-21
1.013948826e-20
2.481993235e-21
4.065575097e-20
9.940033004e-22
2.973058927e-23
2.137334766e-23
1.029487467e-23
6.231491705e-22
4.738298655e-21
6.54711729e-22
0
0
4.380279706e-21
2.994094549e-21
2.746645742e-21
2.092652888e-21
2.095019051e-22
2.270099001e-23
0
0
2.03711153e-21
2.111463993e-22
7.157250867e-21
0
4.358525488e-21
0
2.067064284e-21
2.964253684e-21
4.929190364e-21
8.492844431e-22
1.727034228e-23
0
1.167458789e-23
0
0
0
6.154441365e-21
0
1.548618935e-21
5.61344357e-21
0
0
0
0
0
6.35904846e-25
0
0
0
0
0
3.136406309e-21
9.492290103e-23
0
1.04741535e-22
0
0
9.571824523e-23
0
1.383945891e-20
0
0
0
0
0
0
0
0
0
0
4.613175602e-21
2.076114299e-20
6.859866715e-21
1.463571967e-22
0
0
0
0
0
0
0
0
3.004446704e-22
1.821615326e-21
3.546030607e-22
0
0
0
2.519430062e-22
0
0
0
0
0
7.470568809e-22
0
8.925477228e-22
0
0
0
3.254602636e-20
1.209717173e-21
1.472148481e-22
1.653296692e-22
0
0
0
0
4.705768767e-19
1.661581206e-17
8.421639228e-17
4.254093745e-18
1.724869131e-17
1.916163139e-19
0
0
1.66249777e-19
1.405711323e-18
0
7.524312841e-19
4.473134894e-18
5.458807738e-18
1.34435425e-16
1.012358102e-17
3.516803615e-18
1.471723814e-19
0
0
2.373336649e-19
5.627252885e-20
0
1.142793253e-18
8.289637907e-18
0
0
0
6.016969254e-20
1.218937349e-17
1.15864099e-19
1.016929881e-18
3.43238868e-18
1.188658334e-19
8.310600431e-19
9.801741729e-18
3.04274565e-17
7.277626339e-18
1.528629619e-17
2.568498615e-18
7.532077323e-20
5.686314368e-20
2.678586895e-20
1.762833168e-18
1.387910988e-17
1.932211853e-18
0
0
1.326285452e-17
8.995536386e-18
7.94503896e-18
5.985114138e-18
5.375549597e-19
5.785288857e-20
0
0
5.9386178e-18
6.247847753e-19
2.122176358e-17
0
1.328540419e-17
0
6.030049603e-18
8.494698166e-18
1.415239555e-17
2.435453771e-18
4.770227234e-20
9.849714421e-20
3.331355229e-20
0
0
0
1.904480673e-17
0
4.676964943e-18
1.597545691e-17
0
0
0
0
0
3.251370153e-21
0
0
0
0
0
9.167252319e-18
2.49477866e-19
6.398201419e-21
3.081632402e-19
0
0
3.150394744e-19
0
4.189116423e-17
0
0
0
0
0
0
0
0
0
0
1.360758815e-17
6.140147778e-17
2.090306275e-17
4.098258187e-19
0
0
0
0
0
0
0
0
8.749259527e-19
5.345654197e-18
1.036426682e-18
0
0
0
6.533480804e-19
0
0
0
0
0
1.493614359e-18
0
2.895282902e-18
0
0
0
7.311647028e-17
2.409001521e-18
4.150710944e-19
4.387921198e-19
0
0
0
0
9.550740576e-16
1.144275507e-14
1.966571549e-13
9.764840327e-15
4.16313012e-14
3.127209411e-16
0
0
3.118033744e-16
0
0
1.522196221e-15
9.291843346e-15
1.184383566e-14
2.789744221e-13
2.031166528e-14
7.849172698e-15
2.420399703e-16
0
0
5.718491394e-16
3.437817266e-17
0
2.506554079e-15
1.967836188e-14
0
0
0
1.354435291e-16
2.652486477e-14
1.88412373e-16
2.322566276e-15
7.923236961e-15
2.04691328e-16
1.993896015e-15
2.378414417e-14
7.376908968e-14
1.867326839e-14
9.368990928e-15
5.784490496e-15
1.331165674e-16
1.022820972e-16
5.290484439e-17
4.063264372e-15
3.298262175e-14
4.724744445e-15
0
0
3.377421403e-14
2.347687479e-14
1.885093032e-14
1.330568338e-14
9.506480105e-16
1.031876265e-16
0
0
1.38765276e-14
1.481392652e-15
4.863304248e-14
0
3.41403028e-14
0
1.495995466e-14
1.971315221e-14
3.067823297e-14
5.613321349e-15
9.69490744e-17
0
7.530137205e-17
0
0
0
4.787363779e-14
0
1.240742286e-14
3.490029999e-14
0
0
0
0
0
6.617459271e-18
0
0
0
0
0
1.966438064e-14
4.799269305e-16
1.425359865e-17
6.906375394e-16
0
0
7.960965444e-16
0
1.018877061e-13
0
0
0
0
0
0
0
0
0
0
3.076125017e-14
1.382270732e-13
5.219514603e-14
9.492052074e-16
0
0
0
0
0
0
0
0
2.026609235e-15
1.157135899e-14
2.409530352e-15
0
0
0
1.415736327e-15
0
0
0
0
0
2.511524042e-15
0
7.600792108e-15
0
1.238711551e-14
0
1.186371803e-13
3.421233657e-15
9.404872417e-16
8.701045455e-16
0
0
8.12462639e-12
7.299137258e-13
1.055162743e-12
1.289600815e-11
2.021976053e-10
1.113828616e-11
4.805806072e-11
1.82012699e-13
7.103653142e-13
8.442619711e-12
2.542443486e-13
1.962745631e-12
1.767967195e-12
1.401186214e-12
8.980446858e-12
1.197855505e-11
2.232259592e-10
1.724955354e-11
7.552224416e-12
1.657108727e-13
7.85705576e-13
2.584316684e-11
1.160649539e-12
3.456245431e-14
1.733825453e-12
2.656357788e-12
2.311143261e-11
1.530089707e-11
2.242349682e-11
1.657220141e-12
1.11675554e-13
2.608431944e-11
1.065101049e-13
2.681539641e-12
8.764477861e-12
1.060807436e-13
2.169122984e-12
2.683952023e-11
8.949322238e-11
2.868127606e-11
1.309485022e-11
6.766657012e-12
8.904976885e-14
5.254795233e-14
4.065972279e-14
4.87877318e-12
3.710719812e-11
5.859713817e-12
1.179615665e-11
2.567796036e-11
4.670646087e-11
3.504474415e-11
2.465802144e-11
1.524446445e-11
7.045604319e-13
7.918283725e-14
1.326614764e-13
2.079888814e-11
1.592968186e-11
1.627999795e-12
5.386824562e-11
8.398935634e-11
4.591823941e-11
3.490257057e-11
2.139744615e-11
2.496285114e-11
3.316874764e-11
6.67814036e-12
8.974472438e-14
1.037305634e-13
8.404676605e-14
1.435182612e-13
1.439156863e-12
1.25463909e-11
5.701483982e-11
1.434496276e-10
1.624072446e-11
3.932031711e-11
1.977041441e-11
9.546394376e-13
7.853109954e-14
1.31249751e-15
1.612832975e-15
6.597481186e-15
1.573374251e-12
4.272512576e-11
7.094649303e-11
4.885218628e-12
1.365790034e-12
1.958404301e-11
4.035519451e-13
1.446416996e-14
7.178658722e-13
4.462466751e-15
2.252561524e-14
9.82695553e-13
5.294679472e-11
1.114926513e-10
3.074648352e-10
3.082709527e-12
1.459445506e-12
1.021078016e-12
1.333613168e-14
1.948120842e-15
7.203253071e-15
1.801533491e-13
1.609645342e-11
1.548897776e-12
3.219028085e-11
1.422139502e-10
6.033674184e-11
9.634851438e-13
2.064429188e-12
4.050387202e-13
7.594826589e-15
2.99605906e-14
6.221336419e-13
3.153266956e-11
8.094139045e-09
2.287650225e-11
2.180046482e-12
1.153472084e-11
2.860078219e-12
1.47434215e-12
2.138396489e-10
4.246939469e-11
9.837269241e-13
1.70691962e-12
4.538330751e-11
5.973728516e-12
1.837941552e-11
8.87936088e-12
2.114253428e-12
1.49874176e-11
1.143679121e-11
4.02945248e-12
3.01988617e-10
1.735894749e-10
3.754299466e-11
1.820064931e-12
1.136066947e-12
7.769906303e-13
1.707362152e-13
1.019702508e-11
1.539821123e-09
6.60859982e-10
9.313615736e-10
1.010207793e-08
1.452436738e-07
9.267102627e-09
3.743808358e-08
8.378022966e-11
7.376605262e-10
7.360616289e-09
1.326475861e-10
7.104204569e-10
1.456320993e-09
1.107811115e-09
6.856625273e-09
9.243112306e-09
1.365474614e-07
1.163947986e-08
5.147779462e-09
8.428358987e-11
7.283744091e-10
1.992421408e-08
9.73369743e-10
2.173017232e-11
1.513772219e-09
2.263070463e-09
2.058697837e-08
1.564482237e-08
1.882825918e-08
1.157224292e-09
5.190438117e-11
1.797415721e-08
5.681014908e-11
2.169292018e-09
6.617370154e-09
6.925205584e-11
1.769922962e-09
2.219859397e-08
7.899690205e-08
3.292082605e-08
1.358233512e-08
5.906448919e-09
2.350072264e-11
3.279115006e-11
1.341702435e-11
4.1196366e-09
2.83981408e-08
4.954317382e-09
1.000227795e-08
2.258180606e-08
4.953764221e-08
4.233323474e-08
2.509386435e-08
1.426818321e-08
2.727324232e-10
3.992801773e-11
4.722974844e-11
1.793361615e-08
1.260812551e-08
1.2947825e-09
4.459035664e-08
6.331673382e-08
4.565334901e-08
3.767667483e-08
2.332360177e-08
2.671807667e-08
2.609565655e-08
5.761998898e-09
4.624534658e-11
3.945261457e-11
2.555661751e-11
8.841182725e-11
1.916218754e-09
1.058596419e-08
4.895376501e-08
1.198314149e-07
1.507469296e-08
3.44180313e-08
1.492310933e-08
7.377975432e-10
6.631261861e-11
1.025295867e-12
1.432686952e-12
3.014252372e-12
1.450755633e-09
3.244636379e-08
5.541794957e-08
3.757595718e-09
1.237709724e-09
1.506870555e-08
1.614831096e-10
7.689361166e-12
5.658236179e-10
3.175944669e-12
3.473091249e-12
8.574207301e-10
4.495927752e-08
9.015441818e-08
2.269486024e-07
2.23460526e-09
1.148545658e-09
6.846510977e-10
4.755070677e-12
1.122943127e-12
3.190947742e-12
3.126812405e-11
7.524229954e-11
1.477658018e-09
2.576944693e-08
1.07474295e-07
4.87770871e-08
7.274152142e-10
8.892387017e-10
1.504397775e-10
7.466075691e-12
1.301709373e-11
2.214001578e-10
1.483120185e-08
2.95978728e-08
1.000862867e-08
1.812058131e-09
9.098488212e-09
2.577994086e-09
1.212782607e-09
1.594894028e-07
3.237643372e-08
7.471707804e-10
1.433273003e-09
3.382535892e-08
4.447398088e-09
5.427711761e-09
6.579691569e-09
1.516347445e-09
1.402004115e-08
1.211375759e-08
3.339273486e-09
2.13028812e-07
1.212596478e-07
1.058703629e-08
1.281054494e-09
9.693744949e-10
5.379958271e-10
9.298665172e-11
3.125073247e-09
1.942672207e-09
7.148946603e-10
1.071251388e-09
3.792446605e-08
1.062135888e-07
2.985339702e-08
4.466415527e-08
7.340511393e-10
1.391490821e-09
2.096376962e-08
1.633218235e-09
1.141319958e-09
4.349129298e-09
4.594571455e-09
3.059662599e-08
3.496012503e-08
9.964929379e-08
2.639684582e-08
1.065037465e-08
6.495915053e-10
1.558324274e-09
3.711505199e-08
8.678520396e-10
6.81840984e-11
7.798987547e-09
1.469276722e-08
3.690810666e-08
3.664256808e-08
4.487999562e-08
2.266837626e-09
5.089307747e-10
3.198794178e-08
4.086513129e-09
7.365002802e-09
1.888941976e-08
2.544674265e-09
6.494650897e-09
4.773198526e-08
6.508869101e-08
3.40547868e-08
4.261966521e-08
1.270273576e-08
6.254672936e-10
2.713867719e-09
5.607204485e-11
1.131402841e-08
3.781797709e-08
2.227419939e-08
3.833684228e-08
4.542371537e-08
4.019706838e-08
1.239215258e-08
1.812738995e-08
2.995895655e-08
2.385754645e-08
1.573196999e-08
1.785906407e-10
3.24822944e-08
3.378351319e-08
3.695584851e-09
5.866650619e-08
6.205853638e-08
4.613354065e-08
2.942110375e-08
3.119749091e-08
3.195461918e-08
4.060000102e-08
1.404128759e-08
1.279178083e-08
8.007689555e-10
4.919431493e-10
8.837476962e-10
8.822678147e-09
3.719457882e-08
5.874944079e-08
8.721303984e-08
4.236828426e-08
5.187952422e-08
2.641717905e-08
1.453621871e-09
4.712222109e-09
3.635253956e-10
5.775560717e-10
4.052409062e-10
4.844089114e-09
4.745203834e-08
6.545035396e-08
1.672551522e-08
4.911603133e-09
3.254436525e-08
8.946421736e-10
3.282809352e-10
3.529773496e-10
8.01167139e-10
8.172304963e-10
1.290543161e-09
5.506030882e-08
8.187850268e-08
1.363047732e-07
1.208463203e-08
3.592363646e-09
1.176881664e-09
2.986317481e-10
3.758868194e-10
3.080680925e-10
1.22272775e-09
4.855297681e-09
6.308549388e-09
4.17363728e-08
8.377413487e-08
5.784542246e-08
1.589944378e-09
3.669822227e-09
7.232704676e-10
7.872040183e-12
3.549280367e-10
6.095061816e-10
2.967183466e-08
2.655240757e-08
3.379068176e-08
9.329815023e-09
3.605333361e-08
1.682555673e-08
7.818693516e-09
1.150883976e-07
4.879836139e-08
1.272086192e-09
4.413675697e-09
4.68303976e-08
1.903422573e-08
1.685608759e-08
2.334899433e-08
4.454670661e-09
3.942652984e-08
4.125063154e-08
2.410601152e-08
1.309629689e-07
9.383857085e-08
3.154803714e-08
5.300806752e-09
5.062431075e-09
2.275382727e-09
1.066094784e-09
6.257300061e-09
2.858228804e-09
6.935730599e-10
7.449771984e-10
2.723894405e-08
7.063578523e-08
2.541259189e-08
3.17959898e-08
4.848132753e-10
1.338659744e-09
1.855344992e-08
1.290142941e-09
7.815190098e-10
5.62596602e-09
4.588364745e-09
2.15794817e-08
2.62306364e-08
6.743533388e-08
2.129223615e-08
7.053234214e-09
4.831652197e-10
1.409369494e-09
2.704220614e-08
5.380182802e-10
2.946224414e-10
1.012814557e-08
1.594390424e-08
2.957196641e-08
2.914854058e-08
3.219261905e-08
1.829048233e-09
4.51925546e-10
2.44930945e-08
5.424869596e-09
8.165650684e-09
1.674388431e-08
2.184384514e-09
8.624502987e-09
3.334969246e-08
4.45508662e-08
2.262535814e-08
2.870788738e-08
1.214236701e-08
4.857573915e-10
3.216301158e-09
1.03596017e-08
1.346155484e-08
2.837182754e-08
1.912343952e-08
2.729506959e-08
3.128807654e-08
2.454416093e-08
6.425127139e-09
1.21465647e-08
2.553227729e-08
2.960026762e-08
2.289314167e-08
2.969940007e-08
3.027873767e-08
2.256835718e-08
3.938271456e-09
4.465806893e-08
4.550290763e-08
3.36794974e-08
1.57810266e-08
2.025290886e-08
1.605785995e-08
2.821284681e-08
1.510038186e-08
2.031450575e-08
6.198369715e-10
3.173807e-10
5.298318488e-10
1.183151235e-08
2.698087232e-08
4.511378628e-08
5.612810138e-08
2.974936294e-08
3.508620453e-08
2.264401432e-08
1.542405836e-09
5.186900545e-09
1.840555781e-10
2.909826988e-10
1.940105462e-10
7.058748379e-09
3.805584166e-08
5.024361203e-08
1.761012092e-08
6.680182693e-09
2.694834648e-08
6.07690316e-10
1.23422199e-10
1.874577945e-10
4.279549878e-10
4.457224265e-10
7.600300427e-10
4.316436518e-08
5.93422123e-08
8.587735225e-08
1.333924979e-08
3.068383367e-09
7.574746568e-10
1.187449885e-10
1.654147248e-10
1.182138367e-10
8.257971379e-10
4.246713511e-09
7.166638156e-09
3.515254841e-08
5.684667405e-08
4.291677515e-08
1.62213293e-09
3.258234372e-09
4.900305834e-10
1.746882521e-10
1.510723138e-10
4.459874043e-10
2.548214658e-08
2.121885812e-08
2.566427134e-08
1.554514994e-08
2.616322877e-08
2.027082165e-08
1.188301698e-08
7.762978197e-08
3.781433253e-08
1.044638044e-09
4.179118558e-09
3.415037382e-08
1.725274567e-08
1.589616249e-08
2.26524887e-08
7.750554734e-09
3.393498074e-08
3.536326884e-08
2.322022159e-08
8.298985477e-08
6.395941323e-08
2.63532141e-08
8.866622372e-09
6.628772529e-09
2.924556266e-09
1.258452986e-09
9.47320668e-09
4.07851859e-09
5.717474684e-10
5.231013747e-10
2.456603786e-08
4.847892374e-08
2.026082494e-08
3.391334458e-08
3.366022456e-10
1.115562289e-09
1.490963192e-08
1.033533096e-09
1.007914259e-09
5.837579502e-09
3.577835181e-09
1.988312479e-08
2.098837874e-08
4.725728406e-08
1.605107355e-08
4.08386725e-09
2.663441253e-10
1.113138359e-09
2.283556849e-08
3.535657102e-10
2.457837385e-10
9.724620963e-09
1.303034007e-08
2.223307812e-08
2.195781429e-08
2.295905938e-08
1.304922047e-09
3.295968606e-10
1.743554779e-08
4.50587642e-09
7.266867158e-09
1.304915643e-08
1.490798234e-09
9.670588935e-09
2.348962207e-08
3.206554589e-08
1.618991401e-08
2.109295096e-08
1.022798969e-08
3.697002855e-10
2.520912385e-09
1.320105936e-08
1.215197784e-08
2.074903173e-08
1.563274288e-08
2.162743845e-08
2.272323414e-08
1.586863949e-08
4.001462575e-09
6.853282405e-09
1.957564478e-08
2.46482768e-08
2.071503632e-08
3.543781356e-08
2.360407923e-08
2.012908277e-08
3.554745865e-09
3.249638227e-08
3.318712662e-08
2.467483187e-08
8.698039801e-09
1.279693452e-08
9.508147409e-09
1.867978828e-08
1.263184156e-08
1.848784769e-08
4.379152854e-10
2.231151979e-10
2.729817645e-10
1.15793081e-08
2.186569105e-08
3.7103331e-08
3.703794915e-08
2.128508137e-08
2.453118264e-08
1.800117015e-08
1.283028994e-09
3.85118983e-09
7.823123772e-11
9.672074393e-11
6.28453519e-11
8.456643144e-09
3.233578314e-08
3.878278017e-08
1.5159221e-08
6.798631156e-09
2.136523653e-08
3.796907032e-10
4.361309446e-11
8.745581868e-11
1.503638124e-10
1.73242216e-10
3.631476265e-10
3.309415592e-08
4.335107678e-08
5.831419021e-08
1.157992143e-08
2.029600965e-09
4.167178747e-10
3.460510077e-11
4.265591205e-11
3.86184846e-11
4.562950688e-10
2.925400572e-09
6.859575318e-09
2.863016944e-08
3.983988866e-08
3.101271658e-08
1.396979883e-09
2.216821186e-09
3.956378712e-10
7.7482223e-11
6.461674683e-11
4.342198151e-10
2.100782306e-08
1.68490322e-08
2.008777194e-08
1.938867151e-08
1.936539346e-08
1.712140102e-08
1.288114882e-08
5.425827688e-08
3.449390895e-08
9.448050899e-10
3.528227452e-09
3.055022908e-08
1.363658414e-08
1.343109564e-08
1.920383303e-08
1.261379396e-08
3.075255747e-08
2.737330347e-08
1.746460859e-08
5.594274928e-08
4.480777852e-08
2.059901957e-08
1.059376073e-08
6.792651605e-09
2.999338405e-09
1.214729502e-09
1.175689713e-08
5.62597393e-09
4.288660982e-10
4.300367437e-10
2.536970248e-08
3.536947278e-08
1.646526322e-08
3.310610764e-08
2.761833191e-10
1.019103898e-09
1.232524779e-08
1.073864106e-09
2.030116772e-09
5.958608739e-09
2.845030318e-09
1.906911584e-08
1.682481366e-08
3.517830499e-08
1.890917157e-08
2.618134638e-09
1.449902718e-10
8.596564593e-10
1.895029349e-08
2.654931196e-10
2.446554815e-10
9.741951673e-09
1.110483495e-08
1.73435606e-08
1.750742191e-08
2.330949559e-08
1.166123995e-09
2.153464242e-10
1.226126386e-08
3.405074136e-09
6.395828638e-09
1.015404972e-08
1.279199391e-09
8.68332459e-09
1.76364231e-08
2.37208937e-08
1.089057788e-08
1.528984671e-08
8.920827455e-09
2.932446187e-10
1.986695473e-09
1.182016017e-08
1.009837418e-08
1.570312156e-08
1.356279406e-08
1.64741961e-08
1.740667668e-08
1.067222809e-08
2.388838894e-09
4.696451011e-09
1.53915138e-08
1.892923668e-08
1.552324205e-08
2.665093961e-08
1.848571861e-08
1.96651449e-08
3.302725889e-09
2.426970997e-08
2.489547148e-08
1.870287546e-08
5.037796443e-09
8.568368659e-09
5.974752672e-09
1.383096857e-08
1.003151226e-08
1.424616437e-08
3.598536317e-10
1.970773734e-10
1.944211023e-10
1.09151573e-08
1.663268178e-08
2.892113489e-08
2.596967255e-08
1.664985061e-08
1.820547802e-08
1.48720495e-08
1.072274448e-09
2.531232047e-09
3.532038217e-11
2.98751119e-11
2.113522065e-11
9.707208547e-09
2.436804234e-08
2.970561695e-08
1.281567988e-08
6.585705129e-09
1.727933866e-08
2.731948728e-10
1.688125091e-11
3.785342511e-11
4.859143471e-11
7.404947881e-11
2.040427725e-10
2.622106448e-08
3.283205233e-08
4.238524754e-08
1.025479337e-08
1.373877669e-09
2.422221183e-10
1.080662333e-11
1.0722651e-11
1.693235547e-11
3.502760267e-10
2.416272292e-09
6.633067782e-09
2.406478706e-08
2.910372314e-08
2.331140675e-08
1.322897213e-09
1.707357042e-09
4.859648912e-10
3.128143573e-11
4.646583274e-11
5.148365884e-10
1.799854392e-08
1.455930814e-08
1.649465153e-08
2.201305512e-08
1.497893192e-08
1.525392155e-08
1.257346603e-08
4.064697993e-08
4.180830264e-08
1.080706747e-09
3.231742502e-09
3.08403531e-08
1.155599671e-08
1.160183436e-08
1.738515182e-08
1.797946195e-08
2.342629555e-08
2.147489496e-08
1.594276592e-08
4.045589333e-08
3.342378904e-08
1.869153368e-08
1.11918062e-08
6.58278119e-09
3.098545646e-09
1.301911913e-09
1.291484822e-08
7.184259006e-09
3.422488752e-10
3.800886046e-10
2.444626738e-08
2.749983234e-08
1.792897633e-08
2.724263269e-08
2.279530611e-10
9.760280896e-10
1.028280139e-08
1.137821845e-09
2.682844689e-09
6.178565851e-09
2.431607751e-09
1.717511054e-08
1.53051436e-08
2.784022087e-08
2.063287424e-08
1.8421176e-09
9.509769243e-11
7.665505759e-10
1.675047741e-08
2.221759579e-10
2.382558669e-10
7.846371432e-09
9.769891009e-09
1.426109655e-08
1.446407064e-08
2.420675856e-08
1.235299221e-09
1.461942847e-10
8.553166166e-09
2.707253151e-09
5.643207366e-09
7.990378699e-09
1.327244405e-09
7.679683804e-09
1.425688419e-08
1.82414641e-08
7.850526944e-09
1.304322036e-08
7.749458987e-09
2.649470745e-10
1.78007942e-09
9.452600867e-09
8.607951886e-09
1.379022911e-08
1.205682554e-08
1.469519698e-08
1.39104527e-08
7.360932481e-09
1.400896616e-09
3.491035425e-09
1.208031977e-08
1.525290084e-08
1.146632687e-08
1.819424684e-08
1.510905723e-08
1.805907503e-08
3.215565365e-09
1.909173738e-08
1.966518136e-08
1.472771214e-08
3.164727705e-09
5.81525456e-09
4.158716986e-09
1.105210959e-08
8.30507561e-09
1.121431868e-08
3.144618675e-10
1.69322662e-10
1.62542946e-10
1.027711859e-08
1.381402308e-08
2.281862256e-08
1.930384841e-08
1.352980653e-08
1.527112552e-08
1.264140284e-08
9.73095714e-10
1.617430156e-09
1.850662571e-11
9.80478517e-12
8.550337127e-12
1.073090262e-08
1.985019154e-08
2.397897461e-08
1.109824759e-08
7.01625519e-09
1.426426934e-08
2.182460692e-10
9.517730477e-12
1.797999323e-11
1.765830366e-11
4.464207383e-11
1.439142757e-10
2.160116976e-08
2.647028499e-08
3.284922256e-08
9.845927098e-09
1.028781009e-09
1.706789387e-10
4.456969239e-12
3.069049433e-12
1.105261706e-11
3.067501814e-10
2.352559531e-09
6.5317537e-09
2.089451238e-08
2.282675287e-08
2.294310614e-08
1.426313004e-09
1.561972086e-09
5.261534186e-10
2.221699958e-11
4.20539209e-11
5.134780566e-10
1.573932036e-08
1.500540235e-08
1.489985097e-08
2.348545066e-08
1.304101387e-08
1.368700624e-08
1.244821724e-08
3.771738966e-08
4.195688658e-08
1.395920159e-09
3.137721157e-09
2.68767299e-08
1.007401072e-08
1.026795568e-08
1.609219471e-08
2.216982093e-08
2.052667759e-08
1.753570957e-08
1.560449356e-08
3.13140738e-08
2.639403948e-08
2.025347153e-08
1.111034391e-08
6.256830232e-09
3.326019052e-09
1.569294333e-09
1.307007931e-08
8.191443737e-09
3.025528452e-10
3.374267061e-10
2.22738458e-08
2.44058978e-08
1.947199495e-08
2.104867518e-08
1.853816456e-10
1.003373223e-09
8.554135478e-09
1.247386954e-09
3.164233205e-09
6.336159588e-09
2.200184118e-09
1.508248747e-08
1.502087094e-08
2.391942469e-08
2.043410245e-08
1.371311037e-09
6.887110885e-11
6.638581699e-10
1.249007472e-08
1.854455576e-10
2.332145272e-10
6.899430705e-09
8.790310056e-09
1.374819238e-08
1.254142619e-08
2.369303102e-08
1.33893931e-09
1.067310146e-10
5.948901919e-09
2.309038294e-09
4.975450719e-09
6.423563793e-09
1.464857885e-09
7.079024296e-09
1.239023255e-08
1.468657391e-08
6.006633012e-09
1.179951017e-08
6.830909577e-09
2.624355324e-10
1.794102539e-09
7.730213053e-09
7.039834354e-09
1.294585807e-08
1.075995081e-08
1.403484112e-08
1.191373805e-08
5.485502555e-09
9.933026311e-10
2.839613861e-09
1.00124842e-08
1.273623863e-08
8.811489906e-09
1.252162392e-08
1.274517466e-08
1.598061186e-08
3.225696171e-09
1.622612339e-08
1.621284297e-08
1.193475651e-08
2.24111416e-09
4.159005858e-09
3.308649182e-09
9.236481417e-09
6.722256441e-09
9.209701041e-09
3.07449434e-10
1.427383606e-10
1.466493447e-10
9.651123945e-09
1.223163938e-08
1.853880932e-08
1.508465568e-08
1.163898229e-08
1.378288395e-08
1.095565068e-08
9.451071873e-10
1.087965413e-09
1.182023347e-11
4.023692497e-12
4.764993527e-12
1.133877765e-08
1.741094337e-08
1.996358851e-08
9.954471563e-09
5.929865458e-09
1.216741252e-08
1.876221455e-10
7.495028223e-12
1.022604471e-11
8.363956471e-12
3.707468604e-11
1.219555995e-10
1.910315883e-08
2.178279818e-08
2.685729803e-08
9.634104895e-09
8.486501195e-10
1.331624145e-10
2.689193696e-12
1.268661464e-12
9.071871228e-12
2.852215466e-10
2.452475201e-09
6.490398231e-09
1.958789434e-08
1.888495523e-08
2.279181344e-08
1.641116471e-09
1.581238877e-09
5.083479495e-10
2.360397557e-11
4.136905782e-11
4.708470295e-10
1.394706098e-08
1.466617765e-08
1.41804857e-08
2.374743175e-08
1.264037416e-08
1.264890595e-08
1.234028416e-08
3.782222904e-08
3.896361366e-08
1.837294724e-09
3.163571584e-09
2.207727337e-08
8.865973431e-09
9.208285563e-09
1.49078511e-08
2.411026977e-08
1.875663781e-08
1.520986661e-08
1.535425869e-08
2.560377326e-08
2.239105289e-08
2.063501365e-08
1.066519995e-08
5.970545566e-09
3.547811775e-09
2.009690768e-09
1.258313211e-08
2.610345885e-38
0
4.176236967e-39
1.142367836e-39
1.420203587e-39
1.136996005e-39
2.941576604e-39
3.661639963e-39
9.494350648e-40
1.423882159e-39
8.792110638e-39
9.250429094e-38
1.736727066e-37
2.024818971e-38
7.883487796e-38
5.31178314e-39
4.533644756e-38
2.138988006e-36
1.891473122e-36
5.553664021e-39
1.437989458e-37
3.41112487e-36
1.754355279e-35
2.492190561e-37
1.558395642e-36
5.018417276e-36
7.329233171e-35
3.465694302e-34
8.9150963e-36
6.126752616e-35
6.899607104e-35
6.147849844e-34
2.552038115e-33
1.237390785e-34
9.633513244e-34
4.380311699e-36
1.793313093e-35
6.105957315e-35
1.597332187e-36
7.707796619e-36
4.228665037e-35
8.93362485e-37
7.24702039e-37
3.166747613e-36
1.180949629e-37
9.430196044e-34
1.977700119e-35
4.088196922e-37
9.357063742e-36
3.165945282e-37
6.666705267e-33
3.476911234e-34
6.091035256e-35
1.209084278e-33
3.53858588e-35
2.968488903e-33
2.542256237e-34
2.794091177e-34
6.373093681e-35
5.4481918e-35
8.152471155e-35
0
1.23054488e-35
3.438779321e-36
4.283442035e-36
3.488593336e-36
9.020392309e-36
1.122520785e-35
2.879710195e-36
4.282702836e-36
2.640186382e-35
2.876655396e-34
5.385915579e-34
6.047517877e-35
2.421064683e-34
1.560703627e-35
3.247705709e-35
1.015018825e-33
8.856359787e-34
0
2.86370035e-35
9.072740652e-34
3.819263961e-33
2.720813374e-35
4.330861624e-34
1.256702144e-33
1.982140625e-32
8.283440828e-32
1.209632094e-33
1.748761781e-32
2.333179121e-32
1.736632135e-31
6.52415548e-31
3.140492479e-32
3.501973217e-31
1.255609084e-33
4.47569349e-33
1.386925459e-32
2.074835972e-34
1.71256905e-33
1.168629086e-32
1.427140298e-34
1.15558707e-34
8.918629056e-34
2.27586734e-35
3.28859787e-31
4.372854953e-33
1.389375503e-34
2.271073135e-33
5.689691859e-35
1.139684979e-30
6.093807794e-32
1.617691634e-32
4.912182469e-31
9.959371069e-33
2.938692645e-31
3.531002913e-32
8.186043192e-32
1.279233955e-32
6.810737411e-33
2.539237274e-31
0
3.609621834e-32
1.029895826e-32
1.28295878e-32
1.039223437e-32
2.651344279e-32
3.391417831e-32
8.762624452e-33
1.292325368e-32
7.845858276e-32
8.670854048e-31
1.643192684e-30
1.824850424e-31
7.389146134e-31
4.68257016e-32
8.914819606e-32
9.481932463e-31
7.858907982e-31
0
0
1.084320012e-31
1.306600512e-31
5.489909067e-32
1.815501327e-32
8.294240571e-33
2.888337555e-30
9.698335852e-30
0
1.537719278e-30
5.432858513e-30
3.430388485e-29
1.225024921e-28
5.558531579e-30
1.116167982e-28
2.306000692e-31
7.215591816e-31
2.158305755e-30
0
2.190091646e-31
2.113929463e-30
4.362375297e-32
7.12738556e-33
2.15964099e-31
2.644115569e-33
1.151840861e-28
1.768518801e-30
3.7334533e-31
3.976643825e-31
5.644942023e-33
8.645248545e-29
5.555858368e-30
3.395584476e-30
1.823594746e-28
2.185040692e-30
0
6.917762004e-30
1.805384298e-29
1.837625865e-30
1.459703428e-31
7.969510815e-28
0
1.080155989e-28
3.123672283e-29
3.88029645e-29
3.095515505e-29
7.698543897e-29
1.014727522e-28
2.643102158e-29
3.860431841e-29
2.339176485e-28
2.582493499e-27
4.937022966e-27
5.418601012e-28
2.210341126e-27
1.401142011e-28
2.588175885e-28
2.836197777e-27
2.340868243e-27
0
0
1.003004418e-29
2.673122124e-28
1.758235394e-28
0
0
6.611432506e-29
6.764958816e-28
0
0
6.507950614e-28
4.530004666e-27
1.417652318e-26
2.208018375e-28
3.546961155e-26
2.846325363e-29
6.1855683e-29
1.572653548e-28
0
0
2.528234983e-28
1.257750242e-28
1.694146289e-29
4.341753679e-29
0
4.103531003e-26
5.035117111e-27
1.092537462e-27
3.395550666e-29
7.29058069e-31
0
4.527206446e-28
6.071756009e-28
5.525112892e-26
2.597951737e-28
0
1.981481727e-26
1.469569299e-27
1.391867278e-28
4.154329281e-28
2.478651974e-24
0
3.221887694e-25
9.501841568e-26
1.164157728e-25
8.644792228e-26
2.285957329e-25
2.990245835e-25
7.880445747e-26
1.125827326e-25
5.933673766e-25
7.618532149e-24
1.457643574e-23
1.586254016e-24
6.459126109e-24
4.209492965e-25
7.418559561e-25
8.375689722e-24
6.926348452e-24
0
0
2.739203863e-26
8.010071403e-25
6.077182223e-25
0
0
1.225854544e-25
1.817874291e-24
0
0
0
2.263532417e-25
0
0
3.603061454e-23
7.922950485e-27
4.022281908e-27
3.004287056e-26
0
0
5.034314049e-25
3.743873149e-25
5.112604373e-26
0
0
1.982390864e-23
1.506927539e-23
3.317252245e-24
7.389781382e-26
2.034469549e-27
0
1.225052006e-24
1.103710876e-25
0
1.047284272e-25
0
5.895737692e-23
1.743997438e-24
2.211786243e-25
1.216578304e-24
7.601149096e-21
0
9.786325611e-22
2.807217903e-22
3.41741833e-22
2.520174443e-22
6.535233075e-22
8.258361001e-22
2.255698886e-22
3.04684201e-22
1.735752479e-21
2.232704913e-20
4.265493385e-20
4.504114979e-21
1.87986196e-20
1.249916885e-21
2.079338721e-21
2.462328911e-20
2.058246944e-20
0
4.760709078e-24
6.817622423e-23
2.374365133e-21
2.032493617e-21
0
0
3.288739989e-22
5.841079102e-21
0
0
0
0
2.487221374e-20
0
1.090282602e-19
1.356041939e-23
8.714439386e-24
1.082936632e-22
0
0
1.349708128e-21
1.057693786e-21
1.47640741e-22
0
0
4.147347803e-20
4.552254796e-20
9.986893435e-21
2.317565443e-22
5.947438764e-24
0
3.836680797e-21
3.827046961e-22
1.839104642e-19
3.632346328e-22
0
1.821199715e-19
6.403482425e-21
7.569867444e-22
3.547957965e-21
2.277762526e-17
0
2.889223377e-18
8.109810847e-19
9.753618804e-19
7.115049256e-19
1.680776467e-18
1.964855941e-18
6.078468219e-19
6.977751917e-19
4.899527292e-18
6.452745034e-17
1.216701655e-16
1.265083982e-17
5.442712985e-17
3.726959692e-18
5.836089523e-18
7.201185539e-17
6.053417774e-17
0
3.356995175e-20
1.662113026e-19
6.953033361e-18
6.240019517e-18
0
0
8.648559437e-19
1.689062821e-17
0
0
0
3.925690159e-20
7.406742363e-19
0
0
2.870364579e-20
1.779596991e-20
3.184738069e-19
0
0
3.622995725e-18
2.79214937e-18
3.823077531e-19
1.317668753e-20
0
1.233091599e-16
1.331828078e-16
2.915835652e-17
5.052749458e-19
1.6719301e-20
0
1.169699123e-17
6.193438003e-19
4.652666551e-20
6.329743174e-19
0
5.540998878e-16
9.527406254e-18
1.70173385e-18
1.007402952e-17
5.657356964e-14
0
7.120693374e-15
1.964153943e-15
2.290859114e-15
1.681473546e-15
3.296545584e-15
3.257989792e-15
1.332077002e-15
1.002940527e-15
1.095087979e-14
1.472661215e-13
2.679153259e-13
2.824138713e-14
1.215413016e-13
9.43000819e-15
1.421751604e-14
3.763138726e-14
3.142893258e-14
0
1.019758281e-16
3.428912254e-16
1.715194588e-14
1.528910287e-14
0
0
1.955984537e-15
3.582514526e-14
0
0
0
3.717914163e-17
1.423299972e-15
0
0
5.409815299e-17
3.006634938e-17
7.508988499e-16
0
0
7.68612908e-15
5.570173158e-15
6.986081598e-16
3.016421038e-17
0
2.87817307e-13
3.036600904e-13
6.682504484e-14
1.049391886e-15
3.553139532e-17
0
2.784457087e-14
1.40676802e-15
6.074964376e-17
1.589509625e-15
0
1.248570589e-12
1.960805474e-14
3.580129877e-15
2.015917554e-14
6.888621831e-11
2.839898697e-11
8.894219023e-12
2.416505414e-12
2.725390302e-12
2.180754036e-12
3.400547546e-12
2.342168873e-12
1.475831373e-13
4.065015756e-13
1.189594719e-11
1.614403847e-10
2.75442034e-10
3.095315666e-11
1.205306388e-10
1.257776357e-11
2.02079655e-11
4.803670837e-11
3.995531754e-11
1.02509775e-11
1.02321179e-13
3.101887811e-13
2.353729354e-11
2.099327521e-11
2.514555944e-13
6.842188764e-12
2.585988313e-12
3.674381363e-11
5.332549842e-11
5.133816071e-11
7.62715786e-14
3.749504798e-14
1.104208397e-12
2.943646575e-12
3.323385765e-13
4.488761217e-14
2.07350685e-14
8.224054646e-13
3.157726459e-12
6.92515452e-12
7.997554081e-12
4.833071211e-12
4.173719439e-13
2.780682713e-14
5.142891524e-14
2.872024521e-10
3.011226786e-10
6.909344893e-11
6.594004768e-13
2.903405805e-14
3.225875303e-10
2.505486668e-11
1.435852838e-12
5.731755262e-14
1.986500245e-12
3.090323169e-09
1.001004363e-09
7.860814825e-12
3.204438181e-12
2.235316852e-11
5.795314666e-08
2.476152705e-08
7.787112306e-09
2.173945998e-09
2.38842678e-09
2.111366814e-09
3.045459875e-09
1.851518331e-09
4.181416078e-11
1.208474406e-10
1.053678624e-08
1.237036863e-07
1.979507855e-07
2.423540989e-08
8.728110787e-08
1.112244554e-08
1.995807461e-08
4.430741564e-08
3.620216604e-08
9.999805413e-09
4.406867333e-11
1.263816197e-10
2.273114444e-08
2.146441537e-08
1.320740695e-10
5.790937672e-09
2.513977487e-09
2.802829487e-08
3.752978223e-08
3.981373971e-08
4.015832045e-11
1.987896844e-11
6.998128534e-10
2.160302995e-09
1.388225891e-10
1.768619785e-11
9.385630203e-12
6.725657391e-10
2.18570197e-09
5.192584986e-09
6.891663291e-09
3.455421138e-09
1.370660793e-10
1.166288885e-11
2.666816116e-11
2.031885239e-07
2.060182373e-07
4.880296316e-08
1.571125099e-10
1.372543074e-11
2.131740305e-07
1.614793904e-08
1.194671326e-09
3.602750598e-11
1.650847307e-09
3.711184963e-08
5.117143128e-08
2.649640105e-09
2.210094597e-09
1.431950625e-08
5.636500473e-08
3.827850776e-08
2.877038923e-08
1.209260793e-08
1.982624341e-08
1.374632817e-08
1.377331468e-08
4.275427722e-09
1.098905532e-09
4.02521918e-09
3.686123592e-08
9.181309105e-08
1.09998299e-07
3.984920807e-08
6.60710189e-08
3.153502228e-08
4.538411802e-08
4.58455866e-08
4.038818636e-08
2.438455914e-08
6.328643963e-09
1.104001142e-08
4.072172017e-08
4.04605473e-08
1.798443254e-08
1.977682989e-08
1.119335547e-08
3.423874229e-08
4.155880482e-08
4.754629676e-08
7.475999682e-10
4.267650556e-10
8.596991375e-10
5.118886245e-09
1.436071097e-09
9.457602872e-10
9.447714613e-10
4.744379483e-10
4.98730981e-09
2.189301711e-08
2.915244747e-08
9.085072501e-09
8.08435023e-10
1.615934393e-11
5.926991785e-11
1.17339469e-07
1.14174132e-07
6.135553287e-08
8.116391287e-10
2.994378969e-11
1.021758247e-07
3.083400345e-08
1.948901875e-09
7.479465745e-10
5.063781032e-09
3.38205107e-08
3.346434481e-08
8.809721948e-09
8.271813751e-09
2.405425809e-08
4.026483498e-08
3.026895774e-08
1.983105758e-08
1.420487717e-08
1.287578565e-08
1.574172148e-08
1.421248715e-08
4.374003652e-09
1.059387278e-09
3.835336441e-09
2.710598771e-08
6.232126237e-08
6.706262017e-08
3.322320466e-08
4.440555542e-08
2.27841085e-08
3.146835731e-08
3.401217739e-08
2.995397915e-08
2.048188809e-08
8.061423503e-09
1.675788865e-08
2.899542227e-08
2.671058993e-08
2.521723397e-08
1.734750661e-08
1.278321735e-08
2.564564714e-08
3.182984656e-08
3.580240658e-08
4.530335652e-10
2.34456352e-10
6.4889682e-10
4.247634371e-09
1.018806097e-09
6.23255078e-10
5.35841936e-10
2.56313219e-10
3.907503368e-09
2.089633551e-08
1.925602676e-08
7.676257458e-09
5.19255565e-10
2.362100025e-10
4.496796415e-11
7.231362379e-08
7.145390009e-08
4.293158403e-08
5.027487561e-10
3.404584386e-10
5.792318358e-08
2.438325117e-08
1.59772996e-09
5.031747727e-10
4.032766505e-09
2.743973023e-08
2.217602025e-08
9.973246318e-09
1.009304919e-08
1.452504746e-08
4.423807877e-08
2.308028787e-08
1.423107491e-08
1.253467346e-08
8.826348551e-09
1.432593142e-08
1.189194812e-08
3.788393439e-09
7.548364906e-10
2.380689434e-09
2.0460943e-08
4.391426511e-08
4.520187808e-08
2.611703897e-08
3.051460804e-08
1.560032492e-08
2.294325546e-08
2.532441637e-08
2.21622458e-08
1.600180258e-08
7.479791296e-09
1.670545632e-08
1.917912337e-08
1.856927096e-08
2.800701628e-08
1.362754392e-08
1.183448351e-08
1.871729464e-08
2.369877511e-08
2.608338048e-08
2.080572375e-10
1.271658888e-10
4.440486572e-10
2.963679111e-09
6.435290149e-10
3.143007532e-10
2.116112434e-10
1.330864636e-10
2.477054704e-09
1.666631413e-08
1.710966847e-08
5.441039284e-09
3.085796358e-10
1.025111829e-10
3.916846134e-11
4.902777768e-08
5.038186913e-08
2.405552066e-08
2.804337143e-10
8.638065486e-11
3.968974591e-08
2.85012454e-08
1.242672156e-09
2.874719193e-10
2.077017586e-09
2.179796528e-08
1.56740869e-08
9.424657152e-09
9.836293734e-09
8.800585871e-09
4.44310765e-08
1.847356449e-08
1.128592864e-08
1.107548117e-08
6.673299421e-09
1.274837337e-08
1.022415129e-08
3.544650596e-09
6.41248319e-10
1.687447231e-09
2.111229525e-08
3.276434902e-08
3.324883658e-08
2.27752235e-08
2.279420086e-08
1.261407007e-08
1.822149179e-08
1.967175727e-08
1.716190555e-08
1.270763998e-08
7.081400418e-09
1.433159854e-08
1.387406581e-08
1.362084199e-08
1.814265373e-08
1.094798099e-08
1.106782431e-08
1.794456273e-08
1.821167502e-08
2.387389504e-08
1.152324579e-10
8.862500681e-11
3.52325828e-10
2.123191357e-09
4.637225031e-10
2.284557336e-10
9.14369412e-11
7.038977806e-11
1.443243064e-09
9.937351868e-09
1.680013428e-08
3.854954103e-09
1.670769201e-10
3.360224422e-11
1.771483968e-10
3.710753256e-08
4.937617014e-08
1.272276115e-08
1.512096499e-10
1.897635873e-11
3.146754628e-08
2.860102114e-08
1.027102558e-09
1.695280749e-10
8.913692349e-10
1.74633217e-08
1.200440479e-08
8.805878778e-09
9.248566802e-09
8.649869475e-09
3.860100257e-08
1.590431543e-08
1.065531405e-08
9.894902435e-09
6.793457267e-09
1.140905464e-08
9.073278931e-09
3.493154413e-09
6.812463028e-10
1.458525081e-09
2.25654067e-08
2.593461471e-08
2.643293266e-08
2.408269937e-08
1.894938515e-08
1.130686213e-08
1.460823091e-08
1.598070304e-08
1.401220908e-08
1.061190989e-08
6.75808025e-09
1.17450743e-08
1.145039862e-08
1.106387667e-08
1.28555012e-08
9.088966308e-09
1.059517241e-08
1.910707801e-08
1.721427489e-08
2.585800163e-08
7.965426914e-11
7.580074971e-11
3.040901536e-10
1.048780067e-09
3.836372572e-10
1.884456713e-10
4.776183253e-11
3.82760064e-11
8.014851588e-10
5.425255969e-09
1.543553195e-08
2.797975407e-09
9.381997041e-11
1.20341755e-11
5.528322145e-11
3.106115722e-08
5.076993671e-08
6.781180506e-09
8.20252012e-11
4.745134669e-12
2.750387728e-08
2.538413471e-08
8.78024993e-10
1.139547829e-10
3.638566542e-10
1.452210772e-08
1.193516937e-08
8.355653095e-09
8.774160654e-09
9.581985963e-09
3.197979164e-08
1.500541093e-08
1.020638714e-08
8.994938653e-09
6.416455415e-09
1.035432239e-08
8.103866756e-09
3.438842035e-09
8.419394943e-10
1.447474563e-09
2.23582978e-08
2.198456398e-08
2.407465695e-08
2.384710724e-08
1.716917636e-08
1.035487729e-08
1.253447816e-08
1.352126037e-08
1.195561669e-08
9.116190484e-09
6.248340344e-09
9.606827247e-09
9.966567317e-09
9.906208679e-09
9.732151114e-09
7.791051567e-09
1.02596634e-08
1.912954659e-08
1.702589995e-08
2.383927833e-08
6.320061413e-11
7.161339798e-11
2.939697259e-10
1.019481201e-09
3.491749135e-10
1.601178154e-10
2.946161903e-11
2.134918995e-11
4.037826834e-10
2.843604343e-09
1.372449771e-08
2.083288758e-09
5.531581885e-11
4.750452559e-12
1.785875854e-11
2.934110647e-08
4.6789809e-08
3.730933808e-09
4.551144554e-11
1.601243727e-12
2.706517113e-08
2.17599138e-08
7.757345032e-10
8.626612653e-11
1.651449981e-10
1.372173767e-08
1.166356891e-08
7.979404286e-09
8.166082684e-09
8.807189504e-09
4.791731246e-33
4.274288336e-33
4.40871217e-32
1.378683281e-33
3.595220376e-35
3.070657e-32
2.635529548e-33
3.85887969e-33
1.138136909e-34
3.022577882e-36
2.902012014e-33
3.361434618e-34
2.176830776e-34
5.285753793e-34
2.891651897e-35
1.07915217e-34
8.236199e-36
6.057400988e-36
2.362098179e-34
1.776282012e-34
4.050727945e-34
1.646927954e-35
3.874176153e-37
1.549971058e-36
3.122370656e-36
5.143800855e-33
3.846936423e-34
3.724828127e-36
1.059062608e-36
2.18832194e-37
0
0
0
0
0
0
0
0
0
0
0
0
0
0
0
0
0
0
0
0
0
0
0
0
3.350297588e-35
3.813701096e-35
3.473036888e-35
0
0
0
8.225860754e-31
1.367678437e-30
1.891546981e-29
4.068759852e-31
7.831448674e-33
8.847854158e-30
7.536432783e-31
1.490287081e-30
3.032041586e-32
6.420811118e-34
8.632027021e-31
1.039409671e-31
7.331484125e-32
2.595304407e-31
1.216746086e-32
1.953978755e-32
1.083672094e-33
2.08994886e-33
1.149565473e-31
8.625300515e-32
4.406769538e-32
0
0
5.023968751e-34
9.63985639e-34
5.892368719e-31
6.318883714e-32
0
5.827597236e-34
1.416818272e-34
0
0
0
5.185135996e-34
6.361392499e-35
0
0
0
3.771750319e-35
1.715914289e-34
0
0
0
6.147384486e-35
8.357328144e-34
0
0
0
1.341241766e-34
2.166409629e-33
0
0
0
4.109363468e-35
4.452094644e-34
5.666388814e-34
0
0
2.109273099e-35
3.02915537e-35
6.2461625e-29
3.365127185e-28
7.601424707e-27
9.363866808e-29
1.183661033e-30
1.781021127e-27
1.500727397e-28
4.697102707e-28
4.475382472e-30
7.463148139e-32
1.486686632e-28
2.072142059e-29
1.495054581e-29
1.171900164e-28
4.257628971e-30
8.557522486e-31
0
6.539371855e-31
5.030509632e-29
3.681307309e-29
3.02952559e-30
0
0
1.1619846e-31
2.559883461e-31
8.711592153e-29
0
0
0
9.522846632e-32
0
0
0
1.481105588e-30
1.113668158e-31
0
0
0
3.166739326e-32
4.341197512e-31
0
0
0
9.581388091e-32
2.367072114e-30
0
0
0
2.917663107e-31
6.303901906e-30
0
0
0
3.057416457e-32
1.224548933e-30
1.622666823e-30
0
0
0
6.127218059e-33
0
5.232649963e-26
2.432150481e-24
3.902589948e-27
4.385841734e-29
1.814380093e-25
1.597602608e-26
1.157180185e-25
0
0
8.525577732e-27
3.4725205e-27
1.258725964e-27
5.241788445e-26
9.580271493e-28
3.118447262e-28
0
1.558389401e-28
2.211768588e-26
1.552995163e-26
8.964932422e-27
0
0
0
5.438764018e-29
2.636801685e-25
0
0
0
3.8986461e-29
0
0
0
4.488637852e-27
3.402343733e-28
1.379600981e-29
0
0
9.125668264e-29
1.322294965e-27
0
0
0
2.59901435e-28
7.052041439e-27
0
0
0
7.915325816e-28
1.89027495e-26
0
0
0
6.942413848e-29
3.662694011e-27
5.000781186e-27
0
0
0
1.766998381e-29
0
9.133840253e-24
0
0
0
3.277267707e-25
6.057320947e-25
4.724757342e-23
0
0
1.4080868e-24
1.181768763e-24
1.787700476e-25
4.801383549e-23
1.703255053e-25
8.621095347e-25
0
0
2.151112763e-23
1.432691926e-23
2.670655286e-23
0
0
0
0
8.275676146e-22
0
0
0
0
0
0
0
1.284957603e-23
1.101709024e-24
9.024799811e-26
0
0
2.529110976e-25
4.075988884e-24
0
0
0
7.132083668e-25
2.167250132e-23
0
0
0
2.182238978e-24
5.753255222e-23
0
0
0
1.577706351e-25
1.10430715e-23
1.592748625e-23
0
0
0
7.113581146e-26
0
1.851994313e-20
1.094771533e-17
0
1.314223343e-23
8.058545654e-22
2.017348959e-22
1.489070349e-19
0
0
4.188908694e-21
1.305793185e-21
3.931513738e-22
1.452691124e-19
1.997777304e-22
2.394478485e-21
0
3.850741459e-22
6.566679853e-20
4.350049098e-20
7.688702445e-20
0
0
0
0
2.527927665e-18
0
0
0
0
0
0
0
3.804140933e-20
3.202655469e-21
8.993150596e-22
0
0
7.213780413e-22
1.213475009e-20
0
0
0
1.937911251e-21
6.467728235e-20
0
0
0
6.095362154e-21
1.718442186e-19
0
0
0
3.42821279e-22
1.154597998e-20
4.972548836e-20
0
0
0
2.047591735e-22
0
1.235307855e-17
2.594828014e-18
5.903530947e-20
5.20044689e-20
2.994796864e-18
1.316173341e-19
3.329335535e-20
0
3.985633919e-20
1.216493819e-17
3.792451934e-18
7.388758185e-19
2.898407338e-20
2.706103241e-21
6.098331109e-18
0
0
0
4.064785775e-20
1.867522098e-16
0
0
0
0
7.159202662e-15
0
0
0
0
0
0
0
1.084028587e-16
8.939265916e-18
2.924832948e-18
0
0
2.007702938e-18
3.427501451e-17
0
0
0
4.954836377e-18
1.762297464e-16
0
0
0
1.656997935e-17
4.925370056e-16
0
0
0
8.45062279e-19
3.12810496e-17
1.494217493e-16
0
0
0
5.460171817e-19
0
2.870137756e-14
3.424288823e-15
8.326497041e-17
6.392557552e-17
7.534840018e-15
2.19758104e-16
3.122978264e-17
1.099899206e-17
1.857337331e-16
2.753454908e-14
8.341450768e-15
1.806168353e-15
2.701423445e-17
6.5563665e-18
1.187651299e-14
0
0
0
2.434587998e-19
2.930226394e-13
0
0
0
0
1.392183894e-11
0
0
0
0
0
0
0
2.488056893e-13
2.025093635e-14
7.549935143e-15
0
0
4.455808425e-15
7.75572952e-14
0
0
0
9.508685075e-15
3.413922292e-13
0
0
0
3.389296507e-14
2.100208971e-13
0
0
0
1.571932149e-15
6.049300411e-14
3.424698738e-13
0
0
0
8.902878056e-16
2.664983899e-10
2.825140564e-11
3.760202214e-12
5.067448221e-14
6.271504799e-14
8.600816794e-12
1.545720595e-13
3.538760653e-14
3.156632636e-14
5.668351516e-13
2.896005643e-11
8.575699642e-12
3.847752907e-12
3.04306429e-14
1.696886498e-14
1.18294779e-11
1.687775104e-12
1.195680831e-13
3.08054928e-15
3.034746838e-16
1.616847612e-10
1.500487051e-10
1.61394032e-11
5.014167707e-13
8.38671221e-15
9.321223299e-09
1.575514273e-08
2.847975344e-10
3.759638428e-11
4.372254051e-13
0
0
0
2.700075868e-10
2.443953715e-11
7.682236181e-12
0
1.105865093e-12
4.920770678e-12
8.673963744e-11
9.677627047e-13
8.377146901e-13
9.909570507e-13
9.407756821e-12
2.96850981e-10
9.303986002e-11
4.390624978e-11
3.15851702e-11
3.315571898e-11
2.076672837e-10
1.957177248e-10
5.622935182e-12
1.287215434e-12
1.421976639e-12
5.61712412e-11
3.33491854e-10
6.100923983e-11
6.818702222e-12
6.452559963e-13
4.407963889e-13
1.739081165e-07
1.847025446e-08
3.065757294e-09
3.944052903e-11
6.162071708e-11
6.886841027e-09
9.924686334e-11
3.35757515e-11
4.282494942e-11
7.239208806e-10
2.233853308e-08
6.552025023e-09
3.380611529e-09
2.432741447e-11
1.775025472e-11
9.39584742e-09
1.117024066e-09
5.354301722e-11
1.120908839e-12
2.420335239e-13
1.062765136e-07
8.09659644e-08
1.55455902e-08
2.060403165e-10
2.526654419e-12
2.832243281e-08
1.986196752e-08
2.007692908e-07
3.240651241e-08
1.382020533e-10
1.735573399e-08
5.409023185e-08
8.377020596e-08
2.025457231e-07
2.177352838e-08
6.143835765e-09
9.913932979e-10
1.220078449e-10
3.879844678e-09
6.570997368e-08
8.561726439e-10
1.023265667e-09
1.028115835e-09
7.685760845e-09
1.891105633e-07
8.759914134e-08
3.916286017e-08
2.545496724e-08
2.450521929e-08
1.430352959e-07
1.610975298e-07
4.270797155e-09
1.03852655e-09
1.015233152e-09
4.06732994e-08
2.485999455e-07
4.562839588e-08
5.203921308e-09
5.383911976e-10
1.35639577e-10
8.995860294e-08
3.31685304e-08
1.073515886e-08
9.313276748e-09
2.198553668e-08
3.205218585e-08
8.907540362e-09
1.33316234e-08
2.131240566e-08
5.271817184e-08
3.596742381e-08
2.777220357e-08
1.43565713e-08
6.646517009e-09
7.684068178e-09
3.642078026e-08
3.496323901e-09
1.472250451e-10
6.37522542e-11
5.661318955e-11
8.33759238e-08
6.871900322e-08
4.008768195e-08
1.385439274e-08
6.142257347e-11
2.476669828e-08
1.252937961e-08
4.352469915e-08
3.910485093e-08
1.098124147e-08
2.635285107e-08
3.561264139e-08
7.219021302e-08
1.14912161e-07
3.929237344e-08
3.997319786e-08
2.852349546e-09
8.764831677e-10
2.368898969e-08
6.124084656e-08
4.910553783e-09
1.83566788e-09
1.811123704e-09
3.424752918e-08
1.159148945e-07
8.751827087e-08
5.944825986e-08
5.361339366e-08
4.404608448e-08
1.014125698e-07
1.120268715e-07
1.927705839e-08
2.59977202e-09
3.395311205e-09
4.649835473e-08
1.308043653e-07
5.671582322e-08
2.994370065e-08
1.901460012e-09
6.720609762e-10
4.857538314e-08
2.081081302e-08
1.269764756e-08
1.420678463e-08
2.641841784e-08
2.430143263e-08
1.41895627e-08
2.006838458e-08
3.087668289e-08
5.168184068e-08
2.714483044e-08
1.887785033e-08
1.371822536e-08
7.498306959e-09
7.643957781e-09
2.330489397e-08
2.786429588e-09
4.729868801e-10
5.256894971e-11
2.510515833e-11
5.563356155e-08
4.719055486e-08
3.603826728e-08
1.404697959e-08
7.199331868e-10
2.037092554e-08
8.326532024e-09
1.601428397e-08
3.198340379e-08
1.645090463e-08
2.422815363e-08
2.041212886e-08
4.731759262e-08
6.928229637e-08
3.162512938e-08
2.842273965e-08
3.237023634e-09
1.118250197e-09
2.695024714e-08
4.288343983e-08
7.406597225e-09
2.166689496e-09
2.273362784e-09
2.750878309e-08
7.225506402e-08
6.241714704e-08
4.601729172e-08
3.759251263e-08
3.73369439e-08
6.573517747e-08
7.133645525e-08
2.133509172e-08
3.166532446e-09
5.505940534e-09
3.301021356e-08
7.812902395e-08
4.255007831e-08
1.942542021e-08
1.833630652e-09
5.475703824e-10
2.889629408e-08
1.54196689e-08
1.190783876e-08
1.419666404e-08
1.90528072e-08
1.934428637e-08
1.43476557e-08
1.86460094e-08
2.555767735e-08
3.21306057e-08
1.920137022e-08
1.315193215e-08
1.064647811e-08
5.030373043e-09
4.913996542e-09
2.282303094e-08
1.749111893e-09
3.034558371e-10
2.522810412e-10
1.362245787e-11
3.852297998e-08
3.3191773e-08
2.803197923e-08
1.003506979e-08
3.932347662e-10
1.634523775e-08
6.045524862e-09
9.688633765e-09
2.487835032e-08
1.510370018e-08
2.008174592e-08
1.376494618e-08
2.972052904e-08
4.544622044e-08
2.402640977e-08
2.015672635e-08
3.765256997e-09
1.636743352e-09
2.496276423e-08
3.011625131e-08
7.413475949e-09
1.760165706e-09
2.553763529e-09
2.167232474e-08
4.759150589e-08
4.380780473e-08
3.335472253e-08
2.851028903e-08
2.93457771e-08
4.389936444e-08
4.744716756e-08
1.870281621e-08
3.581411888e-09
7.309707174e-09
2.259171731e-08
5.277520255e-08
3.107736343e-08
1.666596897e-08
1.407428444e-09
3.199403579e-10
1.904682589e-08
1.27527686e-08
1.053252504e-08
1.214309929e-08
1.225197485e-08
1.593106335e-08
1.275681802e-08
1.497496683e-08
1.893832445e-08
1.98478244e-08
1.42589435e-08
1.296129204e-08
8.248091002e-09
3.274608561e-09
2.985548015e-09
1.976144595e-08
1.226897707e-09
2.052337409e-10
1.206452524e-10
1.380244414e-10
2.899338341e-08
3.334632663e-08
2.204910204e-08
7.083611074e-09
2.195198653e-10
1.290455527e-08
5.052573763e-09
7.391779198e-09
2.495113191e-08
1.308343214e-08
1.671632654e-08
1.013904967e-08
1.961084139e-08
3.246981789e-08
1.872977115e-08
1.96260417e-08
4.962357607e-09
1.650524726e-09
2.342253612e-08
2.198688341e-08
7.193829242e-09
1.409595584e-09
3.132683742e-09
2.205953383e-08
3.351830578e-08
3.192746491e-08
2.50170842e-08
2.502888304e-08
2.390166084e-08
3.080530817e-08
3.366790879e-08
1.65853042e-08
4.320564035e-09
9.838712435e-09
1.887784101e-08
3.881700576e-08
2.386341575e-08
1.522391454e-08
1.211270311e-09
2.765853925e-10
1.496315522e-08
1.079935637e-08
9.351214842e-09
1.06955037e-08
8.63399317e-09
1.319182659e-08
1.080711293e-08
1.198142498e-08
1.345666448e-08
1.379308201e-08
1.350227557e-08
1.206382457e-08
6.608658159e-09
2.296972419e-09
1.778992362e-09
1.594817917e-08
9.962570739e-10
1.583610976e-10
5.983370614e-11
1.105134774e-10
2.429658294e-08
3.243613419e-08
1.806565171e-08
5.201517e-09
1.130277308e-10
1.029801111e-08
4.607635297e-09
6.468920076e-09
2.380178854e-08
1.184892956e-08
1.403987304e-08
7.86368715e-09
1.427490661e-08
2.48055735e-08
1.52279134e-08
1.909839e-08
6.269146926e-09
2.945288265e-09
2.156221411e-08
1.724248901e-08
7.240762035e-09
2.767700112e-09
4.239616918e-09
2.295695356e-08
2.521506408e-08
2.480530518e-08
2.463036249e-08
2.427099695e-08
1.991816174e-08
2.303235552e-08
2.544497211e-08
1.5001953e-08
5.226089614e-09
1.029558049e-08
1.914811609e-08
3.037496895e-08
2.054494926e-08
1.30626607e-08
1.214383896e-09
3.442937205e-10
1.266342382e-08
9.191917355e-09
7.709448624e-09
8.27510265e-09
7.07069319e-09
1.10213033e-08
8.94404825e-09
9.070743159e-09
1.015844635e-08
1.026327203e-08
1.277701756e-08
1.071925118e-08
5.512635732e-09
1.77885128e-09
1.214055456e-09
1.664194532e-08
8.420350223e-10
1.340492914e-10
3.258851491e-11
3.370812556e-11
2.288636477e-08
2.930754118e-08
1.580890189e-08
4.148253592e-09
1.049333441e-10
8.493005423e-09
4.353075055e-09
6.298259548e-09
2.1443568e-08
1.092152154e-08
1.187538269e-08
6.376307742e-09
1.110246007e-08
1.996411351e-08
1.384229827e-08
1.775511463e-08
7.180136861e-09
6.195428977e-09
1.93662227e-08
1.439973182e-08
7.318543112e-09
2.415767645e-09
5.401271178e-09
2.236632697e-08
2.009166849e-08
2.224155865e-08
2.381443217e-08
2.25475054e-08
1.775439274e-08
1.820426604e-08
2.159390884e-08
1.364870761e-08
5.934473213e-09
9.961693448e-09
1.753646954e-08
2.688481592e-08
1.946309338e-08
1.10555752e-08
1.308759604e-09
4.539737346e-10
0
0
0
0
0
0
3.419850773e-35
0
0
0
0
0
0
0
0
0
0
0
0
0
0
0
0
0
0
0
0
0
0
0
0
0
0
0
0
0
0
0
0
4.56214068e-38
1.380544171e-39
3.748255462e-40
1.318678123e-41
0
1.839415444e-39
0
0
0
0
1.051253956e-41
0
0
0
0
2.957337588e-40
1.506582498e-37
0
0
0
0
5.059829055e-34
0
0
0
2.916584838e-35
1.686849879e-34
5.295892998e-34
2.869526964e-34
3.47460123e-35
0
0
0
0
0
0
0
3.247839574e-34
0
2.340241606e-35
0
0
5.554715883e-35
1.017893386e-34
6.245288795e-35
0
0
2.944114494e-35
2.984641916e-35
4.452109445e-35
0
8.123532454e-35
4.584248459e-36
1.777925221e-35
0
0
0
0
0
0
1.368301355e-34
4.907486186e-36
1.17330491e-36
4.135221685e-38
0
5.441748061e-36
0
0
0
0
3.098940201e-38
0
0
0
0
8.841263858e-37
5.134557639e-34
0
0
0
0
1.597718943e-30
0
0
0
3.499446605e-33
4.132521865e-31
1.516685993e-30
7.954476538e-31
1.877846204e-32
0
0
0
0
0
0
0
9.215878785e-31
0
0
0
0
7.959981576e-32
2.255378833e-31
1.091720262e-31
0
0
8.690938169e-34
3.910076003e-33
6.22699373e-32
0
2.526906258e-31
1.373795858e-32
5.480597484e-32
0
0
0
0
0
0
4.198073262e-31
1.697670921e-32
3.666398364e-33
1.294218931e-34
0
1.657432678e-32
0
0
0
0
9.336144931e-35
0
0
0
0
2.642461063e-33
1.703390478e-30
0
0
0
0
5.288333522e-27
0
0
0
1.062667901e-29
1.205406637e-27
4.654349034e-27
2.450362485e-27
5.789636254e-29
0
0
0
0
0
0
0
2.861876815e-27
0
8.9744277e-30
0
0
2.364341433e-28
6.948315907e-28
3.442607017e-28
0
0
2.477489718e-30
1.061281315e-29
2.251755551e-28
0
7.74159192e-28
4.075008402e-29
1.674565624e-28
0
0
0
0
0
0
1.269615529e-27
5.562198917e-29
1.124056291e-29
3.994762518e-31
0
4.980327364e-29
0
0
0
0
2.794373117e-31
0
0
0
0
7.939288019e-30
5.670936374e-27
0
0
0
0
1.7434513e-23
0
0
0
3.25153728e-26
3.63600601e-24
1.426093057e-23
9.579982646e-24
3.215245572e-25
0
0
0
0
0
0
0
8.239177254e-24
0
6.763859914e-26
0
0
7.527351781e-25
2.091777143e-24
1.001103533e-24
0
0
1.360594298e-26
4.744452889e-26
7.701597838e-25
0
2.397814441e-24
1.498938998e-25
5.091846867e-25
0
0
0
0
0
0
3.774791089e-24
1.775745816e-25
3.759115134e-26
1.624237992e-27
0
1.42262325e-25
0
0
0
0
6.598966541e-28
0
0
0
0
2.384503983e-26
1.855959257e-23
0
0
0
0
5.484879285e-20
0
0
0
9.816358877e-23
1.087068713e-20
4.352740419e-20
2.907888848e-20
9.567584179e-22
0
0
0
0
0
0
0
1.872044075e-20
0
2.96748432e-22
0
0
2.142744641e-21
6.251091386e-21
2.992714321e-21
0
0
3.260895664e-23
1.09928016e-22
2.424976145e-21
0
7.264214687e-21
4.48720532e-22
1.539784742e-21
0
9.501605219e-21
0
0
0
0
1.115734423e-20
5.654298955e-22
1.155246902e-22
4.96080137e-24
0
3.975954599e-22
0
0
0
0
1.584091435e-24
0
0
0
0
7.124193908e-23
5.963439015e-20
0
0
0
0
1.640887748e-16
0
0
0
2.844942541e-19
3.20019656e-17
1.298166278e-16
8.551695209e-17
2.676702607e-18
0
0
0
0
0
0
0
5.812594761e-17
0
9.749559677e-19
0
0
6.096266482e-18
1.753912984e-17
8.237511564e-18
0
0
7.601861671e-20
2.373182094e-19
6.992903059e-18
0
2.092859067e-17
1.242831911e-18
1.770008455e-18
0
2.45245037e-18
0
0
0
0
6.105576798e-18
1.716102575e-18
3.347570186e-19
1.345380366e-20
0
7.283150766e-20
0
0
0
0
2.815189393e-21
0
0
0
0
2.030187374e-19
1.792136333e-16
0
0
0
0
3.669450381e-13
0
0
0
6.767856209e-16
7.276238173e-14
3.013255145e-13
1.970671972e-13
5.275432222e-15
0
0
0
0
0
0
0
1.428730944e-13
0
2.660670766e-15
0
0
1.364976016e-14
3.586238268e-14
1.748001831e-14
4.126753803e-16
0
1.306811432e-16
3.563168907e-16
1.693870767e-14
0
4.781000828e-14
2.652153275e-15
4.382817525e-15
2.102305557e-16
0
0
0
0
7.596564039e-17
1.316087207e-14
4.182159701e-15
7.712002049e-16
2.68045429e-17
0
1.164878099e-16
0
0
0
0
5.201284256e-18
0
0
0
0
4.568355092e-16
3.832417117e-13
0
0
0
4.583492292e-17
3.376736517e-10
1.449364181e-10
8.235575877e-12
8.401868517e-13
8.277610932e-13
6.788318995e-11
2.993014124e-10
2.018551671e-10
3.887091506e-12
9.227817301e-13
6.340204035e-11
2.448057698e-10
1.370080881e-11
1.270523439e-13
1.000859805e-13
2.945466941e-10
1.454225887e-10
2.669399086e-11
5.233779612e-12
4.992269221e-11
9.441091994e-12
1.444273775e-11
3.564710969e-11
2.890829184e-11
9.860083374e-12
2.674797378e-12
8.510588668e-14
2.426939052e-13
2.390494109e-11
7.434769359e-11
5.365886826e-11
2.818724983e-12
1.174504893e-11
1.73082911e-12
1.684236195e-12
1.359735867e-11
2.045014021e-13
1.745157637e-13
1.329119515e-12
2.746084404e-11
4.733779023e-12
8.797148145e-13
2.13291542e-14
1.946471692e-14
2.753243152e-13
5.489934462e-11
2.06924578e-12
4.895153528e-14
5.31755006e-15
4.872081669e-15
1.635903679e-10
1.370030082e-11
1.607685437e-12
6.219087553e-13
7.264520172e-13
3.160477152e-10
1.27836987e-10
2.217627622e-11
1.275909647e-12
8.722808386e-13
2.462828268e-07
1.051484628e-07
5.574396875e-09
7.279278605e-10
7.81767416e-10
4.502030969e-08
2.215486654e-07
1.4175778e-07
2.411527035e-09
8.459071201e-10
3.957934992e-08
1.754167561e-07
1.066366428e-08
4.250159213e-11
4.563691804e-11
1.984219425e-07
1.064165244e-07
2.531943973e-08
4.853072322e-09
4.055268796e-08
8.218575532e-09
1.192766333e-08
2.802791109e-08
2.411848249e-08
9.096117319e-09
2.772473372e-09
4.161949756e-11
1.38587213e-10
2.33535704e-08
6.450834338e-08
4.347992925e-08
2.353070144e-09
1.007627915e-08
1.543941571e-09
1.303422523e-09
1.040081618e-08
7.35302576e-11
9.402429759e-11
1.096483469e-09
1.976939688e-08
3.845419062e-09
7.534263391e-10
1.010454679e-11
1.026289944e-11
1.258929569e-10
3.994423589e-08
1.154245757e-09
1.822968554e-11
2.823349181e-12
2.801103197e-12
1.184501057e-07
9.276677799e-09
1.092786623e-09
5.062594518e-10
5.837591699e-10
1.937451356e-07
8.490114352e-08
1.487373608e-08
8.859423309e-10
6.806773225e-10
1.30816174e-07
9.167068025e-08
3.32047606e-08
7.656687568e-09
6.962950222e-09
4.55358187e-08
1.315247526e-07
9.438306455e-08
1.370311674e-08
1.433647596e-09
3.816637933e-08
1.14536404e-07
3.917713014e-08
9.03332871e-10
1.104133997e-09
1.173739511e-07
8.392035403e-08
4.032733753e-08
3.208686132e-08
4.820105805e-08
3.044015519e-08
3.682128173e-08
3.978407009e-08
3.569287993e-08
3.551095364e-08
2.105541269e-08
7.544519012e-09
1.808262965e-08
4.184971587e-08
6.578659644e-08
5.117653594e-08
1.096717597e-08
3.500814438e-08
6.400394358e-09
1.597854762e-09
3.75634855e-08
8.056749669e-10
2.206390805e-10
2.543845573e-09
3.578987273e-08
2.656185501e-08
7.887006926e-10
6.719480705e-12
1.63417434e-11
1.422181218e-10
4.753477443e-08
1.406447342e-09
2.134174177e-11
4.448781813e-12
4.19984722e-12
9.125656955e-08
3.3847082e-08
4.293132536e-09
9.360781542e-10
9.606740842e-10
1.120448682e-07
7.102884866e-08
2.588677086e-08
4.978019524e-09
4.71003078e-09
8.224626981e-08
6.519218919e-08
2.998353564e-08
1.297134827e-08
1.004273467e-08
4.245454182e-08
8.331062846e-08
6.066128889e-08
1.47612404e-08
1.336296699e-09
3.489170314e-08
7.513317844e-08
3.469656039e-08
7.162666489e-10
5.848486388e-10
7.504732956e-08
5.794345196e-08
3.149165893e-08
2.375538751e-08
3.47448581e-08
2.432075731e-08
2.603247361e-08
2.946704126e-08
2.711497458e-08
2.538653428e-08
1.93079653e-08
1.114480594e-08
2.591409264e-08
3.362515088e-08
4.664459986e-08
3.773540421e-08
1.336027913e-08
2.453040586e-08
6.586382335e-09
1.217374746e-09
3.127966727e-08
5.791524405e-10
3.883412736e-10
2.245079864e-09
2.820015237e-08
2.132504843e-08
4.378055442e-10
4.139153603e-10
1.076414339e-11
6.451121033e-11
3.405307414e-08
1.033741336e-09
1.950526499e-11
3.098795324e-12
2.338345207e-12
5.94673698e-08
2.342193102e-08
3.92247773e-09
6.948482855e-10
6.207484892e-10
6.808135939e-08
4.754993835e-08
1.887761428e-08
5.994391254e-09
5.09555069e-09
5.794123225e-08
4.621995709e-08
2.337324624e-08
1.183952509e-08
7.721225227e-09
3.836098871e-08
5.723086904e-08
4.130793589e-08
1.246002531e-08
9.559129911e-10
3.121988192e-08
5.361059618e-08
2.663473433e-08
5.286766394e-10
2.516394144e-10
5.220764589e-08
4.32058068e-08
2.44804683e-08
2.191188414e-08
2.639178974e-08
1.984751078e-08
1.890442397e-08
2.156821946e-08
2.007813331e-08
1.815761441e-08
1.419592173e-08
1.111309339e-08
2.397401256e-08
2.519347078e-08
3.232426207e-08
2.706324998e-08
1.232891818e-08
2.068789661e-08
4.996909714e-09
1.080316873e-09
2.821944051e-08
3.856160401e-10
2.278824018e-10
1.978406478e-09
4.38067407e-08
1.932723011e-08
2.527556027e-10
1.406132232e-10
6.24586436e-12
6.839077579e-11
3.723405271e-08
7.058972805e-10
2.201382515e-10
3.210378841e-12
1.47319053e-12
4.010010032e-08
2.23118497e-08
2.621451783e-09
4.097114581e-10
2.889600866e-10
4.479981022e-08
3.202343827e-08
1.2994216e-08
5.21128438e-09
3.660054038e-09
4.418161263e-08
3.419253979e-08
1.833032566e-08
1.040658109e-08
6.457769537e-09
3.407924676e-08
4.210897374e-08
3.026451408e-08
1.042693652e-08
7.201652428e-10
2.773600098e-08
4.130178195e-08
1.99841828e-08
4.43063341e-10
1.598292983e-10
3.877867845e-08
3.184870852e-08
1.956656145e-08
2.482136739e-08
2.883136288e-08
1.595716494e-08
1.456758748e-08
1.660717242e-08
1.553930773e-08
1.365856614e-08
1.195533265e-08
1.047512279e-08
2.004787566e-08
1.93039052e-08
2.329809538e-08
2.01949543e-08
1.111142962e-08
1.697228978e-08
3.689442991e-09
9.830958009e-10
2.253153535e-08
2.575261976e-10
1.411162949e-10
1.509982492e-09
3.40985673e-08
1.49248105e-08
1.632739572e-10
4.466458401e-11
4.470068963e-12
5.834554552e-11
3.07585265e-08
5.42963489e-10
1.100782448e-10
2.299053142e-12
4.556266665e-13
2.935095989e-08
2.219802876e-08
1.818862226e-09
2.426108027e-10
1.0836326e-10
3.212850242e-08
2.368775302e-08
1.417931546e-08
4.404771097e-09
2.513863309e-09
3.543457589e-08
2.668450378e-08
1.559398431e-08
9.325505736e-09
5.588229808e-09
3.019303922e-08
3.339719709e-08
2.801626806e-08
8.912488315e-09
6.256402153e-10
2.547235959e-08
4.128451926e-08
1.572709525e-08
3.811535461e-10
1.43536626e-10
3.030396376e-08
2.515187721e-08
1.802503273e-08
2.610295786e-08
3.118155707e-08
1.296719113e-08
1.228085493e-08
1.38182134e-08
1.266233487e-08
1.0930723e-08
1.071712239e-08
9.68481482e-09
1.652872307e-08
1.640582039e-08
2.134331735e-08
1.801504163e-08
1.01178208e-08
1.34066292e-08
2.731614697e-09
9.162296044e-10
1.716461989e-08
2.037672416e-10
9.647140068e-11
9.709301206e-10
1.927481497e-08
1.026594353e-08
1.079759965e-10
2.349632274e-11
3.125957443e-12
3.691608946e-11
2.142382943e-08
4.079328981e-10
5.767615839e-11
1.093024879e-11
1.189514425e-12
2.783811704e-08
1.964171265e-08
1.340742981e-09
1.604604196e-10
8.120194828e-11
3.078321732e-08
2.144546968e-08
1.418901705e-08
3.709985185e-09
1.656107967e-09
3.104896346e-08
2.208311388e-08
1.486955057e-08
8.55562797e-09
4.905654003e-09
2.697938612e-08
2.828064112e-08
2.77652859e-08
7.551672288e-09
5.896625068e-10
2.401650394e-08
4.175138062e-08
1.317824572e-08
3.558735525e-10
1.357385913e-10
2.475887084e-08
2.094923415e-08
1.838124091e-08
2.558430987e-08
3.008605164e-08
1.186720015e-08
1.103026714e-08
1.158838467e-08
1.114309933e-08
9.993358372e-09
9.804920199e-09
9.613265158e-09
1.385843085e-08
1.708785553e-08
2.167512145e-08
1.769595318e-08
9.291674482e-09
1.061015223e-08
2.160274167e-09
8.283440597e-10
1.305363281e-08
1.687832259e-10
6.803394949e-11
5.255019432e-10
9.384604263e-09
6.712398897e-09
7.088737618e-11
1.344471668e-11
2.679120924e-12
1.963611387e-11
1.396462663e-08
2.92626301e-10
2.86536878e-11
2.065609978e-10
1.304456323e-12
2.656371581e-08
1.656675845e-08
1.015346521e-09
1.015113432e-10
5.436295471e-11
2.874342093e-08
2.149870618e-08
1.301829476e-08
3.099171781e-09
1.095259042e-09
0
0
0
0
0
0
0
0
0
0
0
0
0
0
0
6.330564904e-39
8.134852755e-40
2.201673862e-41
3.289753921e-41
0
1.037477633e-38
1.286055712e-39
0
1.318774719e-39
0
7.786102371e-40
4.077298292e-40
0
0
0
2.717879117e-39
4.001522807e-41
0
1.164370715e-39
1.308071962e-38
2.338841284e-39
7.129174398e-41
1.543492271e-39
4.601764455e-38
6.471580575e-37
2.265194163e-39
3.940632545e-39
6.227730811e-38
2.060415913e-36
3.874677626e-35
3.58024072e-39
0
7.333704835e-40
5.299609043e-38
1.065659361e-36
3.210657019e-38
0
2.889181282e-39
3.102495294e-40
1.044002743e-38
0
0
6.568848277e-38
6.209877625e-39
3.762494196e-39
0
0
0
0
0
0
0
0
0
0
0
0
0
0
0
1.97462081e-35
2.492127938e-36
7.083137756e-38
1.081510589e-37
0
3.223540283e-35
3.940718509e-36
0
4.205590721e-36
0
2.390137991e-36
1.239810882e-36
0
0
0
8.335220439e-36
1.205294365e-37
0
1.373287813e-36
3.739768222e-36
3.432976926e-36
1.816029178e-37
1.922262273e-37
8.750166699e-36
1.379996777e-34
7.081606848e-36
1.157627147e-35
1.270931291e-35
5.654361944e-34
1.524750198e-32
1.112623298e-35
0
1.778092753e-36
1.820565244e-35
4.95917963e-34
1.006193205e-34
0
8.778804663e-36
7.022836474e-37
3.521934805e-36
0
0
2.013000674e-34
1.905629975e-35
1.145214333e-35
0
0
0
0
0
0
0
0
0
0
0
0
0
0
0
6.068676634e-32
7.509170685e-33
2.217743593e-34
3.560207041e-34
0
9.972802477e-32
1.200024264e-32
0
1.32298489e-32
0
7.379309918e-33
3.791472359e-33
0
0
0
2.545402727e-32
3.659111045e-34
0
3.964330058e-33
9.710320857e-33
1.034565118e-32
4.876474896e-34
1.679642597e-35
0
4.974592373e-32
2.143988858e-32
3.546885839e-32
3.775325618e-33
1.010021849e-31
1.015742511e-29
3.411311013e-32
0
5.186861592e-33
3.975235718e-33
2.016467281e-31
3.096428997e-31
0
2.616611542e-32
1.980201597e-33
1.250127065e-33
0
0
6.074709853e-31
5.748778511e-32
3.428553203e-32
0
0
0
0
0
0
0
0
0
0
0
0
0
0
0
1.777301651e-28
2.226654683e-29
6.866822113e-31
1.161489131e-30
0
2.938358519e-28
3.605796693e-29
0
4.207810269e-29
0
2.199296308e-29
1.150352309e-29
0
0
0
7.71061033e-29
1.11029533e-30
0
1.184567982e-29
2.894007347e-29
3.143147732e-29
1.391332492e-30
6.205700384e-32
0
1.390192204e-28
6.469339555e-29
1.076270911e-28
9.654149245e-30
6.854695408e-29
2.996348467e-26
1.028887892e-28
0
1.54536765e-29
1.599201983e-30
1.53000571e-28
9.429356473e-28
0
7.725766676e-29
5.854547553e-30
3.019489218e-30
0
0
1.827637919e-27
1.72504117e-28
1.018461974e-28
0
0
0
0
0
0
0
0
0
0
0
0
0
0
0
5.229213992e-25
7.192017656e-26
2.930927552e-27
3.734332251e-27
0
9.516087554e-25
1.152191911e-25
0
1.339147691e-25
0
6.541998933e-26
4.015621127e-26
0
0
0
2.428472809e-25
4.728805691e-27
0
3.496715357e-26
8.499394657e-26
9.75580615e-26
5.024671096e-27
3.638647428e-28
0
3.939698395e-25
2.024306284e-25
3.258155486e-25
2.96049006e-26
0
8.833659734e-23
3.025830086e-25
0
4.470507864e-26
3.429640221e-27
3.89364144e-25
2.866492902e-24
0
2.173597216e-25
1.826786769e-26
8.598448521e-27
0
0
5.448302933e-24
5.301412242e-25
3.031839934e-25
0
0
0
0
0
0
0
0
0
0
0
0
0
0
0
1.543140323e-21
2.139562956e-22
8.726795341e-24
1.123101872e-23
0
2.82094599e-21
3.459656458e-22
0
4.17374841e-22
0
1.935535442e-22
1.20864194e-22
0
0
0
7.284183378e-22
1.389724881e-23
0
1.037762356e-22
2.537326543e-22
2.908335962e-22
1.464442972e-23
1.468900607e-24
0
1.10346898e-21
5.996402116e-22
9.679750042e-22
8.83762789e-23
0
2.558225706e-19
8.964986145e-22
0
1.311533353e-22
8.130458568e-24
7.688729846e-22
8.770002216e-21
0
6.331138439e-22
5.044977158e-23
2.296792729e-23
0
0
1.645555885e-20
1.561270207e-21
8.895252264e-22
0
0
0
0
0
0
0
0
0
0
0
0
0
0
0
4.197910992e-18
5.992785202e-19
2.42152092e-20
2.914917532e-20
0
8.073327098e-18
9.941017721e-19
0
1.202769912e-18
0
5.502230534e-19
3.497480572e-19
0
0
0
2.094431446e-18
3.894705426e-20
0
2.991781346e-19
7.296653577e-19
8.537182821e-19
4.01272667e-20
4.14858691e-21
1.687261497e-19
2.546775407e-18
1.747256529e-18
2.823719201e-18
2.629584108e-19
0
7.139155515e-16
2.59423974e-18
0
3.794164776e-19
2.163590663e-20
2.050517805e-18
2.61884044e-17
0
1.734116066e-18
1.296994805e-19
5.583025919e-20
0
0
4.837665555e-17
4.494714193e-18
2.531498542e-18
0
0
0
0
0
0
0
0
0
0
0
0
0
0
0
9.760101597e-15
1.302101129e-15
4.539581848e-17
5.680900037e-17
0
1.834382174e-14
2.218423634e-15
0
2.859568475e-15
0
1.239514687e-15
7.544867264e-16
0
2.342360062e-16
5.173649235e-15
4.589737438e-15
7.235459766e-17
0
7.073888469e-16
1.755122217e-15
7.362328659e-16
7.196409923e-17
7.642998615e-18
6.511297395e-19
1.318438584e-15
3.95385297e-15
6.153945777e-15
5.992310188e-16
4.65962066e-15
1.44078336e-13
5.890203534e-15
0
9.130306697e-16
4.155654814e-17
1.66147934e-16
6.084465564e-14
0
3.651260997e-15
2.316227896e-16
9.255930168e-17
0
0
1.13393388e-13
1.033436129e-14
5.639324903e-15
3.275023513e-09
1.55540802e-10
4.950902662e-12
7.519477675e-14
8.186526013e-13
1.990025973e-11
4.012338947e-12
1.29906011e-13
2.243503833e-15
8.663463557e-15
1.103927861e-12
5.787328547e-14
1.383492921e-15
5.721723436e-16
2.330150864e-15
1.107403211e-11
1.39606805e-12
3.371563763e-14
8.809692328e-14
1.836738154e-13
1.9323669e-11
2.347049284e-12
1.119985205e-12
7.022409823e-12
1.526722189e-11
1.317029774e-12
7.176595316e-13
7.926464241e-13
1.339904344e-12
1.419188879e-11
4.691441247e-12
4.583663909e-14
1.147572473e-14
1.279365475e-12
3.968099235e-12
8.788569733e-13
5.72691923e-14
6.125340077e-15
6.812928064e-14
1.191002637e-12
4.301737946e-12
5.86112771e-12
6.479738038e-13
1.144553961e-11
2.881170065e-10
6.530897008e-12
1.103530582e-12
1.207167108e-12
3.806573316e-14
2.487683751e-13
6.358799782e-11
2.550630177e-11
3.302724532e-12
1.43567863e-13
5.58703932e-14
2.245574226e-10
2.003566784e-10
1.252887916e-10
1.074347097e-11
5.87358675e-12
3.377405993e-08
8.732063177e-08
3.34171135e-09
4.27785862e-11
7.543270145e-10
8.577291619e-09
2.316417925e-09
4.789199772e-11
7.723657172e-13
4.485830667e-12
9.489759544e-10
2.798676107e-11
4.306239054e-13
3.018144668e-13
1.561750276e-12
8.658013939e-09
1.091388545e-09
1.242879561e-11
3.982014277e-11
8.811516846e-11
1.508727205e-08
1.875835873e-09
9.999691667e-10
6.039389419e-09
1.463657212e-08
1.103586581e-09
5.367238441e-10
7.055859559e-10
1.214936591e-09
1.203245142e-08
3.561820403e-09
1.38872603e-11
7.062779258e-12
1.085427391e-09
3.252746871e-09
7.607958322e-10
2.185216144e-11
2.999809579e-12
3.222199527e-11
5.370970714e-10
3.370308148e-09
4.37710351e-09
5.548011117e-10
8.516270214e-09
2.039456924e-07
5.421977458e-09
8.97472102e-10
1.286415335e-09
2.368679347e-11
1.782676947e-10
4.531460366e-08
1.921455158e-08
2.092615786e-09
5.034173766e-11
2.004508179e-11
1.580413667e-07
1.496310172e-07
9.587808251e-08
8.102967031e-09
4.353324761e-09
3.24051618e-08
6.316994496e-08
1.252434076e-08
1.321350495e-09
1.323195539e-09
2.701136268e-08
2.476221181e-09
5.808819283e-10
8.139220462e-12
5.256027023e-12
1.027799731e-09
2.054671118e-11
3.229591368e-12
1.101413762e-11
5.503715093e-10
3.199423315e-08
1.32093015e-09
4.315385101e-10
4.866065221e-10
6.025664428e-10
3.400074482e-08
7.644164567e-09
1.797540132e-09
2.394296521e-08
3.029207763e-08
5.026048958e-09
8.107262745e-10
1.495484067e-09
8.556401222e-09
2.703512924e-08
1.976654711e-08
7.999013854e-10
7.521979996e-10
7.339058818e-09
2.166957423e-08
1.285681365e-09
9.695490476e-10
5.10006403e-10
1.484972623e-10
3.613774213e-10
1.275140552e-08
1.509140156e-08
1.289501702e-09
4.601272661e-08
1.218882911e-07
2.022002287e-08
2.135412552e-09
4.486333246e-10
8.404621347e-11
1.711767161e-10
5.250273098e-08
3.295209213e-08
8.558144709e-09
6.575113576e-10
3.684101443e-10
5.506207869e-08
6.006343944e-08
7.659443775e-08
2.669699504e-08
2.511264823e-08
2.721193223e-08
3.884517596e-08
1.015014937e-08
9.862441814e-10
8.422303213e-10
2.112578256e-08
1.250240626e-09
2.431339231e-10
4.139726866e-12
3.144456704e-12
6.899365209e-10
2.574622518e-11
1.367849448e-12
4.252227295e-12
1.581605163e-10
2.618840215e-08
7.543423341e-10
1.631894481e-10
2.049747601e-10
2.095495886e-10
2.666161834e-08
7.128364148e-09
1.785486353e-09
1.962100985e-08
2.263024952e-08
5.716814741e-09
5.443981751e-10
1.308555596e-09
1.126664488e-08
2.07148777e-08
1.712478403e-08
5.648321171e-10
5.327148358e-10
7.112663272e-09
2.270729914e-08
9.783547016e-10
5.814171766e-10
2.968741798e-10
1.778563775e-10
2.345101355e-10
1.261363983e-08
1.317777894e-08
1.749774577e-09
5.000753166e-08
8.110921705e-08
1.803106768e-08
1.785219349e-09
1.828507481e-10
3.304876356e-10
1.424955831e-10
3.995308331e-08
2.587362071e-08
7.499983201e-09
4.331986473e-10
1.642883131e-10
2.801232078e-08
3.252960477e-08
5.17654678e-08
2.298234709e-08
1.802907689e-08
2.257065513e-08
2.989636773e-08
6.184550679e-09
4.843717241e-10
2.651118793e-10
1.312340462e-08
5.784251323e-10
1.191551031e-10
9.91770834e-12
3.873038708e-10
3.794421834e-10
3.300613775e-10
1.953102577e-12
1.616995717e-12
4.511429642e-11
2.168961235e-08
3.997878114e-10
5.604692446e-11
1.028726926e-10
8.565664064e-11
1.932721603e-08
5.037875044e-09
1.580895417e-09
1.898335289e-08
1.636215613e-08
4.852315512e-09
3.035346363e-10
9.439827166e-10
1.054743222e-08
1.513733883e-08
1.321206408e-08
2.476574082e-10
2.610852249e-10
3.907977344e-09
1.473260198e-08
6.148120685e-10
2.647748776e-10
1.114756244e-10
4.109053929e-10
6.775249749e-10
1.02848399e-08
9.790530843e-09
1.831224173e-09
4.775453754e-08
1.352270121e-07
1.532439991e-08
1.151524796e-09
8.225118327e-11
2.465751172e-10
7.911565844e-10
2.940231479e-08
1.938976545e-08
5.074434635e-09
2.276778873e-10
8.408552231e-11
3.933284935e-08
2.258810564e-08
3.581931424e-08
1.848929238e-08
1.914984443e-08
2.470173435e-08
2.932144597e-08
3.547793492e-09
2.420436263e-10
6.83974185e-11
6.639319066e-09
3.238042019e-10
6.277184425e-11
4.405156878e-12
8.448324685e-11
2.092159025e-10
1.227246396e-10
1.085220659e-12
1.315053407e-12
1.190294367e-11
1.593226648e-08
2.286279087e-10
2.518014411e-11
9.504475452e-11
9.56485236e-11
1.789239602e-08
3.495133638e-09
1.559607407e-09
2.762847483e-08
3.066629606e-08
3.879263184e-09
1.844522581e-10
7.154576957e-10
9.683578209e-09
1.341489783e-08
9.20122468e-09
1.43257947e-10
1.204680971e-10
1.99520891e-09
8.416782357e-09
3.859263637e-10
1.305489531e-10
4.842433314e-11
3.191725264e-10
7.094188996e-10
8.293065368e-09
6.947335299e-09
1.557727302e-09
3.892610201e-08
1.193789271e-07
1.374094375e-08
5.666511129e-10
4.360163395e-11
1.698602504e-10
4.443270611e-10
3.524359116e-08
2.227075987e-08
2.413118494e-09
1.535974951e-10
7.736303652e-11
7.974430827e-08
2.016261644e-08
2.744837161e-08
2.361357266e-08
2.387044134e-08
2.601568287e-08
2.322710593e-08
1.983794583e-09
1.175059126e-10
1.986768152e-11
2.911407986e-09
1.924317559e-10
3.682338385e-11
2.197707097e-10
1.793893458e-11
1.181219627e-10
4.555639309e-11
1.393814014e-12
7.668107143e-12
5.887315669e-12
1.069884062e-08
1.396597844e-10
1.576736082e-11
9.869634153e-11
1.041838399e-10
1.897032998e-08
2.510162948e-09
1.469278269e-09
2.735504579e-08
3.41455218e-08
3.29288614e-09
1.269341074e-10
5.922148675e-10
9.115894631e-09
1.516056621e-08
6.006660723e-09
8.223608616e-11
5.291625757e-11
1.052145143e-09
4.76080494e-09
2.555418302e-10
7.346651635e-11
2.492204885e-11
2.395531589e-10
5.760036023e-10
6.874638139e-09
4.865088087e-09
1.218044337e-09
2.902103865e-08
8.972255399e-08
1.149994929e-08
3.687517868e-10
2.525089931e-11
1.221450599e-10
2.941366849e-10
3.514980443e-08
2.25623986e-08
1.150965226e-09
1.281826158e-10
6.958483406e-11
8.392326886e-08
1.991413944e-08
2.545673752e-08
2.666132189e-08
2.189732635e-08
2.354743382e-08
1.681444109e-08
1.135715671e-09
5.925613712e-11
7.83505828e-12
1.214085437e-09
1.17622416e-10
1.873828166e-11
6.142147529e-11
3.54998322e-12
6.92504526e-11
2.538460112e-11
3.416749494e-10
2.512714591e-10
4.295262782e-12
6.868458051e-09
8.515101733e-11
1.101273548e-11
8.612227885e-11
9.900243136e-11
1.835381517e-08
1.876218909e-09
1.304792087e-09
2.350483116e-08
3.120609322e-08
2.861167997e-09
9.790102501e-11
5.17197196e-10
8.46137397e-09
1.570237418e-08
3.849270622e-09
4.952023118e-11
2.716549344e-11
5.830424544e-10
2.749990288e-09
1.822488029e-10
4.628409588e-11
1.455444432e-11
1.598576822e-10
3.723823275e-10
5.824252491e-09
3.380924362e-09
9.095051157e-10
2.041538201e-08
6.214092388e-08
9.742809765e-09
4.607895172e-10
1.725435706e-11
8.664785346e-11
2.045073155e-10
3.136191261e-08
2.196532628e-08
5.850438827e-10
1.161686954e-10
5.937882866e-11
7.388260003e-08
2.109489192e-08
2.717721848e-08
2.655254841e-08
1.852740351e-08
)
;

boundaryField
{
    walls
    {
        type            zeroGradient;
    }
    inlet
    {
        type            fixedValue;
        value           uniform 0;
    }
    outlet
    {
        type            inletOutlet;
        phi             alphaRhoPhi;
        inletValue      uniform 0;
        value           nonuniform List<scalar> 
384
(
8.191443737e-09
6.336159588e-09
6.899430705e-09
7.079024296e-09
1.403484112e-08
1.622612339e-08
9.651123945e-09
1.133877765e-08
1.910315883e-08
1.958789434e-08
2.374743175e-08
2.411026977e-08
3.025528452e-10
2.200184118e-09
8.790310056e-09
1.239023255e-08
1.191373805e-08
1.621284297e-08
1.223163938e-08
1.741094337e-08
2.178279818e-08
1.888495523e-08
1.264037416e-08
1.875663781e-08
3.374267061e-10
1.508248747e-08
1.374819238e-08
1.468657391e-08
5.485502555e-09
1.193475651e-08
1.853880932e-08
1.996358851e-08
2.685729803e-08
2.279181344e-08
1.264890595e-08
1.520986661e-08
2.22738458e-08
1.502087094e-08
1.254142619e-08
6.006633012e-09
9.933026311e-10
2.24111416e-09
1.508465568e-08
9.954471563e-09
9.634104895e-09
1.641116471e-09
1.234028416e-08
1.535425869e-08
2.44058978e-08
2.391942469e-08
2.369303102e-08
1.179951017e-08
2.839613861e-09
4.159005858e-09
1.163898229e-08
5.929865458e-09
8.486501195e-10
1.581238877e-09
3.782222904e-08
2.560377326e-08
1.947199495e-08
2.043410245e-08
1.33893931e-09
6.830909577e-09
1.00124842e-08
3.308649182e-09
1.378288395e-08
1.216741252e-08
1.331624145e-10
5.083479495e-10
3.896361366e-08
2.239105289e-08
2.104867518e-08
1.371311037e-09
1.067310146e-10
2.624355324e-10
1.273623863e-08
9.236481417e-09
1.095565068e-08
1.876221455e-10
2.689193696e-12
2.360397557e-11
1.837294724e-09
2.063501365e-08
1.853816456e-10
6.887110885e-11
5.948901919e-09
1.794102539e-09
8.811489906e-09
6.722256441e-09
9.451071873e-10
7.495028223e-12
1.268661464e-12
4.136905782e-11
3.163571584e-09
1.066519995e-08
1.003373223e-09
6.638581699e-10
2.309038294e-09
7.730213053e-09
1.252162392e-08
9.209701041e-09
1.087965413e-09
1.022604471e-11
9.071871228e-12
4.708470295e-10
2.207727337e-08
5.970545566e-09
8.554135478e-09
1.249007472e-08
4.975450719e-09
7.039834354e-09
1.274517466e-08
3.07449434e-10
1.182023347e-11
8.363956471e-12
2.852215466e-10
1.394706098e-08
8.865973431e-09
3.547811775e-09
1.247386954e-09
1.854455576e-10
6.423563793e-09
1.294585807e-08
1.598061186e-08
1.427383606e-10
4.023692497e-12
3.707468604e-11
2.452475201e-09
1.466617765e-08
9.208285563e-09
2.009690768e-09
3.164233205e-09
2.332145272e-10
1.464857885e-09
1.075995081e-08
3.225696171e-09
1.466493447e-10
4.764993527e-12
1.219555995e-10
6.490398231e-09
1.41804857e-08
1.49078511e-08
1.258313211e-08
3.197979164e-08
1.035432239e-08
2.23582978e-08
1.035487729e-08
6.248340344e-09
7.791051567e-09
6.320061413e-11
1.601178154e-10
1.372449771e-08
2.934110647e-08
2.706517113e-08
1.372173767e-08
1.500541093e-08
8.103866756e-09
2.198456398e-08
1.253447816e-08
9.606827247e-09
1.02596634e-08
7.161339798e-11
2.946161903e-11
2.083288758e-09
4.6789809e-08
2.17599138e-08
1.166356891e-08
1.020638714e-08
3.438842035e-09
2.407465695e-08
1.352126037e-08
9.966567317e-09
1.912954659e-08
2.939697259e-10
2.134918995e-11
5.531581885e-11
3.730933808e-09
7.757345032e-10
7.979404286e-09
8.994938653e-09
8.419394943e-10
2.384710724e-08
1.195561669e-08
9.906208679e-09
1.702589995e-08
1.019481201e-09
4.037826834e-10
4.750452559e-12
4.551144554e-11
8.626612653e-11
8.166082684e-09
6.416455415e-09
1.447474563e-09
1.716917636e-08
9.116190484e-09
9.732151114e-09
2.383927833e-08
3.491749135e-10
2.843604343e-09
1.785875854e-11
1.601243727e-12
1.651449981e-10
8.807189504e-09
1.266342382e-08
1.10213033e-08
1.277701756e-08
1.664194532e-08
2.288636477e-08
8.493005423e-09
1.187538269e-08
1.775511463e-08
7.318543112e-09
2.224155865e-08
2.159390884e-08
2.688481592e-08
9.191917355e-09
8.94404825e-09
1.071925118e-08
8.420350223e-10
2.930754118e-08
4.353075055e-09
6.376307742e-09
7.180136861e-09
2.415767645e-09
2.381443217e-08
1.364870761e-08
1.946309338e-08
7.709448624e-09
9.070743159e-09
5.512635732e-09
1.340492914e-10
1.580890189e-08
6.298259548e-09
1.110246007e-08
6.195428977e-09
5.401271178e-09
2.25475054e-08
5.934473213e-09
1.10555752e-08
8.27510265e-09
1.015844635e-08
1.77885128e-09
3.258851491e-11
4.148253592e-09
2.1443568e-08
1.996411351e-08
1.93662227e-08
2.236632697e-08
1.775439274e-08
9.961693448e-09
1.308759604e-09
7.07069319e-09
1.026327203e-08
1.214055456e-09
3.370812556e-11
1.049333441e-10
1.092152154e-08
1.384229827e-08
1.439973182e-08
2.009166849e-08
1.820426604e-08
1.753646954e-08
4.539737346e-10
3.104896346e-08
2.697938612e-08
2.401650394e-08
2.475887084e-08
1.186720015e-08
9.804920199e-09
1.769595318e-08
1.305363281e-08
6.712398897e-09
1.396462663e-08
2.656371581e-08
2.874342093e-08
2.208311388e-08
2.828064112e-08
4.175138062e-08
2.094923415e-08
1.103026714e-08
9.613265158e-09
9.291674482e-09
1.687832259e-10
7.088737618e-11
2.92626301e-10
1.656675845e-08
2.149870618e-08
1.486955057e-08
2.77652859e-08
1.317824572e-08
1.838124091e-08
1.158838467e-08
1.385843085e-08
1.061015223e-08
6.803394949e-11
1.344471668e-11
2.86536878e-11
1.015346521e-09
1.301829476e-08
8.55562797e-09
7.551672288e-09
3.558735525e-10
2.558430987e-08
1.114309933e-08
1.708785553e-08
2.160274167e-09
5.255019432e-10
2.679120924e-12
2.065609978e-10
1.015113432e-10
3.099171781e-09
4.905654003e-09
5.896625068e-10
1.357385913e-10
3.008605164e-08
9.993358372e-09
2.167512145e-08
8.283440597e-10
9.384604263e-09
1.963611387e-11
1.304456323e-12
5.436295471e-11
1.095259042e-09
2.354743382e-08
1.214085437e-09
6.92504526e-11
6.868458051e-09
1.835381517e-08
2.861167997e-09
3.849270622e-09
1.822488029e-10
5.824252491e-09
9.742809765e-09
3.136191261e-08
7.388260003e-08
1.681444109e-08
1.17622416e-10
2.538460112e-11
8.515101733e-11
1.876218909e-09
9.790102501e-11
4.952023118e-11
4.628409588e-11
3.380924362e-09
4.607895172e-10
2.196532628e-08
2.109489192e-08
1.135715671e-09
1.873828166e-11
3.416749494e-10
1.101273548e-11
1.304792087e-09
5.17197196e-10
2.716549344e-11
1.455444432e-11
9.095051157e-10
1.725435706e-11
5.850438827e-10
2.717721848e-08
5.925613712e-11
6.142147529e-11
2.512714591e-10
8.612227885e-11
2.350483116e-08
8.46137397e-09
5.830424544e-10
1.598576822e-10
2.041538201e-08
8.664785346e-11
1.161686954e-10
2.655254841e-08
7.83505828e-12
3.54998322e-12
4.295262782e-12
9.900243136e-11
3.120609322e-08
1.570237418e-08
2.749990288e-09
3.723823275e-10
6.214092388e-08
2.045073155e-10
5.937882866e-11
1.852740351e-08
)
;
    }
}


// ************************************************************************* //
