/*--------------------------------*- C++ -*----------------------------------*\
  =========                 |
  \\      /  F ield         | OpenFOAM: The Open Source CFD Toolbox
   \\    /   O peration     | Website:  https://openfoam.org
    \\  /    A nd           | Version:  7
     \\/     M anipulation  |
\*---------------------------------------------------------------------------*/
FoamFile
{
    version     2.0;
    format      ascii;
    class       volScalarField;
    location    "2";
    object      ILambda_2_0;
}
// * * * * * * * * * * * * * * * * * * * * * * * * * * * * * * * * * * * * * //

dimensions      [1 0 -3 0 0 0 0];

internalField   nonuniform List<scalar> 
6144
(
142.3448952
142.3455099
142.3456758
142.3455451
142.3460584
142.3458618
142.3449696
142.3442003
142.3440701
142.3446086
142.3456614
142.346399
142.3453204
142.3451296
142.3452642
142.3450923
142.3451246
142.3455513
142.3454909
142.3446921
142.3447366
142.3454817
142.3460598
142.3455159
142.3450176
142.3450786
142.3450686
142.3448448
142.3444539
142.3444788
142.3447671
142.3443717
142.3445444
142.3452779
142.3457725
142.3453574
142.3457185
142.3459061
142.3470693
142.3454309
142.3443052
142.3440406
142.344097
142.3441462
142.3446148
142.3448532
142.3452097
142.3450983
142.3470506
142.3473142
142.3509795
142.3474032
142.3448321
142.344254
142.3448837
142.3451453
142.3452633
142.3458577
142.3465709
142.3463562
142.3469465
142.346181
142.3472839
142.3456636
142.3445718
142.3445545
142.3461104
142.3455812
142.3451891
142.3470703
142.3509419
142.3492504
142.3461602
142.3457101
142.3458664
142.3452997
142.3448997
142.3447417
142.3457586
142.3456185
142.3454802
142.3488946
142.3569915
142.3516934
142.3464748
142.3462701
142.3463778
142.3454605
142.3449507
142.3450707
142.3454899
142.3452007
142.3452217
142.3462205
142.3491514
142.3476948
142.3465173
142.3455861
142.3457115
142.3452713
142.3450884
142.3455395
142.3450962
142.3448261
142.3446995
142.3450171
142.3456699
142.3460858
142.3466039
142.345434
142.3449931
142.345071
142.3451461
142.3454708
142.3450187
142.3448133
142.3446759
142.3451704
142.3456735
142.3462799
142.3459411
142.345142
142.3446028
142.3444779
142.3442667
142.3445402
142.3450383
142.3451561
142.3451169
142.3454246
142.3468096
142.3484531
142.3451582
142.3446323
142.3444774
142.344658
142.344589
142.3445677
142.3448142
142.3453825
142.3456308
142.3458585
142.3481808
142.3541669
142.3807326
142.3828285
142.3805106
142.382003
142.3872705
142.3846156
142.3816419
142.3757664
142.3725635
142.3739943
142.3781413
142.3775626
142.381537
142.3783771
142.3763644
142.3785006
142.3807154
142.383639
142.3829514
142.3786719
142.3756191
142.3794999
142.381539
142.3787949
142.3798875
142.37657
142.3735125
142.3722507
142.3736863
142.3753615
142.3779806
142.3755867
142.3757296
142.3768956
142.3829979
142.381431
142.3839425
142.3822957
142.3781252
142.3724862
142.3720343
142.3724537
142.372001
142.3715162
142.3729679
142.3747036
142.3798953
142.383175
142.3889574
142.3841482
142.3809315
142.3747219
142.3719262
142.3745368
142.3772486
142.3786978
142.3746004
142.375923
142.3767744
142.3825545
142.3861481
142.381795
142.382031
142.3770364
142.3741676
142.3741146
142.3765157
142.377795
142.3737808
142.3750371
142.3778237
142.3816431
142.3809064
142.3806622
142.3850069
142.3818658
142.3761062
142.3758953
142.3796405
142.3779803
142.374899
142.3800587
142.3857974
142.3816328
142.3829691
142.3832935
142.3860183
142.3841825
142.3820895
142.3834141
142.3815566
142.3794719
142.3770362
142.3811523
142.3837514
142.3844341
142.3820915
142.3805621
142.3821239
142.3830378
142.3823128
142.3856172
142.3815256
142.3812773
142.3789997
142.3816765
142.3821993
142.3839006
142.3841941
142.3825628
142.3802739
142.3802109
142.3807091
142.3847781
142.3819682
142.3842776
142.3807018
142.3818885
142.3861528
142.38916
142.3786415
142.379679
142.3799086
142.3812823
142.3820385
142.381753
142.3840332
142.386594
142.3859347
142.3837514
142.3838539
142.3858326
142.3777734
142.3759876
142.3755972
142.3798758
142.3826353
142.3813176
142.3790046
142.3799841
142.3805624
142.3774264
142.3796095
142.3858722
142.7361707
142.7386281
142.7012119
142.70491
142.7442341
142.7132928
142.7041533
142.7000517
142.6724033
142.6659061
142.7001203
142.7082507
142.7564921
142.7392643
142.695286
142.6854536
142.7191765
142.7496194
142.7548255
142.710006
142.6637735
142.6981802
142.7159604
142.7124107
142.7406844
142.700658
142.6777677
142.6580183
142.6852792
142.6967912
142.7101247
142.7006221
142.6588106
142.6736614
142.7296349
142.7310251
142.731386
142.6993824
142.6756062
142.6569117
142.6529474
142.657097
142.638405
142.6276208
142.6088489
142.6466119
142.6794953
142.7078823
142.7276067
142.6736779
142.6650601
142.6522263
142.6613055
142.6635557
142.6685088
142.6726399
142.6306836
142.6322132
142.645031
142.6938578
142.7205931
142.6903362
142.6978719
142.7152967
142.6987824
142.6400352
142.6640269
142.6812603
142.6735556
142.6578634
142.6353969
142.6551958
142.7106698
142.7218261
142.7709824
142.814281
142.7558934
142.6876493
142.6853374
142.7144055
142.7051262
142.6799554
142.6549552
142.663734
142.7445343
142.7765441
142.8350501
142.8403932
142.7650285
142.7238691
142.726142
142.7717706
142.7330164
142.7052462
142.7012724
142.7322207
142.7228309
142.7177449
142.7457993
142.7563345
142.7585738
142.7384047
142.7481883
142.8028664
142.7862504
142.7673143
142.753212
142.7913561
142.7065101
142.6917431
142.7023853
142.7167497
142.7068612
142.7361889
142.7260907
142.761274
142.7352937
142.7584768
142.8061681
142.8226487
142.6730396
142.6747129
142.6999307
142.6889073
142.6865887
142.7078456
142.7400403
142.7424685
142.7256471
142.7237089
142.7562986
142.7477306
142.6616916
142.6764996
142.6979341
142.6963225
142.6922106
142.7000609
142.7239022
142.7121996
142.7149257
142.697872
142.7209409
142.726535
145.5514015
145.6659035
145.704709
146.2513102
146.4639063
146.0030904
145.7875966
145.4612843
145.0920434
145.3437347
145.6265559
145.4787284
145.821454
145.9006405
145.876796
145.8170038
146.0101379
146.1741274
145.8823858
145.6665858
145.3227624
145.6541075
145.7123399
145.5905072
146.1272116
146.0066499
145.7200796
145.6083315
145.6069356
145.8493039
145.5936667
145.7108512
145.5005062
145.5257019
145.8743804
145.6501041
145.8729472
146.0809401
145.9184606
145.5948768
145.4344168
145.5589099
145.2354613
145.1269244
144.8271274
145.1021441
145.5150713
145.8186014
145.6422541
145.7663408
145.575289
145.3159801
145.1384754
145.177669
145.333585
145.2034189
144.7827054
144.8320687
145.3260573
145.7330983
145.6661945
145.7570444
145.9732506
145.6814951
145.4451474
145.2871139
145.2702559
145.3328087
144.9939498
144.9696325
145.2060547
145.202522
145.518473
145.8374664
146.5755219
146.5868884
146.0567219
145.838826
145.5142538
145.3786284
145.2399456
145.3980836
145.3795216
145.2514926
145.8458557
146.2345512
147.1971089
147.3249411
146.5181943
146.2838311
146.1372776
146.1747875
145.7964779
145.5220889
145.6655928
145.636343
145.9555439
146.352018
146.9213605
146.8434873
146.5606099
145.9993193
145.7821043
146.0406489
146.0504192
145.621812
145.7335016
145.9562867
145.8241116
146.0803675
146.0013198
145.8691077
145.7230235
145.9260855
145.6262417
145.7508811
145.7680693
145.7227057
146.026335
146.121014
145.5157301
145.7356929
145.5312047
145.2516692
145.4052051
145.9638335
145.8549853
146.0382501
145.7378471
145.6500329
145.774279
146.0433427
145.2123278
145.618663
145.6817734
145.3911992
145.4606545
145.9500682
145.945844
145.8954589
145.4878302
145.162779
145.3969351
145.8836984
170.3112978
171.22048
174.223365
179.2913959
181.322264
175.4739346
170.1332846
167.3932334
165.051678
166.2298454
167.1896962
166.0073601
169.9624966
168.5222389
171.4661853
172.3032227
176.283362
175.2290586
171.3530212
167.5788096
166.6450324
168.182372
169.105535
168.1689182
170.8744415
168.0764809
169.0604665
167.6063936
167.9141449
168.4990222
168.5034656
167.2954518
168.2416999
169.7355767
172.4961078
169.5427475
170.7585568
171.1612321
170.6163757
165.123083
164.2165487
165.6689837
165.5024082
164.016467
164.1311073
165.1377238
169.437663
169.6689576
169.3997007
173.1413252
171.6496964
166.1933402
164.9920004
164.8492747
165.9360186
166.6447366
164.523622
164.0860176
166.8516031
169.6702736
168.3840014
175.0629296
175.6620998
170.8881538
165.9161334
163.6150182
165.5601651
166.9416424
164.5273977
165.879644
168.9875103
168.9477911
168.5753611
174.777289
176.6338293
176.4519423
173.768655
169.4138101
167.3007846
165.6217137
165.9890205
170.3635565
172.9372119
172.0622715
171.0986279
173.3139274
177.8761006
180.345251
178.942806
175.3299009
172.4118494
171.715099
171.8435311
171.4638998
171.8238601
171.8871953
170.4770163
172.2133228
178.7797296
176.2327541
176.9944047
172.838738
172.825302
174.0503069
171.0034736
168.442652
170.1146204
170.5306137
170.9464752
173.0674386
174.495701
170.5511939
172.2010149
171.9388018
171.3496102
170.633528
168.3531514
169.2724187
170.1125308
172.1388407
168.7835083
169.3606422
167.9707983
166.6666455
170.2528485
173.3890737
171.0251238
171.4300691
169.6120887
168.0689894
168.5393794
170.8112051
165.8764557
169.0968218
168.1900727
167.7971511
168.9023769
171.3049423
168.9030742
167.2008085
166.4192381
164.5395305
164.6082571
167.7193036
338.9541631
336.006257
350.8297951
392.5981959
388.2788222
351.6883562
349.7234695
329.3472165
312.6529136
312.4729578
331.6676875
319.7740486
341.5173302
331.8282971
330.9387675
343.36896
381.4822777
376.0459987
371.9709764
336.0151032
306.8448836
318.9499367
341.6869457
329.7698943
337.7662829
314.2678412
304.563586
295.2542404
329.7360388
332.9461334
327.9907602
316.1011814
304.789106
322.0781532
347.9325175
340.186903
347.1639567
338.3832583
315.5299513
289.2598499
305.0488059
305.8995338
293.4595136
283.9068479
284.4455442
301.7619925
333.8874125
331.6484764
341.9487089
359.3930588
327.9618245
304.0781524
302.9103387
286.4134409
295.2272244
296.5457401
283.9868522
296.8708054
315.9884436
327.1863318
329.134562
388.7345477
379.3824146
335.2251169
298.7700232
279.0975912
292.863378
307.0093436
296.3327368
297.2351411
328.0883512
345.1669178
321.4849899
389.7463451
413.5593217
394.3312909
356.396236
328.8731932
336.0593717
321.7934085
320.9831734
338.0432934
363.1422405
357.8020099
352.0913635
378.8397558
403.7224937
411.8296505
389.3998965
361.0528793
363.8640188
366.5320377
365.3940212
349.2652293
361.7941256
371.0088164
336.2283073
345.5100599
399.7839867
393.1844688
377.1779653
365.4731724
357.2261027
364.3043575
358.2637864
336.0271855
334.2307052
346.4089149
329.7318959
341.5736127
376.3422137
355.8278051
353.1638438
358.4710035
359.2306246
357.7366255
346.9934121
354.761945
339.4459904
344.6221594
314.714774
330.0419314
350.3418911
344.0910229
342.0222627
352.7199203
361.2272961
351.9904714
362.1178587
355.4328084
329.5055164
352.4621216
285.7721061
308.3958969
326.0383485
339.3743275
341.741534
355.5030526
346.0691624
321.6277702
310.9630518
312.1959651
302.3554922
327.4187519
1271.816975
1241.042124
1302.685662
1517.051945
1508.26503
1354.893763
1406.156455
1256.564967
1109.914879
1168.784816
1251.200948
1194.432153
1287.158652
1273.027552
1289.206315
1414.10886
1476.351549
1435.572687
1376.924983
1221.743616
1124.361863
1231.278119
1321.410264
1228.549555
1313.707084
1217.61313
1027.911546
1021.320001
1219.946858
1343.469639
1228.569541
1284.200918
1154.974099
1209.679142
1399.536239
1245.674733
1313.420539
1295.756905
1217.337056
1090.196884
1169.012919
1228.979114
1191.376499
1168.056094
1072.384213
1185.557587
1302.202913
1246.424094
1432.651283
1332.976961
1151.238782
1067.89313
1131.329717
1059.009428
1234.881171
1236.285197
1077.128256
1102.314234
1243.722363
1229.784945
1492.904192
1619.283801
1428.65918
1338.420522
1230.495023
1084.270491
1115.125672
1161.833757
1168.879004
1063.607466
1170.705087
1266.97211
1305.906553
1577.77806
1725.820643
1682.586859
1587.625901
1471.49562
1413.415161
1307.791472
1300.797281
1246.263139
1304.084257
1400.696108
1401.533187
1459.146297
1604.953212
1560.127672
1513.99133
1396.192413
1348.232815
1344.618926
1328.722595
1370.56419
1381.401657
1425.031727
1408.97398
1426.577539
1581.681372
1521.631405
1432.788484
1362.695848
1342.287829
1385.539672
1361.001337
1398.143599
1358.178353
1317.680701
1340.42856
1458.420711
1492.101052
1376.645154
1229.512659
1211.965291
1202.375264
1271.403487
1409.450537
1505.932244
1467.860532
1424.000645
1182.217879
1299.365881
1386.018383
1281.528311
1294.186246
1385.905686
1459.316045
1425.304693
1589.039104
1433.848614
1249.343292
1393.439969
935.2362384
1152.768266
1256.845731
1366.549369
1490.787054
1593.320535
1472.726237
1322.123685
1339.193557
1219.043871
1082.292324
1211.518286
5445.51486
5716.410931
6232.099707
7033.868999
7379.213123
6516.853126
6613.623524
6164.204734
4924.017965
5015.381508
5955.665541
5551.728908
5561.571651
5370.376565
5760.899057
6669.253102
6967.053296
6118.130661
5932.657651
5455.397759
4809.336334
6048.591063
6821.808451
5786.241556
5571.364236
5346.868272
4859.411518
5019.401799
5884.44122
5993.956698
5048.106488
5231.407275
4804.544921
5741.38521
6835.492842
5882.48909
5760.748521
5824.459473
5789.738547
4810.48894
4776.587339
5579.168713
4894.804048
4388.912129
4025.292186
5334.074981
6099.284524
6088.421772
6328.849062
5660.763005
5273.875629
4866.704475
4592.21787
4610.210114
5531.954427
5202.370456
4658.639741
5383.469188
5852.536564
5555.440004
6413.583162
6326.675347
5809.360333
5728.88093
4968.330788
4901.575377
5021.702542
5172.322747
4966.499384
4802.248461
4945.516036
5190.565043
5518.272947
6080.093568
7222.603105
7279.466155
6536.632606
6431.043534
5811.042654
5295.121144
5188.012974
5234.50266
5925.434894
5891.582097
5408.780985
5872.269386
7399.883333
6743.296335
6475.012294
6028.71486
5652.745731
6091.058549
5714.920213
5752.046388
6545.75378
6462.501572
5887.002811
6557.815118
7573.611591
6373.381761
6335.497695
5581.604293
5365.178392
6358.116821
6036.175933
6053.852333
6426.154246
6054.170163
6051.187015
6699.759961
6621.275277
5607.88405
5111.416891
5129.927983
4987.128171
5603.177664
6068.27998
6214.489124
6306.075233
6040.491111
5474.845525
5797.81364
6206.242487
5515.666868
5743.079453
6538.89888
6626.621938
6781.468532
7115.009784
6540.675297
5761.163401
6380.133895
4287.199125
5476.297522
6092.91531
6153.037433
6386.415458
6776.846076
5983.814364
5778.270079
6026.492722
5392.298464
5158.03082
5991.948404
19279.51333
19621.54487
20586.84161
22575.9418
23202.56447
21484.78792
21917.28604
20483.57523
17852.18193
17451.90582
19124.00561
18345.34874
19967.91036
19349.8597
20477.32778
21879.15146
23424.60849
21483.25351
21227.47329
19317.88112
17766.07123
20151.34535
20901.64039
18616.64699
19793.41273
19141.73658
18511.96065
18103.60735
20102.65784
20388.48064
18166.16647
19015.87022
17442.29035
18618.59027
20821.15678
18999.71655
19829.96011
20275.77002
19678.52194
16432.90555
16792.61135
18746.92034
16824.31505
14954.39042
13308.01983
16490.21629
19410.55701
19644.32584
20965.18868
19233.34749
17083.59768
15505.69546
16008.16888
15996.47254
17975.23533
16731.47268
13819.59381
16435.77984
18604.85382
18685.51482
21446.43485
21202.8773
18813.64209
18283.12831
17096.51593
16183.78314
16922.27957
17274.55539
16749.26664
16461.44615
17279.12203
18452.12205
19055.52515
20357.36291
21898.53637
22567.70747
21092.83719
20545.14577
19746.11054
18569.14425
18566.02234
18616.36745
19791.78089
19864.20867
19230.95141
20532.85428
23012.74034
21773.60521
20866.18077
20520.99888
19845.43449
20413.99073
19937.80429
19465.63766
20793.55461
20836.28652
21277.20971
21728.51389
23876.72676
21465.59556
21410.19487
19855.36657
19113.55739
21071.50918
20233.16353
19040.99938
20712.98077
20163.23729
21835.7474
22666.31971
22294.08337
20252.69242
19488.82807
19479.34065
18647.60694
19655.14499
20123.32181
20750.17456
26684.09786
21846.67586
20334.88282
20339.41343
20346.71724
19605.16411
21457.18663
22790.7549
22275.00039
22397.40446
23353.83989
21869.09926
20038.40496
20778.90637
17050.42553
18951.37907
19498.62882
20331.27956
22323.15989
23743.43145
22589.08652
21389.60539
20904.16629
19334.80199
18338.28532
19700.85573
35720.93743
35666.31296
36195.79029
37831.32674
40599.70984
41140.33395
41350.40479
34511.39728
33585.69314
34605.52379
31024.60474
29147.97762
35862.7076
38054.11291
40548.62262
40574.11236
42662.58783
41329.04687
37780.1342
32462.16626
32102.55792
33663.20717
32972.80644
30229.80146
34500.16778
36848.01278
39705.00651
39968.16528
40374.95501
37243.50197
30697.58122
32794.07593
28391.29281
31151.99327
33732.49169
31544.39564
34479.15112
36343.33038
38390.13315
37317.15679
37042.46028
34933.30778
28839.78712
26109.03462
22820.62961
28383.39313
33510.92444
34918.22342
37737.33511
38189.15539
37551.17006
35346.61383
35341.23699
33420.40919
30171.45794
27202.22118
23366.7101
29241.27346
33052.65311
31955.86446
39030.08665
40122.18775
39414.60171
38078.33628
37018.94732
35068.30661
35737.88194
33775.72539
28349.2836
26498.0942
27585.8553
27969.03516
36086.10556
37515.81872
38714.7359
37758.02505
37529.24657
38303.69795
37064.90238
34151.99858
30625.06768
28731.51666
29393.77499
29423.88529
37686.0367
38969.8742
39023.50443
37329.1723
36963.70336
38733.96879
32308.65654
29559.11781
30038.46117
29599.69209
29816.34268
33378.65869
42274.89845
42465.11393
41427.6689
38793.62371
37109.25643
36317.79418
31107.56599
29546.63746
28693.29466
29867.32482
30880.33712
34317.41034
41784.4538
43089.37208
41537.73247
37596.55443
34855.69272
33363.17707
31621.35967
30816.6649
31039.76924
36627.73336
40149.58888
38647.73112
38120.57626
40257.95121
39298.27546
38324.8289
40904.53891
42386.99671
39651.60198
38843.21959
40262.54085
39007.91576
37285.72101
36614.39607
33759.35534
37745.87999
40019.13852
39651.24928
42660.77972
44696.92004
44525.22935
40798.54131
39685.99416
38045.67851
32879.42726
33631.41845
40728.98916
41305.39194
42045.09496
43013.75127
45233.69162
46359.19291
46418.91477
42328.24179
40749.98312
40305.83369
38124.70031
36089.68481
39464.40354
42604.58034
45133.91613
45877.51152
47325.45888
46737.98085
43930.60903
39984.57234
38446.1397
37998.14362
37441.40072
35629.22931
38154.82465
41295.50563
44226.31626
45295.84084
45633.91552
43787.97024
39012.34021
38282.44601
35284.67627
35628.67702
37023.47854
37483.68262
39702.08315
41275.00273
43335.30792
43419.76155
43230.16663
41669.98898
37645.55393
35419.99107
30901.35338
33033.54096
36192.61162
38114.59674
43076.58539
43996.70519
44059.41741
42609.15446
42058.14699
40670.85756
38892.18549
36692.04678
32354.45034
34143.44864
36318.99726
36391.14641
44740.94316
45381.90598
45388.94268
44390.96106
43433.26867
41955.08647
42101.12341
40823.40501
37529.75597
34809.16975
34305.43489
34031.66683
44502.93093
44343.47178
44386.03806
43410.30935
43261.99435
43634.38671
42959.78701
40698.73216
38156.07442
35713.99244
35327.12521
35130.48447
46731.0253
46101.2962
45289.58706
44081.97413
43765.94653
44375.35754
40323.10965
36723.4714
35491.92981
35511.94461
35699.4576
37807.89285
48576.45822
48575.70532
47490.62539
45733.45584
44147.81926
43155.18868
39136.71085
36622.11802
35224.19041
36591.12998
37911.02404
39883.75321
45957.53829
47817.99328
47271.40622
45210.36311
43771.74964
42353.89222
39827.81588
38752.34137
38544.33488
41585.44633
43560.82623
43482.39583
45489.29418
46232.44664
46081.50844
45773.96618
47080.28019
48184.38103
47190.15671
46348.30923
46315.75139
45593.83769
44090.10525
42779.1356
44291.47586
44553.37772
46049.09919
46831.57896
48689.10414
50374.15995
51254.7146
49537.30313
48133.08386
46392.88766
42564.08529
41161.98462
40507.02834
41364.37007
42393.89166
43432.20103
45060.66383
46269.72301
46582.91557
44798.24162
43218.13184
41991.41567
40500.48314
38982.72269
38380.50838
41075.37682
43520.02676
45060.00628
46470.30535
46733.74869
45380.23092
43033.23496
41156.27973
39790.08092
38919.07243
38043.75323
38606.71579
41057.44822
43439.46959
44896.80947
45617.68545
45080.43381
42660.64374
41137.38145
38939.15898
37831.78075
37833.73422
38306.27491
42674.88586
43374.27628
44462.05611
44779.44133
44709.83832
43896.65075
41837.01874
40130.567
37248.1515
36522.17595
37163.44225
38048.68275
47226.39538
46795.06189
46445.88594
45484.8826
44729.0949
43691.65336
42605.18124
41193.03517
38643.41267
37762.39538
37797.81398
37631.33179
49496.42249
48460.03976
47722.04597
46714.46443
45761.16803
44694.10081
44261.17446
43311.98918
41419.12759
39186.08709
37806.63117
36951.20797
51119.29606
49066.47375
47759.60879
46471.50128
45755.21854
45495.97043
44815.1762
43190.50254
41254.43628
39204.54568
38165.05788
37691.34942
52969.19031
50446.10369
48753.45471
47357.21283
46539.64923
46196.27623
44018.95554
41269.40788
39348.2857
38605.60774
38431.0777
39264.78991
51643.27724
50384.68255
49352.49844
48160.4097
46986.82308
45992.13491
43662.8878
41511.09767
39921.78807
40034.40046
40717.94814
41629.79386
47246.16118
48447.2102
48516.17313
47768.67071
47104.2878
46322.36027
44931.06097
43840.81737
43220.67253
44030.41709
44797.94442
44831.53031
50121.26907
49280.83034
48727.19229
48451.62733
48916.79102
49600.35478
49660.58855
49339.72254
48975.01959
48320.50803
47092.53731
45675.21804
51252.74077
49441.86094
49334.56292
49791.01209
50631.49128
51594.72586
52590.61408
52266.75442
51310.93035
49883.88649
47438.57525
45445.26761
40252.02867
40667.99876
41528.42459
42571.84165
43894.31356
45074.65023
45684.05901
45157.7821
44129.156
42932.41337
41651.02426
40396.4314
38148.92766
39934.25534
41868.77661
43508.8713
44909.54955
45657.42916
45362.22901
44202.75948
42746.40635
41303.38611
40163.37504
39308.79923
40482.66145
41933.33855
43418.91377
44570.13866
45287.77989
45319.50942
44276.78163
43062.78648
41434.85272
40008.03139
39186.47854
38930.92154
47223.08123
46763.20499
46637.80635
46417.04516
46068.36797
45418.37958
44213.89827
42914.1868
41066.12437
39656.42264
38987.62936
38801.20659
53371.02549
51255.87501
49727.23493
48328.10576
47149.78343
46015.25034
44969.03519
43823.70115
42183.16465
40774.26285
39812.8543
39075.8992
56208.91721
53444.59325
51348.115
49588.66551
48142.94281
46903.89616
46008.78719
45013.15317
43611.33393
41868.10598
40337.43766
39184.35116
58582.06837
54872.19329
52102.84664
49945.33502
48420.25582
47422.09626
46452.1901
45076.46557
43442.73472
41719.90251
40443.93561
39673.92238
59708.59908
55418.74904
52498.08689
50403.90204
48949.8889
47957.66787
46455.52219
44509.55065
42689.61232
41472.78771
40817.19978
40817.48524
56299.00423
53394.33924
51597.46622
50231.66278
49086.98496
48101.28565
46666.29643
45108.17397
43698.54301
43060.16075
42980.85351
43171.9659
51550.3502
51274.91484
50775.73586
50081.57588
49460.49854
48876.20871
48100.62283
47310.72423
46641.52667
46485.46361
46465.89631
46225.2961
56193.82877
54128.03287
52640.77734
51714.27563
51366.73432
51400.78946
51455.49113
51311.52957
50960.41066
50354.23793
49344.19474
48046.39768
58469.4457
55869.74512
54546.48671
54074.6509
53988.18607
54091.17353
54413.46607
54240.40737
53520.26654
52341.66926
50594.65118
48730.47416
41133.99796
40916.9847
41307.46167
42070.57223
43095.88315
44136.02515
44876.07962
44974.07891
44515.83386
43675.18349
42632.04149
41542.05934
39617.74111
40644.47764
41921.12776
43194.13892
44344.74503
45148.03673
45335.39726
44875.57505
43955.51736
42788.0036
41641.86597
40671.03961
43988.16281
44744.87194
45407.75712
45929.6817
46246.84959
46232.84844
45667.39508
44782.49393
43566.26471
42246.02897
41126.16714
40348.62221
53033.43094
51774.57978
50629.127
49586.52695
48621.09405
47645.56553
46519.65151
45326.85946
43899.83076
42478.97964
41331.91262
40507.17715
60530.39588
57331.65454
54674.99261
52419.41471
50529.96062
48911.7788
47527.5361
46251.49127
44848.0289
43419.43162
42134.39198
41037.261
63597.45702
59824.68348
56582.45263
53849.73864
51607.95355
49788.71604
48352.24499
47066.76745
45700.59491
44170.74637
42677.41875
41401.45301
65913.26281
61351.21775
57492.16625
54372.46722
51970.07271
50189.64229
48738.08765
47283.32414
45745.53351
44178.30161
42828.1982
41832.42797
66434.27613
61146.0603
57175.34697
54229.18721
52062.24014
50465.42518
48964.35578
47357.17848
45756.02063
44416.25964
43450.93498
42927.24137
62100.63273
58154.72315
55437.87491
53454.30123
51925.60825
50696.64202
49468.06568
48211.49294
46996.7605
46095.30409
45543.01897
45228.33964
58032.31915
56506.05041
55104.25898
53844.54601
52794.25902
51934.09632
51149.90278
50403.64991
49701.63235
49165.98486
48710.51826
48183.1028
62881.54303
60288.55938
58158.48889
56563.35431
55478.26714
54795.25965
54349.55488
53930.93032
53412.81436
52719.67356
51758.96902
50543.79561
65312.18033
62847.58831
61081.55165
59957.41558
59186.68521
58571.48605
58109.46043
57498.9682
56583.27335
55343.99255
53766.54288
52003.21733
42838.0317
42198.22121
42150.58211
42537.64502
43218.64305
44012.87497
44696.47547
45026.07997
44930.70481
44441.32947
43671.63928
42757.74732
42164.42246
42818.8941
43620.63941
44454.01403
45224.98261
45809.16134
46047.38305
45851.49896
45261.99658
44369.0811
43341.7244
42336.67827
48263.52337
48791.53877
48967.49673
48927.13522
48725.12865
48351.80277
47715.54756
46863.88396
45796.39704
44582.12769
43384.10309
42339.25683
59046.77628
57547.10385
55821.54293
54093.32671
52460.20544
50939.02337
49479.46538
48082.45984
46660.03627
45223.68288
43889.52202
42735.9257
67400.31836
63859.60564
60556.63877
57574.25625
54959.35762
52704.24003
50780.7892
49121.50133
47567.94014
46055.39771
44623.87498
43326.67982
70275.9163
66300.84477
62496.3594
59049.88462
56065.8838
53564.87504
51514.28687
49783.44052
48196.4462
46632.26098
45123.48569
43767.87764
72100.27679
67530.72142
63216.51428
59445.4227
56321.21273
53827.89215
51816.93087
50062.1563
48421.48999
46851.4394
45440.52429
44280.42596
72229.74041
66853.33282
62397.89314
58832.85365
56037.79219
53863.23796
52052.76922
50403.54496
48854.01236
47469.96356
46327.89569
45480.76072
67787.38854
63643.90089
60413.16744
57872.60696
55849.12742
54213.4894
52797.37873
51504.39296
50300.70433
49263.91449
48432.0432
47769.5335
64745.308
62621.02549
60634.76172
58849.23859
57309.92392
56015.14262
54913.37948
53942.41634
53055.13567
52253.85225
51497.18948
50713.34194
68881.71038
66387.67146
64149.23058
62256.96613
60727.25071
59512.73671
58538.32331
57678.52879
56818.29831
55874.50543
54775.74295
53499.27276
70890.37856
69086.68442
67502.05885
66231.01097
65164.32335
64156.54298
63179.20861
62110.90562
60849.21549
59359.94735
57652.99574
55801.90199
44909.15237
44148.06002
43874.34159
43988.00904
44374.86202
44903.05144
45421.05497
45747.15673
45789.05482
45508.47212
44947.92775
44192.65836
45133.84917
45781.80042
46411.80861
46972.17807
47423.1575
47717.22539
47788.29984
47564.15069
47053.43284
46281.62081
45337.31108
44330.10921
52593.21104
53274.57024
53342.4049
53002.46988
52400.32243
51625.60479
50692.55889
49638.83566
48475.0775
47216.5669
45938.62929
44728.5299
64551.7818
63245.16671
61393.88537
59311.44839
57195.40717
55160.44024
53244.0005
51468.84189
49798.03087
48192.87669
46682.56962
45307.48053
73286.79813
69921.8214
66488.92863
63152.67026
60042.84339
57238.62428
54764.37997
52627.7614
50729.65086
48986.68938
47374.38572
45905.12322
75634.80634
72005.22021
68204.17734
64487.86661
61053.77707
58015.97742
55410.82148
53196.83393
51261.42103
49495.09927
47863.17007
46393.50182
76810.51894
72785.78868
68601.65248
64639.74322
61116.24956
58114.55879
55606.37329
53471.4998
51591.50663
49886.40887
48361.63564
47049.26199
76738.21723
71906.3603
67548.11586
63780.80664
60618.33482
58009.09743
55830.89322
53949.83015
52276.29185
50785.29096
49490.67761
48412.51273
72660.18312
68910.89454
65669.25456
62898.20676
60545.913
58553.73144
56840.68575
55332.50502
53976.71992
52769.66537
51710.83874
50776.54671
70587.67058
68404.00981
66279.68172
64284.28496
62469.04008
60853.312
59427.60079
58157.35109
56999.7232
55922.90758
54887.59112
53848.67435
73680.58666
71614.59001
69662.10919
67864.20986
66250.20249
64810.29485
63516.57943
62309.11663
61117.22743
59880.71003
58550.725
57103.00305
75084.04331
74071.55487
72977.48828
71928.70303
70914.12469
69845.07916
68690.86846
67396.09343
65905.79264
64200.36992
62305.16263
60282.22714
142.3470815
142.3478982
142.3477788
142.3470605
142.3466377
142.3451787
142.3453079
142.3454758
142.3457575
142.3464329
142.3447798
142.3447899
142.3454324
142.3472566
142.3499893
142.3446274
142.3445356
142.3452126
142.3457211
142.3457928
142.3455395
142.3451202
142.3458277
142.3453411
142.3445518
142.3464277
142.3451721
142.3449512
142.3452608
142.3450061
142.3469023
142.3450495
142.3446282
142.3449008
142.3444921
142.3457811
142.3451129
142.3450038
142.3453264
142.3448496
142.3458378
142.3460722
142.3457925
142.34558
142.3447414
142.3472932
142.348013
142.3476556
142.346725
142.3454854
142.3501023
142.3511326
142.3501312
142.3485947
142.3475688
142.3575353
142.3609803
142.3589891
142.3546092
142.3515796
142.3773733
142.3781004
142.3786813
142.3790756
142.3809242
142.374313
142.3726922
142.372119
142.3740984
142.377356
142.3777003
142.3737983
142.3726293
142.3755847
142.3765337
142.3816794
142.3773439
142.3759476
142.3779265
142.3757267
142.3811543
142.375418
142.3760522
142.3767228
142.3710615
142.3794319
142.3745068
142.3757265
142.3814002
142.3804981
142.3783148
142.3788411
142.3803416
142.380328
142.3770486
142.3830146
142.384685
142.386626
142.3875044
142.3838179
142.3842726
142.3856957
142.3836086
142.382239
142.3758987
142.3901701
142.3883084
142.3845134
142.3814797
142.3754642
142.3877402
142.3870627
142.3829374
142.3800851
142.3779977
142.3882728
142.3901719
142.3879959
142.3847853
142.3844072
142.6893716
142.6768486
142.6837231
142.7027409
142.7305744
142.6676902
142.6382967
142.6196331
142.6234601
142.6462119
142.6969101
142.6518612
142.6359106
142.6441355
142.6261328
142.7017577
142.6598607
142.6596018
142.6749402
142.6372922
142.6772251
142.6460522
142.6562438
142.6988105
142.6796999
142.661015
142.6306041
142.6812621
142.7726935
142.8080851
142.6818339
142.687694
142.7015587
142.7281957
142.7239092
142.7218407
142.7163758
142.743874
142.7332876
142.6907195
142.7867428
142.7744786
142.7792584
142.7521783
142.6800081
142.8195607
142.8156987
142.7990594
142.7561393
142.6981386
142.7414617
142.7360969
142.7049647
142.6868748
142.7001169
142.7254292
142.7131441
142.6945357
142.6947785
142.7167593
145.3709903
145.2674054
145.2616779
145.2983423
145.455644
145.3868989
145.1712038
144.9167293
144.8135416
144.9184921
145.3499275
145.1766176
145.0522713
145.0699385
144.8794656
145.65665
145.1300447
144.9497757
145.1312899
144.9249745
145.5126514
145.0387472
145.0396604
145.5563986
145.7075112
145.082904
145.1159876
145.5391188
146.1081706
146.0727732
145.1856167
145.2813016
145.4389228
145.4938895
145.2635197
145.5253468
145.4573787
145.5806409
145.7391416
145.359289
145.8809249
145.9840841
145.9730335
145.9442016
145.5667818
146.2565573
146.3747428
146.4938018
146.3154651
146.185601
146.0512072
146.1045946
145.9372251
145.6490745
145.7750654
145.9633973
145.9090896
145.6810857
145.4596494
145.5121662
165.8115173
165.5351241
165.8654823
166.1966027
167.3020777
167.2527679
166.2441709
165.0711424
163.8604094
164.1208138
168.576388
167.0546224
166.1992161
166.3343498
164.9918806
170.3316514
167.7295666
165.6341348
166.9337871
165.7781665
168.8611367
164.8363249
163.8071281
166.9190308
166.5113437
166.7302299
164.7644395
165.2919814
170.3007229
170.7478451
168.3377093
165.048015
164.8427648
168.1029479
168.3358369
168.1710863
167.6217108
169.6362457
171.5483826
168.0810149
169.9236549
172.479614
172.4476054
172.1349317
171.0781448
174.7397274
176.8361432
175.626083
172.0987445
172.141372
172.5734621
172.5840442
170.1948709
168.2976783
170.1738974
169.7178396
169.9754786
168.9660197
167.8353109
168.7203959
315.707301
314.5352444
315.8057544
314.6159519
318.8346233
313.7834411
306.9288262
299.4132287
293.591662
297.2304383
341.8289062
347.5006451
346.751998
345.1089502
337.2559961
347.6175003
346.1305
343.139179
338.2314948
303.2348946
336.987681
318.3509582
309.1945302
320.890456
305.9766589
339.7484312
309.8582951
306.5609453
335.8632425
338.3436997
333.6363441
311.5185492
298.0245022
306.7767007
306.62906
345.445278
341.5219373
336.8684027
338.1930579
304.3819422
341.1591684
359.8400693
363.1678738
348.5086331
316.9854999
357.7137957
362.7053324
361.1702368
351.4187847
339.6882463
351.7332107
340.8106741
339.5928821
345.8097195
365.0449716
331.4704665
329.9625781
332.7665558
339.3963078
353.7010712
1227.010353
1261.991027
1281.7097
1252.953436
1247.182969
1191.199763
1233.175221
1255.074774
1185.042861
1126.933541
1207.174502
1344.805665
1511.187722
1449.643107
1255.976352
1284.092754
1222.728644
1297.492462
1294.073577
1048.487584
1261.59888
1124.879836
1160.656468
1237.888549
1125.914094
1339.518245
1217.953533
1279.667885
1402.767717
1358.438943
1301.59541
1088.85209
1091.697389
1144.321396
1090.944189
1216.432179
1180.166798
1239.740539
1355.501863
1305.734102
1263.412044
1408.93154
1428.320205
1336.825818
1158.269139
1404.407333
1527.833121
1557.58493
1461.362024
1411.948675
1317.525109
1264.786995
1200.578742
1180.401937
1317.647284
1218.253956
1202.268263
1191.349011
1204.17089
1296.638158
5702.476632
5960.996222
6072.103845
5842.867143
5643.425178
5188.762624
5318.100594
5614.979272
5406.106261
4772.857851
5500.723553
5671.579508
6144.891538
5908.122666
5156.93997
6106.048699
5559.497466
5423.525332
5397.410836
4418.634938
5340.851642
4723.832643
5176.136325
5400.93945
4917.63379
5254.062298
4767.825376
5121.525486
5784.529038
5979.609589
5363.309262
4229.176841
4476.148292
5268.560695
5282.469236
5407.188849
5249.608941
5802.742171
5915.046949
5411.917107
6074.514956
6764.120325
6748.148713
5626.517101
4355.427729
6510.153761
7053.68255
6724.434753
5839.056882
5282.649459
6084.439755
5721.16302
5188.218974
4860.133531
5375.290658
5920.380711
5661.176888
5322.892935
5143.449025
5484.846352
18680.68601
18912.91599
19168.12508
19035.52869
18695.15853
17459.49248
17265.13436
17303.96409
17115.11809
16396.45437
18368.8778
19447.13159
20851.79481
19801.72792
18752.62942
19108.25149
17806.76612
17507.41558
17579.89793
16193.48919
17021.24819
15379.93112
16621.42594
16622.33167
16321.37622
18590.639
17204.67386
18246.83361
19485.50985
20129.74464
18826.03062
16567.6032
16623.74612
18196.94994
18166.8232
18713.43517
18518.45195
19333.33985
19603.21238
19048.58002
19537.8025
20422.73769
20259.34451
18038.5295
15990.19692
21555.11114
21987.08373
21358.21632
18911.66357
17899.08462
21089.31097
20283.92535
18837.03001
17541.71108
18225.43097
22540.98839
22113.56904
19445.35539
18019.84857
18405.99997
31762.45734
33482.70245
34094.97376
33955.30168
34208.92556
31886.75259
33307.12527
32823.2128
29798.00811
28926.70448
33721.15495
36001.60914
37065.23122
37003.37536
36374.03355
34915.63025
35732.18478
36104.87624
36516.33963
35813.8894
28464.28904
26634.37538
31147.50094
32804.24477
28852.10621
32166.69077
33604.40327
35768.92257
36187.89997
35484.60221
28997.82592
28294.40908
30517.55544
33316.26868
31257.11725
31138.02367
30377.30755
31054.75822
32149.92923
32653.68278
35145.64208
35036.94408
31884.77269
28539.75714
25768.34227
36665.63181
36397.67177
36143.36988
30509.55083
28187.99193
35785.32314
35584.87334
33820.51912
30557.38386
32463.43235
35921.95132
35289.4102
34011.05558
32708.09391
33290.59072
36672.94673
37647.27378
38395.06809
38794.11554
39065.00154
36691.83162
38024.98443
38466.06034
37289.66984
36814.73214
38413.65854
39993.76519
41082.48926
41544.17256
41598.36583
39019.90211
40137.00889
40759.62897
41341.71842
41315.32343
35711.8385
35450.33056
36846.38411
37911.09764
36903.09223
36151.92659
38093.17824
39469.1868
40034.11992
39767.60581
35226.55712
35070.61743
36158.06299
37914.73124
37474.31222
37714.71801
37469.23605
37096.65253
36996.31742
36590.92833
40549.93508
40562.89626
38823.01657
35411.91596
32405.50717
42160.8255
41431.37027
40761.67933
37446.6671
34810.48492
41662.4243
40927.69212
39857.29128
37712.37276
37894.66827
41504.46724
40586.40348
39589.60717
38320.65599
37795.63179
38819.36182
39024.63188
39363.76574
39664.23225
39869.54758
38170.141
38675.26521
39133.2741
39046.45511
38936.0864
38807.82799
39700.27429
40593.02288
41281.82962
41742.62599
38797.38327
39678.92341
40379.02658
41031.02858
41414.06542
37586.37056
37751.1282
38122.72732
38691.17257
38773.07435
37377.80012
38328.7997
39177.36748
39801.34485
39996.62537
37786.13154
37817.86108
38178.9597
38858.91536
38858.29775
39894.36585
40099.10512
39822.55889
39290.84165
38387.1454
42332.5302
42457.3422
41673.19843
39688.18354
37242.13703
44316.17882
43611.49752
42794.93294
40872.92765
38874.67081
44746.09524
43756.23635
42598.32249
40954.0034
39966.94611
45062.21746
43871.31091
42396.53033
40791.39015
39387.78438
40149.63344
40066.1574
40098.96427
40172.82083
40229.73798
39145.75802
39169.2897
39311.29712
39372.52466
39388.88346
38972.12148
39290.76664
39780.43477
40317.68283
40818.60666
38873.67386
39192.70975
39599.45983
40070.66705
40495.60807
38682.25072
38553.29251
38581.33409
38809.70973
38998.00027
38788.09343
38888.51715
39184.08451
39536.99614
39760.73143
39553.98581
39540.4273
39612.56141
39755.95484
39652.64773
41360.61759
41662.13919
41582.78993
41113.25803
40226.04738
43792.08371
43938.80365
43525.02009
42364.61405
40643.80514
46117.43334
45591.12956
44770.42063
43390.17552
41753.00607
47396.71247
46470.10066
45249.71829
43736.9861
42261.99772
48266.44382
47148.22732
45591.14719
43990.62479
42239.7013
41284.18753
41104.26877
40985.73983
40901.20445
40823.26755
40326.93347
40086.78579
39954.37591
39871.53046
39812.21476
39926.47508
39741.86994
39768.98024
39953.27715
40231.6564
39984.44984
39730.14365
39678.6209
39789.4116
39993.21178
40266.76456
39752.03478
39442.72865
39336.24902
39336.38083
40634.73818
40235.72249
40085.51375
40085.92455
40109.98503
41477.68556
41308.93516
41210.13652
41108.41373
40869.39302
43190.79611
43378.63168
43335.73378
42970.81811
42232.42408
45680.75914
45792.32972
45504.17923
44723.10122
43473.59728
48255.86263
47917.26064
47219.56112
46125.59869
44721.26233
50185.91485
49515.78863
48506.27281
47250.12905
45776.33511
51686.53036
50948.5874
49836.03821
48728.349
47212.02926
42450.82411
42196.85821
41982.40548
41792.93368
41615.07655
41813.78888
41380.37583
41038.81338
40772.1528
40563.09042
41576.08332
41000.13742
40616.95138
40413.50606
40360.36148
41832.23893
41144.54558
40664.56252
40377.25266
40247.70132
42306.53899
41492.60028
40876.55583
40455.96764
40188.34305
42812.33734
42127.672
41664.699
41363.98007
41145.05591
43732.54632
43386.28052
43132.34544
42880.78714
42539.84213
45493.61613
45516.1921
45414.69997
45089.59672
44471.03536
48070.71293
48138.8765
47910.35164
47328.77248
46371.53366
50889.68193
50726.43616
50236.18786
49424.45265
48290.82327
53417.66237
53075.19664
52462.04742
51654.61779
50528.41505
55705.20835
55468.79752
55068.20075
54727.63583
53840.18559
43790.17453
43430.21026
43108.73896
42817.64558
42548.29559
43616.75576
43000.98156
42476.44848
42033.09312
41660.34436
43724.05352
42860.55007
42153.19542
41608.2952
41219.96353
44156.3499
43166.5574
42350.74452
41714.13368
41246.94004
44700.84322
43665.68923
42802.71968
42115.72886
41586.15568
45297.61316
44421.76442
43735.96364
43201.42508
42764.98488
46344.08327
45833.95874
45432.09184
45055.90218
44628.83371
48239.66442
48114.88626
47931.30316
47603.30625
47059.45846
50971.329
51009.94564
50832.57282
50397.65716
49665.93933
54106.05921
54100.97795
53844.97188
53345.89417
52556.48241
57262.30792
57237.6975
57066.017
56791.30613
56206.14365
60402.84948
60642.12981
60962.43297
61419.05605
61329.68736
142.3669542
142.3741786
142.3662207
142.3570681
142.3522909
142.3495212
142.3536135
142.3518301
142.348723
142.3470638
142.3453624
142.3458854
142.3453144
142.3449584
142.3439542
142.3451497
142.3446409
142.3442992
142.344191
142.3432411
142.3454242
142.3452704
142.3448923
142.3446565
142.343504
142.3452344
142.3452542
142.3449963
142.3445532
142.3431867
142.3449421
142.3455094
142.3455426
142.3447314
142.3432724
142.3448215
142.3448561
142.3450439
142.3444126
142.3432801
142.344737
142.3451221
142.3457863
142.3459559
142.3446128
142.3452548
142.3463981
142.3475557
142.3483786
142.3467055
142.3455674
142.347716
142.350418
142.3526275
142.3527115
142.3456912
142.346877
142.3477782
142.3477892
142.346841
142.3921659
142.3972934
142.3898734
142.382802
142.3797717
142.3764113
142.3774495
142.3731393
142.3713378
142.3702532
142.372346
142.3722631
142.3704477
142.3713199
142.3674655
142.3750324
142.371881
142.3717127
142.3741246
142.368428
142.3796313
142.3770853
142.3774535
142.3789465
142.3703922
142.3777266
142.3774629
142.376599
142.3762252
142.3650374
142.3785712
142.3805527
142.3798304
142.3801825
142.3686979
142.378585
142.3757502
142.3771696
142.3782199
142.3697569
142.3764469
142.3768855
142.3809172
142.3806309
142.3728025
142.3757454
142.37909
142.380849
142.3808674
142.3717337
142.3761334
142.376998
142.3788681
142.37869
142.373134
142.3766147
142.3760158
142.374602
142.3704834
142.3616803
142.6783548
142.6528197
142.6342231
142.6192831
142.6206982
142.6645602
142.6375447
142.6145198
142.604096
142.5986282
142.6654055
142.6641092
142.6322832
142.6157861
142.6019251
142.7041985
142.6951151
142.6698335
142.6615513
142.6439925
142.7114804
142.7007728
142.6757666
142.6683829
142.5968027
142.7109524
142.6965355
142.6802085
142.6481973
142.5631858
142.6954855
142.711375
142.691498
142.6800767
142.5659621
142.6800072
142.6691882
142.6743942
142.6823991
142.5892978
142.6682501
142.6923189
142.7109095
142.7094886
142.6240738
142.6881968
142.7185311
142.7119576
142.6880615
142.6157521
142.688734
142.6785618
142.6450141
142.6140792
142.5501971
142.6772862
142.6618216
142.6298923
142.5809319
142.5005772
145.3105072
145.1024756
144.8876945
144.6769904
144.5751284
145.0736576
145.0205997
144.8665079
144.7564541
144.4827357
145.2106489
145.4305944
145.4546093
145.3894241
145.0108327
145.5814164
145.5374445
145.5436277
145.6321367
145.2401808
145.6863828
145.4267915
145.3342959
145.2191687
144.4228589
145.6412307
145.417406
145.2531051
144.9532532
144.0144809
145.8241217
145.7728424
145.6065628
145.2822653
144.1661165
145.5354036
145.4754309
145.6435798
145.4161219
144.4820694
145.4076452
145.5157816
145.8350826
145.8179333
144.9652336
145.6883066
145.7485344
145.6273474
145.3861572
144.5883316
145.511436
145.4126128
145.1167148
144.7423666
144.1276216
145.2673596
145.0954174
144.7899142
144.3427642
143.6590617
165.7012973
164.3041918
163.3713237
162.3691221
162.1958716
164.3695211
163.0109224
162.8446308
164.3811008
164.2710625
165.5288879
165.1410726
164.745401
167.8966901
167.1190516
165.9213856
164.0771274
162.8788355
165.9564976
163.0334693
166.6905033
166.3960117
164.0525368
163.4686502
158.0234553
168.0906078
167.6141738
166.6410337
161.7325196
154.6004452
167.927142
168.7328323
169.6540591
164.8967945
156.4832449
167.6297484
168.0655344
167.1698755
163.7379711
158.0948518
165.7888874
166.8259997
167.8713923
167.1153873
160.8028228
167.7625502
168.0819769
168.3568336
166.1991857
159.4287803
167.7279001
165.5757937
163.2203036
161.0754247
156.4871986
164.7620491
163.0526797
161.5649591
158.5463448
152.8361987
309.6104147
306.2081404
299.7219219
292.4252994
291.0211784
296.8102386
291.7441526
287.1688995
295.7956865
295.8645177
303.2918634
300.5425809
302.7703536
321.762645
307.6190129
302.9009337
295.5803148
283.6080068
315.303551
300.4541738
316.0393967
310.638937
290.5690777
297.4529619
257.5211547
323.6487545
328.1531672
309.6850285
288.8943145
233.0994957
318.2281374
318.8532273
323.6693893
302.7732235
251.7995005
312.8722775
298.9978761
298.5370416
297.3003642
260.1797408
307.2377207
303.6624759
320.2286623
319.1332367
277.3194895
309.8132246
319.7467095
322.3497505
309.8352908
263.5522138
302.8178235
300.2879572
289.0562228
275.7602643
245.0544201
288.6026525
281.8242362
268.2864279
245.1610402
209.4129956
1110.570463
1127.698716
1121.499414
1078.790337
1069.87319
1010.369006
1039.953002
1018.338489
1006.484207
1006.455842
1134.602226
1132.766133
1077.060465
1164.737253
1079.175797
1286.956015
1167.740441
1019.672028
1159.1735
989.2644749
1310.459546
1260.220279
1124.632633
1143.336759
842.9393607
1346.266646
1357.927836
1188.056543
1093.48221
682.765726
1359.952482
1302.848272
1216.030823
1170.208838
782.0114229
1235.528176
1085.652029
1066.025552
1129.915551
927.6126359
1174.284163
1117.163762
1235.919189
1290.167263
1080.543274
1245.346509
1298.373948
1386.393144
1260.919444
938.3660469
1203.237616
1207.352932
1190.639781
1077.403803
834.7505215
955.3821295
921.0124977
865.928181
736.790374
535.7731736
5210.842298
5113.220718
4914.947748
4546.00296
4494.111042
4661.549427
4601.485031
4589.778075
4699.879727
4813.048853
5271.465551
4932.026521
4674.758557
5314.203617
5389.843663
5945.654594
5111.030191
4303.213158
5037.696462
4269.685131
5757.394782
5444.775912
4780.383455
5037.0961
3687.309696
5728.86239
5813.506236
5551.599292
5077.003946
2953.152502
5701.969068
5752.122423
5635.39382
5462.168488
3529.235389
5324.475068
5178.609062
5159.582783
5082.990591
4456.53384
5164.14613
5464.893406
5926.242791
5469.266895
4544.499235
5667.486654
5840.521511
6080.37955
5434.328054
4383.290461
5201.116215
5009.945904
4852.43688
4362.193951
3435.746605
4246.977212
4072.890762
3819.599519
3154.62481
2231.877856
18969.45862
18330.73602
16801.69026
15116.06086
14483.80328
17572.25714
16517.51046
15110.62643
14075.37543
13690.05699
19452.13709
18343.57136
16644.28927
16353.59989
16570.27325
21171.10677
18607.31756
15592.5237
16571.36167
14869.71985
23105.11581
21106.05577
16790.27743
16841.07316
13623.6802
28504.27649
26695.20284
18823.44938
17483.34432
12014.93555
24465.76683
26307.39432
20364.99385
19951.76869
14537.63097
19407.08345
19283.65706
18574.40509
18766.71895
17385.37578
18617.25067
19336.0971
19865.18724
19532.22227
18962.68226
19505.27457
19883.16525
19681.71944
18589.15594
16928.76924
18775.11944
17736.32953
17043.3569
15465.26441
13226.67093
17076.20241
16135.40548
14820.1165
11992.99992
8359.8819
34509.51313
32198.64082
30420.55207
26235.16194
26437.98987
36369.06774
31099.15928
28672.89746
25424.15364
25285.4158
39595.77223
36403.34548
32687.91936
26470.58819
23743.20887
41563.36016
36839.45052
28821.39216
25764.23224
20983.46409
45478.84715
41481.30045
35118.12893
29678.51906
22800.5651
52523.36784
47140.6923
37276.85157
36975.8347
28614.34695
44036.09187
42063.14651
39040.92803
43345.8783
45978.81456
39540.21353
36912.55367
35931.47171
44470.85135
50856.77103
37453.76273
37678.02025
39252.42154
44987.4335
50792.9361
39262.3086
39017.86964
39670.59021
43463.11825
49980.9681
35944.24951
34303.10885
33578.63146
35715.41993
42460.02855
35679.65055
34637.5033
31328.79647
25830.81643
19563.13163
41996.18422
39445.32633
37683.64526
34962.14035
34360.50332
44387.46489
40874.58163
38065.44248
35013.92458
32762.34557
47080.12955
43488.26225
38996.63678
34726.97456
29956.30524
49467.9135
45226.74607
37911.23209
34701.64216
28393.62385
52754.47129
49119.29771
44829.73754
42334.46989
35952.73823
55922.38323
52443.93191
47785.79344
50575.89604
54612.87796
50025.63824
49232.29127
50043.62539
56807.21847
64888.37723
47846.26408
48153.67213
50512.03869
60196.24699
71459.59552
47404.55776
49393.4719
52599.14999
60385.25686
70687.78766
46378.8008
47651.38836
51074.34377
58443.49838
69919.80122
43493.8012
43871.83503
45909.84057
51118.8046
59906.58904
43914.64989
43761.78608
43275.09916
43845.16247
47199.21557
46089.91428
43646.86315
41369.73863
39285.55037
37519.03221
48191.31087
45496.73398
42597.18051
40265.61028
37179.86586
50339.275
47500.46976
44112.22183
42016.93493
38051.81218
52438.50652
49937.56984
46622.14309
45907.21025
42820.45949
54468.76593
53161.48765
52677.48909
55188.53938
58421.37099
55407.71299
55459.06787
56635.87813
63562.76063
75660.67746
53120.43916
55360.97321
59915.6056
68375.1967
77699.52861
52652.49744
56182.13257
62114.56343
72190.35115
83909.74535
52611.84799
56827.37842
62941.58747
71996.72475
82409.51847
51395.62774
55175.65903
61295.3085
70105.22119
80951.71884
50112.4033
52929.62657
57359.75188
63518.14168
70626.9233
51288.66414
53353.87992
56268.17561
60647.32782
66646.8731
49467.16728
47609.27547
45591.40122
44278.36878
42353.46304
51405.10593
49775.93156
47960.91617
47130.24619
44747.4381
53407.7667
52282.55818
51238.59422
51658.75318
49745.16478
55386.20595
55356.78012
55886.3378
58496.96697
58696.445
57077.2499
58653.86193
61836.75114
68062.11889
76828.23892
58013.22324
61196.39367
66298.37825
75219.26945
88886.6513
57931.59331
62777.85727
69514.1334
77988.72359
85560.32313
58444.86629
64183.57607
71780.81922
81122.385
90490.8462
58704.14365
64553.30413
71897.7467
80345.69234
88420.50001
58319.66842
63612.80134
70367.98626
78180.17622
86273.2512
58293.64741
62414.03937
67268.07421
72350.08173
76813.40296
59947.37533
63421.76077
67503.26373
72129.24945
76966.13305
53346.81626
52488.33429
51507.45025
51289.22313
49899.5389
55432.92535
55244.87341
55148.08657
56054.54407
54843.18322
57638.17822
58480.5157
59801.06184
62409.22796
62229.74628
59823.69907
62108.40336
65383.68875
70213.96639
71965.09364
61743.90829
65620.82665
71042.44643
78812.02308
88786.86573
63188.8805
68387.56427
75073.17995
83921.73929
96279.82121
64186.99028
70338.5686
77485.82735
84731.09828
89947.56048
65136.97537
71691.39275
79170.26163
86883.36019
93667.21269
65649.16815
71882.04813
78752.98681
85566.9876
91325.88854
65842.11541
71261.26996
77178.88857
83160.0668
88812.14325
66341.68557
70510.20547
74617.73275
78191.94773
80769.3598
67840.16659
71493.11901
75294.10248
79090.11808
82699.84907
58144.65122
58377.71879
58682.09572
59583.02279
59056.41853
60529.08359
61712.65296
63229.22433
65598.89845
65717.85498
63024.33237
65457.9949
68487.44547
72551.3611
74063.97131
65447.50913
69287.9127
74059.86772
79937.51287
83367.92712
67581.38364
72683.93094
78912.36099
86755.40722
96505.9407
69295.7003
75215.69659
81935.45095
89720.13678
100259.9434
70609.46123
76891.6858
83353.97609
89020.07444
92380.77854
71617.55354
77900.11049
84349.64876
90334.17047
95222.72751
72167.44394
77852.10883
83532.25912
88698.83983
92856.09248
72507.94312
77260.23691
81920.816
86271.00742
90255.69131
73008.57066
76630.93348
79806.09509
82266.40468
83838.00848
73941.22863
77211.08051
80430.37229
83541.2589
86522.51123
63663.99103
64818.32997
66252.03299
68077.91473
68486.92291
66278.71245
68472.27817
71139.34262
74507.18894
75819.70613
68920.40014
72330.47455
76293.89369
81094.88551
83833.16889
71381.12026
75944.69875
81222.28155
87311.63989
91532.4603
73472.37624
78869.86395
84962.47431
92218.60804
101527.9667
75109.76226
80852.05577
86852.47569
93373.07988
102423.4176
76318.5238
82017.7506
87390.96963
91659.7052
93823.018
77152.17598
82610.12623
87822.69578
92395.85936
96073.73255
77558.46245
82318.2904
86766.89827
90654.41454
93815.13929
77789.2704
81665.25973
85200.30145
88360.67354
91253.39386
78054.24982
81039.71023
83479.92888
85249.59334
86290.89997
78325.57616
81123.89877
83850.15571
86504.98246
89108.90826
142.3464019
142.347106
142.3475911
142.3473563
142.3462342
142.3482647
142.3500174
142.3513985
142.3519275
142.3508367
142.348544
142.3500164
142.3499856
142.3488776
142.3469347
142.3485804
142.350325
142.350966
142.3484204
142.3461626
142.3463711
142.3464988
142.346964
142.3463859
142.3447107
142.346077
142.3466671
142.3480296
142.3479968
142.3470596
142.3486869
142.3510595
142.3537211
142.3492756
142.3461396
142.3478133
142.3484114
142.3487409
142.3467725
142.3444444
142.3463269
142.3462464
142.3460108
142.3446397
142.3430214
142.3452789
142.3451746
142.3447084
142.3440452
142.3429273
142.3451719
142.3447722
142.3442169
142.3438798
142.343259
142.3447606
142.3444305
142.3441579
142.3439171
142.3433257
142.379517
142.3788463
142.3768557
142.3729837
142.3646445
142.38064
142.3801089
142.377036
142.3731407
142.3637533
142.3868469
142.3836916
142.3781215
142.3720456
142.360858
142.3842367
142.3814498
142.3784327
142.3743304
142.3628184
142.3780514
142.3763739
142.3762739
142.3778516
142.3673396
142.3769965
142.3759608
142.3831878
142.3907772
142.3889022
142.3841184
142.3824691
142.3874369
142.384423
142.3757118
142.3850127
142.3810785
142.3822327
142.3827789
142.3720845
142.3846587
142.3825965
142.3806459
142.3740714
142.3638152
142.3814467
142.3797077
142.378014
142.3733311
142.3633274
142.3797151
142.3775572
142.3743898
142.3714426
142.365015
142.380677
142.3793804
142.3771418
142.3739024
142.3662637
142.6648237
142.6555208
142.6437848
142.6087971
142.5244583
142.6920343
142.6644493
142.6240581
142.5869084
142.5139601
142.7537804
142.7250936
142.6809053
142.6211856
142.5184176
142.7452939
142.7196734
142.6766166
142.6508541
142.5484197
142.6776102
142.6416754
142.6306319
142.6343689
142.5394065
142.6408417
142.6153414
142.6463874
142.7138722
142.6890437
142.6957858
142.6536499
142.6699916
142.6790175
142.5963597
142.6916953
142.667969
142.6718839
142.6826497
142.5887435
142.6892077
142.6790992
142.6718298
142.6176508
142.5272016
142.6995455
142.6815782
142.6545442
142.6082097
142.5221902
142.711908
142.6839012
142.6615533
142.625286
142.5611972
142.7281308
142.7133742
142.6892315
142.6476983
142.5732381
144.9497291
144.784704
144.6248309
144.3209279
143.6857233
145.3243245
145.0716491
144.7350831
144.4406294
143.8542426
146.0106247
145.7963951
145.2726653
144.8717424
144.0212653
145.7473859
145.6798267
145.1723084
144.8379726
143.9674371
145.2047177
145.0714843
144.7781336
144.6142536
143.7867056
145.0085233
144.8014487
144.6775502
144.6799309
144.186471
145.3139218
145.1221235
145.2324631
145.0754459
144.4600237
145.4477698
145.1811631
145.2824793
145.3367202
144.4964319
145.7128754
145.5867141
145.5121451
144.9774387
143.9878443
145.7875578
145.4466575
145.1995051
144.6939876
143.9585226
145.6559492
145.3658756
145.2211322
144.880347
144.3098931
145.4929787
145.3558623
145.3089939
145.0630577
144.4005157
162.8867103
161.0957271
159.5654262
157.021914
152.237764
167.1614894
165.6060625
162.8904533
159.4439292
154.2043567
170.7770448
169.5244267
165.5318544
161.5844444
154.820988
170.4829979
168.7088406
164.5441412
161.3985983
154.7634071
165.9089744
163.5001507
161.6976865
159.7868905
153.4122066
161.7924447
160.6979819
161.0736522
159.773755
155.9706132
165.1994086
166.0013294
167.1327654
166.0143085
160.1033062
167.7738893
167.469786
168.8832337
168.491002
160.6509518
167.2731495
167.0033968
167.8373683
164.54181
155.8288093
168.3262516
167.1808691
164.6834273
161.048909
154.2449098
169.6648361
168.2988091
165.9034564
162.4930581
157.6280403
167.9759053
166.0007295
164.2690795
161.7271854
157.0891534
277.9705772
266.5527449
255.797291
238.5440574
207.1569756
324.6844676
309.7201642
288.8251779
263.222802
223.1237581
345.937007
336.4776104
322.3917267
292.0009493
241.5343016
337.6511453
319.4292118
301.664279
278.9942054
233.2151061
321.8469886
307.4429506
292.2852909
263.4643241
218.4406453
277.4207194
271.565061
278.0657567
260.5800799
232.1309126
297.1278509
301.4362695
320.589742
301.1443456
253.4972277
302.7884894
294.0059077
310.850098
323.9664695
278.4771597
313.9972267
299.2105768
302.4009947
300.5851534
246.2075284
329.2557173
313.4717049
292.6548441
274.4985739
226.2541164
328.9478547
319.5054104
304.7401352
284.0596568
250.9688142
315.7039941
304.7120276
289.803691
272.5385298
242.9577332
895.9595876
840.2202761
781.4385207
695.2810966
521.4550429
1242.370726
1172.870199
1056.176071
884.8385132
658.3643805
1323.643313
1273.374105
1195.613163
1003.298469
756.724509
1315.541234
1218.508008
1149.824486
1007.219589
727.4238273
1212.062751
1125.819354
1136.155624
1002.839113
645.3560735
1051.516952
949.9266684
1017.086242
959.6333318
721.7504906
1268.793843
1160.750386
1201.889512
1095.919637
813.3250512
1226.806894
1157.640775
1208.83769
1280.150018
1096.072619
1201.195554
1118.838898
1090.238927
1053.287697
731.1122904
1232.381622
1150.46627
1029.458335
940.3601025
646.7567392
1232.348102
1163.389973
1115.161967
1021.43877
830.6418832
1196.215173
1175.929101
1140.69479
1036.461639
820.7527337
4064.966353
3780.286191
3527.011965
3068.3814
2200.950988
5500.307511
5083.879851
4608.52909
3863.321123
2754.322475
6296.016789
5916.790346
5330.890496
4551.76919
3336.652239
5961.289065
6193.98604
5824.395646
4872.412436
3442.349817
4978.638109
4951.092501
5090.921102
4897.125643
3133.59774
4331.210517
3946.30343
4164.085115
4389.818116
3352.058093
5968.387378
5570.926284
5380.554375
4896.864786
3609.10917
5774.230689
5428.040682
5409.157517
6129.432166
5245.406965
5659.391491
5472.273676
5014.598699
4764.433322
3118.023716
5621.486459
5377.912312
4726.788388
4459.011575
3020.302999
5723.522778
5360.62166
4959.447394
4578.691106
3775.147266
5364.903454
5103.840142
4887.320033
4380.940582
3485.066595
16725.55318
15430.32925
14129.70409
12103.53081
8859.682716
21045.71038
19151.92449
17355.46187
14317.3082
10635.99525
22898.01582
20970.76004
18175.93219
14819.63913
11071.19024
21641.21489
21341.97181
19465.179
16821.20877
13438.95942
18217.28192
17967.54956
17112.05095
15886.56381
11267.96437
16465.54181
15063.39876
14783.71544
15686.30167
13173.17611
20170.81017
18941.59658
18416.07628
16498.3374
12991.23163
19916.12083
18387.54892
18207.22734
19233.06916
17315.5048
19254.62857
18465.40757
17209.20736
15576.09298
10571.72429
19685.8405
18443.30654
16615.47657
15128.44162
10396.84127
20089.35677
18936.1312
17957.88703
16413.16143
13485.45528
19791.47452
19004.76578
18154.70673
16080.85679
12825.45057
36473.44562
35942.72879
34419.41064
33285.7705
35031.50906
39032.59723
37563.72185
36305.19465
33260.27831
32110.994
39545.87289
35625.49137
31014.10611
23187.83815
18658.25214
42217.98049
41340.67282
41023.94326
41705.20724
46429.76716
39627.77835
39809.04796
41630.16481
43939.71448
50235.91713
35175.10572
31801.35102
34287.61143
42036.4808
44852.69342
37301.18576
35166.3923
35967.77755
35433.42404
34004.08997
35050.02109
31472.23052
32713.4425
37757.79535
42972.7507
33521.5054
30089.82289
26310.71357
24185.87805
18015.59919
32414.29318
28918.54705
25207.50746
23415.57053
17670.93347
34459.12362
33408.39372
31666.07897
30910.21321
32126.34073
36267.64374
36343.67336
36327.21542
36067.74899
40083.44206
46852.38277
47953.96632
49140.30596
51836.8737
57465.56449
45860.42571
45795.6715
46468.91536
47778.65352
52034.60487
42743.24414
39777.81159
37705.5501
36624.45097
40357.26788
49549.41039
50148.60073
52461.87424
56979.23711
64661.63139
49157.32246
51549.66152
55896.28542
62269.6536
72272.50638
45396.94893
46537.65715
50920.33764
57100.43243
63202.41377
44458.58524
44808.40462
46940.3344
49764.58107
53906.20648
41784.37101
41384.0549
43821.07602
49918.10004
56317.49259
38126.9754
35382.70123
32132.03547
29148.97647
21408.33732
35083.41125
31496.82409
27265.57249
23670.84809
17194.16234
36713.80271
35480.79796
34855.0279
36681.23076
44411.09037
39821.80904
40542.73701
42602.43979
47705.02354
60212.33448
54422.96057
56759.38023
59625.48639
63390.80394
67887.99364
51445.08462
53298.14862
56055.23308
59802.15341
64817.10518
45339.19491
45648.25233
47601.86341
51478.35472
57933.28057
55054.47345
57893.45175
62169.45563
67698.10139
73982.57844
57398.20793
61913.0244
67887.63233
75054.75131
83062.15563
54267.99091
57993.65835
62941.97061
68179.93384
73158.17155
51441.53596
53998.24124
57644.83504
62132.27408
67584.36022
48474.07504
50555.74867
54220.84976
59183.24041
63749.54371
42152.29365
40508.05742
37885.07095
33241.76675
23565.40568
36280.04422
32786.31607
28305.22014
23031.24401
16136.49709
36148.69725
35048.64558
35355.7813
39185.48072
50568.35115
39804.4445
41589.8446
45901.3713
54701.21209
70745.51902
61843.76739
64449.42366
67213.09175
70007.53844
72490.89598
58644.12024
61525.22989
64867.46313
68493.94033
72112.31421
51763.76446
54490.99575
58329.982
63036.91486
68174.53058
61661.10611
65499.19173
69864.59183
74275.40149
78104.44422
65892.67232
71076.27193
76749.46891
82385.92912
87333.3541
63165.61034
67380.63962
71652.40783
75330.23876
77920.53697
59784.76388
63305.22311
67287.88321
71544.54653
75968.93864
56415.18509
59392.90725
62890.13097
66326.6855
68729.46949
47843.85176
46412.65454
43222.471
36867.52668
25395.77971
39087.56645
35266.24271
30060.55746
23475.70608
16118.57757
36934.43434
35797.93736
36375.0216
40910.72898
53435.7933
40512.01526
43027.01918
48581.15234
58869.1844
75424.02807
68007.85365
70135.59176
72107.30519
73794.84929
75065.04228
65734.82824
68580.16121
71432.90342
74105.66429
76403.46644
59682.70072
63147.77939
66951.31916
70749.25163
74159.88338
67962.59786
71575.95243
75034.66595
77989.48093
80160.56926
73084.29906
77708.94219
82101.08763
85868.0693
88689.06208
70719.15764
74288.33914
77285.45281
79333.88332
80217.92594
67713.2661
71139.81098
74580.18255
77949.69911
81265.40517
64243.05413
67122.95449
69914.26166
72215.51027
73606.76081
54082.76456
52173.45738
47949.65397
40148.25745
27259.38877
43009.34893
38482.39582
32302.98973
24687.53143
16758.97417
39072.15537
37534.78513
37796.12866
42176.88794
54569.19938
42161.3369
44808.53496
50644.62711
61150.0716
77327.61963
72560.78736
74053.08753
75311.41687
76295.97376
77000.71653
71538.25501
73855.67222
75976.03054
77811.1829
79313.49713
66921.51509
70091.49478
73140.2703
75862.14181
78116.83941
73064.17004
75950.70401
78422.74006
80350.10934
81715.77564
78300.83506
81895.25618
84967.37075
87352.80498
89008.363
76298.48043
78864.04897
80664.77383
81577.23493
81630.39066
74115.37277
76968.06642
79671.26766
82296.02063
85016.17789
70992.41905
73420.01451
75573.03595
77293.27483
78470.02299
59900.47278
57275.63261
52072.29842
43175.14051
29181.17674
47184.05042
41829.22965
34715.17611
26239.39936
17714.21806
41789.01937
39609.60338
39244.62537
43029.65936
54711.03979
44182.64625
46530.44368
52107.88715
62304.85957
78000.84988
75830.73793
76807.14178
77584.92006
78170.51155
78589.65034
75912.56579
77650.16358
79165.37663
80442.62917
81497.16202
72743.96159
75294.5092
77579.30972
79531.11304
81147.70612
76916.01637
79066.37429
80804.01823
82131.90523
83121.82529
81762.47765
84368.00953
86446.07313
87983.33409
89047.74414
80085.97978
81744.47557
82705.94038
83003.18317
82766.54246
78845.91082
81087.56824
83221.73713
85422.21234
87926.32254
76411.40819
78388.08769
80119.9031
81575.00402
82707.2198
64895.93797
61599.88492
55626.81291
45911.72757
31021.77993
51112.64176
45006.26108
37137.69171
28026.37476
19116.19505
44581.66571
41718.13722
40685.8114
43828.32475
54821.53277
46223.08098
48087.6874
53210.78082
62963.59461
78234.51435
142.3446988
142.3443616
142.3440277
142.3438937
142.3434872
142.345376
142.3449844
142.3444002
142.3442426
142.3441056
142.3453646
142.3451378
142.3448392
142.3446432
142.3442389
142.3454286
142.3447063
142.3443591
142.3443408
142.3444594
142.3456739
142.3446417
142.3441748
142.3442162
142.3438631
142.3451764
142.3447641
142.3441847
142.3439132
142.3435934
142.3443382
142.3441668
142.3440933
142.3441942
142.3438752
142.343888
142.3440265
142.3443455
142.3445606
142.344227
142.3440151
142.3443381
142.3442834
142.3442951
142.3443793
142.3446817
142.3449073
142.3445765
142.3443326
142.3440507
142.3459078
142.3468659
142.3465981
142.3457616
142.3454068
142.3497825
142.3519709
142.3509268
142.3487959
142.3474893
142.3799532
142.3774837
142.374576
142.3714434
142.366258
142.3826835
142.3789741
142.3762451
142.3743386
142.3724306
142.3817305
142.3776728
142.3758222
142.3772316
142.3759745
142.3821728
142.3773967
142.3773238
142.3774333
142.3744509
142.3846646
142.3774012
142.3759807
142.3762595
142.3699685
142.3836439
142.3810608
142.3793136
142.3761062
142.3704387
142.3792858
142.3770207
142.3768214
142.3750518
142.3722493
142.374378
142.3746471
142.3749513
142.3773774
142.3767135
142.3739735
142.3742775
142.3750738
142.3760887
142.3735106
142.3741434
142.3734731
142.3728902
142.3714469
142.3674909
142.3753295
142.3744763
142.3728778
142.3715208
142.372227
142.378122
142.3791407
142.3783202
142.3769341
142.3781718
142.7461682
142.7483351
142.7318801
142.6999661
142.6217338
142.7372804
142.7373099
142.7027894
142.6850869
142.6511106
142.7140984
142.7252656
142.6884269
142.6736757
142.6325648
142.6786548
142.7124296
142.7186356
142.682479
142.6560593
142.6759193
142.6764412
142.7095199
142.6936058
142.6302713
142.6649687
142.667793
142.6988151
142.6870218
142.6796963
142.663864
142.6649153
142.6702636
142.6905834
142.7043077
142.678225
142.649234
142.6424631
142.673575
142.665683
142.6721918
142.6475855
142.632341
142.6557875
142.6377279
142.6452474
142.6381792
142.6148424
142.6060101
142.5756686
142.6642523
142.6551408
142.640621
142.6249804
142.6301352
142.6833953
142.668888
142.665604
142.6667331
142.6862311
145.6499543
145.5778665
145.5674753
145.3922447
144.7455399
145.8320277
145.9073178
145.69535
145.5612258
145.0762311
145.7034804
145.8957925
145.7397337
145.4152654
144.7631158
145.9592989
146.0920242
145.9564155
145.5021896
144.8252811
145.7514643
145.5689045
145.533598
145.5097048
144.8677237
145.5821937
145.358161
145.3639812
145.5272635
145.4188815
145.4898348
145.2397561
145.2721483
145.2863818
145.2094141
145.3524977
145.1044952
145.2128633
145.2832993
145.1138599
145.1043631
145.1375031
145.0397673
145.2775685
145.2773504
145.0682523
145.0678851
144.8133885
144.7203159
144.4889964
145.3712527
145.1939278
145.0157911
144.8685877
144.9297663
145.4682887
145.4276745
145.3983752
145.3736615
145.526145
170.1479652
169.0189052
168.4548609
166.6073069
161.0654284
170.6213836
170.7480016
169.7709654
166.0595822
161.0872617
170.9519663
168.1896057
166.6161509
164.3436533
159.8925325
174.189936
171.2850325
167.0583709
164.6980016
160.6501505
175.327567
172.5389702
168.2306038
167.8342826
163.855571
170.6780733
171.9676088
170.5458544
168.8075344
164.8656666
166.3262957
167.7116137
167.3207064
167.6456226
165.022725
164.9686846
164.5151589
165.2437514
165.3091761
165.4978723
165.2150601
164.672032
163.998144
165.2387672
164.5581101
165.2532004
165.5747462
163.8715611
162.4007488
159.9474465
167.1560146
166.2937867
164.1541567
162.9451657
163.6650574
166.7368231
166.7901407
167.3526575
168.4487096
170.4429828
344.8787241
340.0645942
322.2304384
300.7915193
265.9106003
341.7089795
347.2431764
347.0178264
327.8622602
296.4639379
338.769599
328.3384777
332.5056468
314.3503546
282.7413238
379.7436209
354.5906666
322.6601847
293.2904194
269.6863925
373.3994001
349.8562119
326.6809366
311.403149
275.1461477
336.3299575
347.7860677
344.2242486
315.148761
289.6473747
315.7471184
316.8996064
324.5626282
326.0972087
303.5423988
322.55976
311.4713706
305.0240126
309.5676195
298.9272332
329.1835662
317.318661
308.2447561
317.6596318
308.5742398
326.0460187
319.0344564
298.5877917
293.356325
285.1671507
335.7792344
322.554723
308.3038108
300.5188246
309.569038
331.4739484
333.2500424
331.4593415
328.5604568
337.8129957
1323.33115
1290.632491
1161.126049
1055.477728
864.3197945
1311.80535
1389.881529
1264.315514
1141.477813
1054.072005
1408.643089
1467.359421
1400.625886
1248.807694
1157.475972
1605.73953
1625.663174
1485.127816
1232.720215
1063.355406
1535.717248
1475.256404
1477.794116
1341.02285
1027.102507
1377.427752
1345.987061
1424.592239
1385.000445
1258.839925
1298.932238
1159.580861
1172.487712
1302.323887
1256.688384
1282.915009
1087.647196
1042.830232
1137.791013
1153.000469
1262.307879
1138.564183
1044.648618
1194.653851
1287.856907
1228.931197
1143.557707
1034.406516
1012.039184
969.4664293
1307.344094
1250.792171
1167.058635
1153.775701
1220.240639
1309.293903
1340.601522
1322.780844
1293.263794
1343.237213
5826.454861
5610.16198
5162.596699
4656.64435
3742.592067
5977.170914
6341.615274
5805.595446
4960.011354
4517.087876
6442.81047
6417.692166
5678.992365
4896.882621
4608.180087
6691.88813
6614.194801
5674.169352
4865.471452
4948.735418
6583.984725
6116.851762
5712.246673
5548.138026
4670.198746
5818.9123
5615.444629
5541.425184
5652.422806
5371.772672
5486.079586
5016.593825
5112.997684
5562.2308
6155.105022
5796.845581
4876.798275
4855.193506
4913.189082
5724.778263
5579.438295
5202.674496
4614.598917
5077.30272
5609.813005
5032.963451
4904.258147
4201.563515
3964.994914
4098.044239
5718.213198
5280.303476
4922.574073
4708.245808
5084.133125
5726.801616
5657.596464
5612.836416
5503.680593
5770.9705
24150.13818
20695.96617
18889.80637
17122.22392
13576.74806
21543.0018
21190.3437
19517.28518
17154.14631
15090.89732
21005.2089
20136.67174
18673.09694
16413.48261
15785.47702
21535.97118
20677.38335
18965.17407
16911.86104
17145.14523
21205.11984
20563.22719
19522.89845
19188.08023
18056.21451
20036.34792
19941.98144
19382.23658
19321.04426
19557.55026
19719.91279
18975.73704
18595.14909
19520.37461
20721.06715
19814.57192
18385.81928
18061.15409
17755.63047
19276.20764
19280.74166
19112.86024
17613.1453
18430.04368
19968.07431
17722.58115
17973.15667
16486.89151
15714.6581
15705.41337
19296.3864
18792.61872
17994.73937
17221.17988
17485.33289
19772.60451
19884.27511
19640.66018
19177.06185
19394.69151
38279.55617
36042.68628
34935.00003
32119.18755
34818.70121
36184.64575
33885.14317
29808.01289
26896.22681
24860.0208
34492.24562
30433.5313
27031.54612
24846.07239
24485.93787
35640.23571
32915.96451
27853.90288
26346.52481
26124.60399
37853.34567
35371.48224
31983.01955
34647.49428
36503.5247
37053.21526
34757.71002
34016.1919
36259.48201
38694.53015
38289.07725
32671.09324
31804.32867
35674.36596
37818.38302
35391.16239
31729.85436
30531.2744
30321.76433
31111.61916
35198.87807
35495.68471
32873.79311
35173.23327
36814.52777
34211.02793
33857.27448
31816.91001
30333.08185
29519.78802
33444.6841
35120.68609
34283.66905
30941.9433
29046.46327
32864.34638
35094.45301
35853.18473
35190.59929
34307.29533
41379.39257
40683.4241
41811.10857
44474.66862
52801.42777
40897.02439
39221.95929
37135.77431
36126.52153
34260.24757
40174.1388
36416.6563
33277.17809
31497.50499
31654.99451
40687.5148
37618.81769
33187.96171
31413.07956
31247.70007
42499.26913
39869.28856
36280.78348
37116.46256
39068.44063
43227.79995
40451.04669
38710.256
40231.08348
42345.02608
44264.4427
40148.69071
38524.05161
40572.03099
42447.39527
42421.30049
39639.51291
37767.69791
36708.12844
37115.50687
41603.87621
41184.24941
39238.4385
39550.24216
40453.95044
40545.55669
40388.38397
38707.92604
36827.51569
35900.80728
38998.58044
40071.89633
39831.63283
37899.64597
36003.09205
37623.82944
39281.48852
40134.12451
39815.11698
39011.90475
40834.27947
41746.28356
46047.82193
53794.74628
64716.48226
41219.9737
40967.54482
42358.17492
45261.85976
42939.38968
41347.72388
39440.38009
38529.89256
39023.58339
38398.04175
41829.80365
39550.13764
36973.06692
36118.86655
35577.54595
43058.66359
40760.3722
37921.96174
37563.09003
38305.75426
44157.67677
41734.17713
39531.77987
39641.81007
40824.87153
45119.13513
42362.12663
40340.49233
40656.27414
41820.92456
44523.72587
42449.57549
40451.54512
39359.34003
39517.618
43668.36205
42878.40274
41299.43094
40584.13881
40678.14796
42550.73429
42386.75414
41214.26476
39912.63546
38971.41707
41077.30998
41550.43694
41354.93996
40346.75197
39082.85028
39547.25724
40328.85652
40836.98169
40764.00706
40285.65864
40621.91454
42706.48664
49718.22682
60311.11436
71243.38115
40866.31112
41883.61098
46724.63178
53339.12515
52738.56388
41185.69367
40944.50849
42988.20344
46740.80303
46126.74452
41705.61239
40649.78311
40491.58911
41887.2189
41360.23676
42625.27132
41130.29378
39784.59073
40045.55432
40118.94652
43678.40407
41925.5165
40241.8128
40062.95236
40491.65625
44637.73968
42761.82253
40973.28735
40589.16029
41064.96798
44785.96439
43261.95367
41515.35536
40505.58496
40413.17236
44338.29469
43543.73668
42190.94882
41205.96891
40872.60483
43437.53901
43229.41335
42344.41222
41328.2181
40533.81874
42173.52411
42389.37106
42157.36748
41506.63508
40670.54033
40750.2548
41115.35054
41332.52523
41273.52351
40967.80728
41475.90353
44108.8718
52675.9447
64273.33919
74267.86345
41185.35541
42948.93661
50329.89729
59277.84422
59151.59459
41217.31388
42001.88223
46692.66348
53368.22151
52661.77954
41544.55345
41476.52163
43699.3062
47763.05172
47480.70941
42199.27649
41509.68986
41950.01913
43949.36299
44080.85554
43072.77526
41984.13107
41392.16592
42050.93539
42353.10285
43968.85422
42709.43424
41592.7769
41455.90023
41684.36226
44473.04211
43359.28289
42081.47344
41347.54033
41170.44287
44457.45193
43759.86421
42681.21645
41790.53516
41326.20685
43929.57218
43675.66958
42968.84196
42144.05197
41455.97146
42975.42263
43044.44644
42793.35365
42289.84313
41671.11283
41769.16004
41937.83609
41988.30398
41882.08158
41631.76106
43062.7894
45714.61303
54807.63755
66410.22051
75419.28183
42313.16583
44296.55888
53106.41611
63096.18743
62622.78164
41944.5187
43156.2648
49676.36241
58351.88074
57191.86886
41938.75427
42388.18273
46475.54283
52851.17146
52726.17328
42276.3669
42080.63634
44114.77457
48102.54476
48640.57819
42887.30271
42222.4811
42795.6841
44840.95584
45533.04288
43627.56057
42712.87904
42384.39089
43071.17917
43551.72326
44227.52833
43319.21401
42558.12551
42363.4109
42398.96127
44490.98504
43811.59766
43013.97155
42424.04189
42085.03942
44315.35401
43951.80254
43360.17676
42727.66423
42183.98662
43708.10693
43605.13733
43319.67589
42894.57903
42405.8589
42783.17654
42780.7191
42707.50012
42546.3182
42304.22215
44969.84978
47317.20095
56289.69316
67505.33806
75771.25127
43987.60873
45815.56236
55142.44796
65353.0331
64378.25053
43333.58903
44529.27488
52017.07602
61772.04064
60038.40805
43028.80648
43556.97559
48813.83152
56809.19556
56678.93162
43062.26529
42978.34119
46138.15929
51811.70141
52790.29473
43390.55526
42821.80018
44306.99715
47755.72571
49061.1481
43917.89155
43049.72234
43368.50175
45048.05453
46089.71489
44454.68752
43508.21602
43153.71082
43610.60308
44096.11906
44826.24801
44001.67997
43395.13285
43176.56859
43139.70716
44887.07061
44298.12785
43730.589
43274.82769
42924.88119
44576.71842
44222.1352
43841.24163
43444.4352
43049.16646
43936.86383
43716.18754
43494.99602
43255.42634
42992.1775
)
;

boundaryField
{
    walls
    {
        type            greyDiffusiveRadiationFvDOMP;
        refValue        nonuniform List<scalar> 
768
(
0
0
0
0
0
0
0
0
0
0
0
0
0
0
0
0
0
0
0
0
0
0
0
0
0
0
0
0
0
0
0
0
0
0
0
0
0
0
0
0
0
0
0
0
0
0
0
0
0
0
0
0
0
0
0
0
0
0
0
0
0
0
0
0
0
0
0
0
0
0
0
0
0
0
0
0
0
0
0
0
0
0
0
0
0
0
0
0
0
0
0
0
0
0
0
0
0
0
0
0
0
0
0
0
0
0
0
0
0
0
0
0
0
0
0
0
0
0
0
0
0
0
0
0
0
0
0
0
0
0
0
0
0
0
0
0
0
0
0
0
0
0
0
0
0
0
0
0
0
0
0
0
0
0
0
0
0
0
0
0
0
0
0
0
0
0
0
0
0
0
0
0
0
0
0
0
0
0
0
0
0
0
0
0
0
0
0
0
0
0
0
0
142.3408435
142.3408435
142.3408435
0
0
0
0
0
0
0
0
0
142.3408435
142.3408435
142.3408435
0
0
0
0
0
0
0
0
0
142.3408435
142.3408435
142.3408435
0
0
0
0
0
0
0
0
0
142.3408435
142.3408435
142.3408435
0
0
0
0
0
0
0
0
0
142.3408435
142.3408435
142.457338
0
0
0
0
0
0
0
0
0
142.3408435
142.3408435
145.6588334
0
0
0
0
0
0
0
0
0
142.3408435
147.5706963
173.1693436
0
0
0
0
0
0
0
0
0
496.717534
516.8174407
519.5086194
0
0
0
0
0
0
0
0
0
3477.899716
3919.903112
4017.331217
0
0
0
0
0
0
0
0
0
36661.8053
8746.920326
11891.23058
0
0
0
0
0
0
0
0
0
63119.27924
11095.48952
37380.41847
0
0
0
0
0
0
0
0
0
71282.3407
12372.12763
45748.46907
0
0
0
0
0
0
0
0
0
73714.50736
31316.4231
46767.62108
0
0
0
0
0
0
0
0
0
74181.88855
38396.455
46262.98205
0
0
0
0
0
0
0
0
0
73894.98763
41132.11574
45494.95734
0
0
0
0
0
0
0
0
0
73550.58708
42580.61132
45486.86361
0
0
0
0
0
0
0
0
0
142.3439345
142.3498937
142.3445372
142.3436659
142.3408435
142.3441071
142.3430998
142.3408435
142.3408435
142.3408435
142.3408435
142.3408435
142.3472263
142.3456336
142.3408435
142.3408435
142.3408435
142.3720408
142.3468763
142.3408435
142.3408435
142.3408435
142.3408435
142.3408435
142.3545127
142.3408435
142.3408435
142.3408435
142.3408435
142.5132192
142.3462244
142.3408435
142.3408435
142.3408435
142.3408435
142.3408435
142.3408435
142.3408435
142.3408435
142.3408435
142.3408435
142.7719097
142.3408435
142.3408435
142.3408435
142.3408435
142.3408435
142.3408435
142.3408435
142.3408435
142.3408435
142.3408435
142.3408435
142.3408435
142.3408435
142.3408435
142.3408435
142.3408435
142.3408435
142.3408435
142.3408435
142.3408435
142.3408435
142.3408435
142.3408435
142.3408435
142.3408435
142.9494289
142.3408435
142.3408435
142.3408435
146.2810554
142.3408435
142.3408435
142.3408435
146.4714689
147.7093904
142.3408435
142.3408435
179.7592729
153.4956199
142.3408435
165.7972217
211.2329285
495.9956563
491.2380064
390.271303
559.0745879
437.4465948
445.6133971
430.7274457
716.862984
457.7482041
337.0383535
662.8038866
942.9684377
3512.843991
3973.193224
2717.438527
4985.704339
3037.918
4081.631777
3437.081705
7315.892702
1876.259806
1583.838696
5034.860266
5258.532871
40010.87376
35457.5522
10837.2799
58500.0196
66518.47935
54103.95647
36358.15155
55771.77336
4452.892801
6104.788514
42905.87602
55610.1526
66317.10988
60269.52819
48428.11902
75852.42549
86539.62328
72499.51864
62946.70925
65998.66475
5877.892172
8960.706301
68614.10591
87965.47608
72299.98487
70410.85077
65865.54496
79840.02269
90526.9739
77359.94635
74412.09719
67370.77693
6535.318547
10136.01409
77683.87468
95727.39439
74247.94321
75193.17058
72772.27526
80676.04569
90786.09053
78869.06986
80421.98664
69294.46701
7080.002418
10795.96273
80543.95605
97206.22906
75860.45371
78172.1052
76815.43393
81447.90993
90414.92876
79877.48543
84648.13807
73877.22634
7665.571907
11363.60938
80839.29325
97589.4166
77469.75834
80496.26169
79864.66319
82633.99833
90032.59003
80994.97111
88117.92735
79113.56944
8312.491414
12017.00754
79743.77171
97772.93363
78882.92397
82371.28764
82485.0978
83890.61083
89764.1457
82187.20496
91017.50191
83438.49103
9027.617
13477.55663
78962.51835
97779.99543
0
0
0
142.3408435
142.3408435
142.3408435
142.3408435
142.3408435
142.3408435
142.3408435
142.3540264
142.345143
0
0
0
142.3408435
142.3408435
142.3408435
142.3408435
142.3408435
142.3408435
142.3408435
142.3551226
142.343196
0
0
0
142.3408435
142.3408435
142.3408435
142.3408435
142.3408435
142.3408435
142.3408435
142.343986
142.3408435
0
0
0
142.3408435
142.3408435
142.3408435
142.3408435
142.3408435
142.3408435
142.3408435
142.3408435
142.3408435
0
0
0
142.3408435
142.3408435
142.3408435
142.3408435
142.3408435
142.3408435
142.3408435
142.3408435
142.3408435
0
0
0
142.3408435
142.3408435
142.3408435
142.3408435
142.3408435
146.6577019
142.3408435
145.7528012
142.3408435
0
0
0
147.3934581
152.9454678
142.3408435
142.3408435
153.2782787
216.3953506
146.0951794
205.8456724
162.6216217
0
0
0
427.9005994
545.7434408
370.7471287
430.2576425
635.5391618
1258.701763
863.8673197
951.3012858
699.7043375
0
0
0
2758.684753
3342.9849
1976.456277
3291.206023
6291.258942
12239.35396
9294.40304
6839.672601
3334.438763
0
0
0
5376.550187
7955.240114
9531.88465
59443.90175
69235.60573
65668.17001
67142.30788
57357.68388
13316.57838
0
0
0
7900.504622
12575.42925
76359.17412
80214.73122
92768.98995
87451.40177
88277.78583
72487.95944
55103.30626
0
0
0
9609.314317
64742.46371
107435.1639
86625.22854
97966.37727
92997.1664
93108.55725
77308.39146
73917.81284
0
0
0
12390.76531
88041.88892
116904.5189
89069.14047
98672.51464
94442.17424
93921.82644
79773.54254
81550.75288
0
0
0
17339.41048
96956.61141
119920.1544
90540.60251
98724.85168
95118.88137
94014.40807
82065.53519
86008.0875
0
0
0
48244.16403
105061.1877
121105.2687
91708.04495
98779.59745
95670.26559
94045.6422
84479.32454
89407.38972
0
0
0
61098.81858
111836.4246
121624.2988
92712.73597
98884.17853
96183.81041
94112.15841
86602.2594
91693.53491
)
;
        refGradient     uniform 0;
        valueFraction   nonuniform List<scalar> 
768
(
0
0
0
0
0
0
0
0
0
0
0
0
0
0
0
0
0
0
0
0
0
0
0
0
0
0
0
0
0
0
0
0
0
0
0
0
0
0
0
0
0
0
0
0
0
0
0
0
0
0
0
0
0
0
0
0
0
0
0
0
0
0
0
0
0
0
0
0
0
0
0
0
0
0
0
0
0
0
0
0
0
0
0
0
0
0
0
0
0
0
0
0
0
0
0
0
0
0
0
0
0
0
0
0
0
0
0
0
0
0
0
0
0
0
0
0
0
0
0
0
0
0
0
0
0
0
0
0
0
0
0
0
0
0
0
0
0
0
0
0
0
0
0
0
0
0
0
0
0
0
0
0
0
0
0
0
0
0
0
0
0
0
0
0
0
0
0
0
0
0
0
0
0
0
0
0
0
0
0
0
0
0
0
0
0
0
0
0
0
0
0
0
1
1
1
0
0
0
0
0
0
0
0
0
1
1
1
0
0
0
0
0
0
0
0
0
1
1
1
0
0
0
0
0
0
0
0
0
1
1
1
0
0
0
0
0
0
0
0
0
1
1
1
0
0
0
0
0
0
0
0
0
1
1
1
0
0
0
0
0
0
0
0
0
1
1
1
0
0
0
0
0
0
0
0
0
1
1
1
0
0
0
0
0
0
0
0
0
1
1
1
0
0
0
0
0
0
0
0
0
1
1
1
0
0
0
0
0
0
0
0
0
1
1
1
0
0
0
0
0
0
0
0
0
1
1
1
0
0
0
0
0
0
0
0
0
1
1
1
0
0
0
0
0
0
0
0
0
1
1
1
0
0
0
0
0
0
0
0
0
1
1
1
0
0
0
0
0
0
0
0
0
1
1
1
0
0
0
0
0
0
0
0
0
1
1
1
1
1
1
1
1
1
1
1
1
1
1
1
1
1
1
1
1
1
1
1
1
1
1
1
1
1
1
1
1
1
1
1
1
1
1
1
1
1
1
1
1
1
1
1
1
1
1
1
1
1
1
1
1
1
1
1
1
1
1
1
1
1
1
1
1
1
1
1
1
1
1
1
1
1
1
1
1
1
1
1
1
1
1
1
1
1
1
1
1
1
1
1
1
1
1
1
1
1
1
1
1
1
1
1
1
1
1
1
1
1
1
1
1
1
1
1
1
1
1
1
1
1
1
1
1
1
1
1
1
1
1
1
1
1
1
1
1
1
1
1
1
1
1
1
1
1
1
1
1
1
1
1
1
1
1
1
1
1
1
1
1
1
1
1
1
1
1
1
1
1
1
1
1
1
1
1
1
1
1
1
1
1
1
1
1
1
1
1
1
0
0
0
1
1
1
1
1
1
1
1
1
0
0
0
1
1
1
1
1
1
1
1
1
0
0
0
1
1
1
1
1
1
1
1
1
0
0
0
1
1
1
1
1
1
1
1
1
0
0
0
1
1
1
1
1
1
1
1
1
0
0
0
1
1
1
1
1
1
1
1
1
0
0
0
1
1
1
1
1
1
1
1
1
0
0
0
1
1
1
1
1
1
1
1
1
0
0
0
1
1
1
1
1
1
1
1
1
0
0
0
1
1
1
1
1
1
1
1
1
0
0
0
1
1
1
1
1
1
1
1
1
0
0
0
1
1
1
1
1
1
1
1
1
0
0
0
1
1
1
1
1
1
1
1
1
0
0
0
1
1
1
1
1
1
1
1
1
0
0
0
1
1
1
1
1
1
1
1
1
0
0
0
1
1
1
1
1
1
1
1
1
)
;
        emissivityMode  lookup;
        emissivity      uniform 1;
        value           nonuniform List<scalar> 
768
(
142.3466377
142.3464329
142.3499893
142.3457928
142.3445518
142.3450061
142.3444921
142.3448496
142.3447414
142.3454854
142.3475688
142.3515796
142.3809242
142.377356
142.3765337
142.3757267
142.3710615
142.3804981
142.3770486
142.3838179
142.3758987
142.3754642
142.3779977
142.3844072
142.7305744
142.6462119
142.6261328
142.6372922
142.6796999
142.8080851
142.7239092
142.6907195
142.6800081
142.6981386
142.7001169
142.7167593
145.455644
144.9184921
144.8794656
144.9249745
145.7075112
146.0727732
145.2635197
145.359289
145.5667818
146.185601
145.7750654
145.5121662
167.3020777
164.1208138
164.9918806
165.7781665
166.5113437
170.7478451
168.3358369
168.0810149
171.0781448
172.141372
170.1738974
168.7203959
318.8346233
297.2304383
337.2559961
303.2348946
305.9766589
338.3436997
306.62906
304.3819422
316.9854999
339.6882463
365.0449716
353.7010712
1247.182969
1126.933541
1255.976352
1048.487584
1125.914094
1358.438943
1090.944189
1305.734102
1158.269139
1411.948675
1317.647284
1296.638158
5643.425178
4772.857851
5156.93997
4418.634938
4917.63379
5979.609589
5282.469236
5411.917107
4355.427729
5282.649459
5375.290658
5484.846352
18695.15853
16396.45437
18752.62942
16193.48919
16321.37622
20129.74464
18166.8232
19048.58002
15990.19692
17899.08462
18225.43097
18405.99997
34208.92556
28926.70448
36374.03355
35813.8894
28852.10621
35484.60221
31257.11725
32653.68278
25768.34227
28187.99193
32463.43235
33290.59072
39065.00154
36814.73214
41598.36583
41315.32343
36903.09223
39767.60581
37474.31222
36590.92833
32405.50717
34810.48492
37894.66827
37795.63179
39869.54758
38936.0864
41742.62599
41414.06542
38773.07435
39996.62537
38858.29775
38387.1454
37242.13703
38874.67081
39966.94611
39387.78438
40229.73798
39388.88346
40818.60666
40495.60807
38998.00027
39760.73143
39652.64773
40226.04738
40643.80514
41753.00607
42261.99772
42239.7013
40823.26755
39812.21476
40231.6564
39993.21178
39336.38083
40109.98503
40869.39302
42232.42408
43473.59728
44721.26233
45776.33511
47212.02926
41615.07655
40563.09042
40360.36148
40247.70132
40188.34305
41145.05591
42539.84213
44471.03536
46371.53366
48290.82327
50528.41505
53840.18559
42548.29559
41660.34436
41219.96353
41246.94004
41586.15568
42764.98488
44628.83371
47059.45846
49665.93933
52556.48241
56206.14365
61329.68736
142.3408435
142.3408435
142.3408435
142.3444594
142.3438631
142.3435934
142.3438752
142.344227
142.3443793
142.3440507
142.3454068
142.3474893
142.3408435
142.3408435
142.3408435
142.3744509
142.3699685
142.3704387
142.3722493
142.3767135
142.3735106
142.3674909
142.372227
142.3781718
142.3408435
142.3408435
142.3408435
142.6560593
142.6302713
142.6796963
142.7043077
142.665683
142.6377279
142.5756686
142.6301352
142.6862311
142.3408435
142.3408435
142.3408435
144.8252811
144.8677237
145.4188815
145.2094141
145.1138599
145.2773504
144.4889964
144.9297663
145.526145
142.3408435
142.3408435
142.457338
160.6501505
163.855571
164.8656666
165.022725
165.4978723
164.5581101
159.9474465
163.6650574
170.4429828
142.3408435
142.3408435
145.6588334
269.6863925
275.1461477
289.6473747
303.5423988
298.9272332
308.5742398
285.1671507
309.569038
337.8129957
142.3408435
147.5706963
173.1693436
1063.355406
1027.102507
1258.839925
1256.688384
1153.000469
1287.856907
969.4664293
1220.240639
1343.237213
496.717534
516.8174407
519.5086194
4948.735418
4670.198746
5371.772672
6155.105022
5724.778263
5609.813005
4098.044239
5084.133125
5770.9705
3477.899716
3919.903112
4017.331217
17145.14523
18056.21451
19557.55026
20721.06715
19276.20764
19968.07431
15705.41337
17485.33289
19394.69151
36661.8053
8746.920326
11891.23058
26124.60399
36503.5247
38694.53015
37818.38302
31111.61916
36814.52777
29519.78802
29046.46327
34307.29533
63119.27924
11095.48952
37380.41847
31247.70007
39068.44063
42345.02608
42447.39527
37115.50687
40453.95044
35900.80728
36003.09205
39011.90475
71282.3407
12372.12763
45748.46907
35577.54595
38305.75426
40824.87153
41820.92456
39517.618
40678.14796
38971.41707
39082.85028
40285.65864
73714.50736
31316.4231
46767.62108
41360.23676
40118.94652
40491.65625
41064.96798
40413.17236
40872.60483
40533.81874
40670.54033
40967.80728
74181.88855
38396.455
46262.98205
47480.70941
44080.85554
42353.10285
41684.36226
41170.44287
41326.20685
41455.97146
41671.11283
41631.76106
73894.98763
41132.11574
45494.95734
52726.17328
48640.57819
45533.04288
43551.72326
42398.96127
42085.03942
42183.98662
42405.8589
42304.22215
73550.58708
42580.61132
45486.86361
56678.93162
52790.29473
49061.1481
46089.71489
44096.11906
43139.70716
42924.88119
43049.16646
42992.1775
142.3439345
142.3498937
142.3445372
142.3436659
142.3408435
142.3441071
142.3430998
142.3408435
142.3408435
142.3408435
142.3408435
142.3408435
142.3472263
142.3456336
142.3408435
142.3408435
142.3408435
142.3720408
142.3468763
142.3408435
142.3408435
142.3408435
142.3408435
142.3408435
142.3545127
142.3408435
142.3408435
142.3408435
142.3408435
142.5132192
142.3462244
142.3408435
142.3408435
142.3408435
142.3408435
142.3408435
142.3408435
142.3408435
142.3408435
142.3408435
142.3408435
142.7719097
142.3408435
142.3408435
142.3408435
142.3408435
142.3408435
142.3408435
142.3408435
142.3408435
142.3408435
142.3408435
142.3408435
142.3408435
142.3408435
142.3408435
142.3408435
142.3408435
142.3408435
142.3408435
142.3408435
142.3408435
142.3408435
142.3408435
142.3408435
142.3408435
142.3408435
142.9494289
142.3408435
142.3408435
142.3408435
146.2810554
142.3408435
142.3408435
142.3408435
146.4714689
147.7093904
142.3408435
142.3408435
179.7592729
153.4956199
142.3408435
165.7972217
211.2329285
495.9956563
491.2380064
390.271303
559.0745879
437.4465948
445.6133971
430.7274457
716.862984
457.7482041
337.0383535
662.8038866
942.9684377
3512.843991
3973.193224
2717.438527
4985.704339
3037.918
4081.631777
3437.081705
7315.892702
1876.259806
1583.838696
5034.860266
5258.532871
40010.87376
35457.5522
10837.2799
58500.0196
66518.47935
54103.95647
36358.15155
55771.77336
4452.892801
6104.788514
42905.87602
55610.1526
66317.10988
60269.52819
48428.11902
75852.42549
86539.62328
72499.51864
62946.70925
65998.66475
5877.892172
8960.706301
68614.10591
87965.47608
72299.98487
70410.85077
65865.54496
79840.02269
90526.9739
77359.94635
74412.09719
67370.77693
6535.318547
10136.01409
77683.87468
95727.39439
74247.94321
75193.17058
72772.27526
80676.04569
90786.09053
78869.06986
80421.98664
69294.46701
7080.002418
10795.96273
80543.95605
97206.22906
75860.45371
78172.1052
76815.43393
81447.90993
90414.92876
79877.48543
84648.13807
73877.22634
7665.571907
11363.60938
80839.29325
97589.4166
77469.75834
80496.26169
79864.66319
82633.99833
90032.59003
80994.97111
88117.92735
79113.56944
8312.491414
12017.00754
79743.77171
97772.93363
78882.92397
82371.28764
82485.0978
83890.61083
89764.1457
82187.20496
91017.50191
83438.49103
9027.617
13477.55663
78962.51835
97779.99543
142.3522909
142.3470638
142.3439542
142.3408435
142.3408435
142.3408435
142.3408435
142.3408435
142.3408435
142.3408435
142.3540264
142.345143
142.3797717
142.3702532
142.3674655
142.3408435
142.3408435
142.3408435
142.3408435
142.3408435
142.3408435
142.3408435
142.3551226
142.343196
142.6206982
142.5986282
142.6019251
142.3408435
142.3408435
142.3408435
142.3408435
142.3408435
142.3408435
142.3408435
142.343986
142.3408435
144.5751284
144.4827357
145.0108327
142.3408435
142.3408435
142.3408435
142.3408435
142.3408435
142.3408435
142.3408435
142.3408435
142.3408435
162.1958716
164.2710625
167.1190516
142.3408435
142.3408435
142.3408435
142.3408435
142.3408435
142.3408435
142.3408435
142.3408435
142.3408435
291.0211784
295.8645177
307.6190129
142.3408435
142.3408435
142.3408435
142.3408435
142.3408435
146.6577019
142.3408435
145.7528012
142.3408435
1069.87319
1006.455842
1079.175797
147.3934581
152.9454678
142.3408435
142.3408435
153.2782787
216.3953506
146.0951794
205.8456724
162.6216217
4494.111042
4813.048853
5389.843663
427.9005994
545.7434408
370.7471287
430.2576425
635.5391618
1258.701763
863.8673197
951.3012858
699.7043375
14483.80328
13690.05699
16570.27325
2758.684753
3342.9849
1976.456277
3291.206023
6291.258942
12239.35396
9294.40304
6839.672601
3334.438763
26437.98987
25285.4158
23743.20887
5376.550187
7955.240114
9531.88465
59443.90175
69235.60573
65668.17001
67142.30788
57357.68388
13316.57838
34360.50332
32762.34557
29956.30524
7900.504622
12575.42925
76359.17412
80214.73122
92768.98995
87451.40177
88277.78583
72487.95944
55103.30626
37519.03221
37179.86586
38051.81218
9609.314317
64742.46371
107435.1639
86625.22854
97966.37727
92997.1664
93108.55725
77308.39146
73917.81284
42353.46304
44747.4381
49745.16478
12390.76531
88041.88892
116904.5189
89069.14047
98672.51464
94442.17424
93921.82644
79773.54254
81550.75288
49899.5389
54843.18322
62229.74628
17339.41048
96956.61141
119920.1544
90540.60251
98724.85168
95118.88137
94014.40807
82065.53519
86008.0875
59056.41853
65717.85498
74063.97131
48244.16403
105061.1877
121105.2687
91708.04495
98779.59745
95670.26559
94045.6422
84479.32454
89407.38972
68486.92291
75819.70613
83833.16889
61098.81858
111836.4246
121624.2988
92712.73597
98884.17853
96183.81041
94112.15841
86602.2594
91693.53491
)
;
    }
    inlet
    {
        type            greyDiffusiveRadiationFvDOMP;
        refValue        uniform 142.3408435;
        refGradient     uniform 0;
        valueFraction   uniform 1;
        emissivityMode  lookup;
        emissivity      uniform 1;
        value           uniform 142.3408435;
    }
    outlet
    {
        type            greyDiffusiveRadiationFvDOMP;
        refValue        uniform 0;
        refGradient     uniform 0;
        valueFraction   uniform 0;
        emissivityMode  lookup;
        emissivity      uniform 1;
        value           nonuniform List<scalar> 
384
(
44909.15237
45133.84917
52593.21104
64551.7818
73286.79813
75634.80634
76810.51894
76738.21723
72660.18312
70587.67058
73680.58666
75084.04331
44148.06002
45781.80042
53274.57024
63245.16671
69921.8214
72005.22021
72785.78868
71906.3603
68910.89454
68404.00981
71614.59001
74071.55487
43874.34159
46411.80861
53342.4049
61393.88537
66488.92863
68204.17734
68601.65248
67548.11586
65669.25456
66279.68172
69662.10919
72977.48828
43988.00904
46972.17807
53002.46988
59311.44839
63152.67026
64487.86661
64639.74322
63780.80664
62898.20676
64284.28496
67864.20986
71928.70303
44374.86202
47423.1575
52400.32243
57195.40717
60042.84339
61053.77707
61116.24956
60618.33482
60545.913
62469.04008
66250.20249
70914.12469
44903.05144
47717.22539
51625.60479
55160.44024
57238.62428
58015.97742
58114.55879
58009.09743
58553.73144
60853.312
64810.29485
69845.07916
45421.05497
47788.29984
50692.55889
53244.0005
54764.37997
55410.82148
55606.37329
55830.89322
56840.68575
59427.60079
63516.57943
68690.86846
45747.15673
47564.15069
49638.83566
51468.84189
52627.7614
53196.83393
53471.4998
53949.83015
55332.50502
58157.35109
62309.11663
67396.09343
45789.05482
47053.43284
48475.0775
49798.03087
50729.65086
51261.42103
51591.50663
52276.29185
53976.71992
56999.7232
61117.22743
65905.79264
45508.47212
46281.62081
47216.5669
48192.87669
48986.68938
49495.09927
49886.40887
50785.29096
52769.66537
55922.90758
59880.71003
64200.36992
44947.92775
45337.31108
45938.62929
46682.56962
47374.38572
47863.17007
48361.63564
49490.67761
51710.83874
54887.59112
58550.725
62305.16263
44192.65836
44330.10921
44728.5299
45307.48053
45905.12322
46393.50182
47049.26199
48412.51273
50776.54671
53848.67435
57103.00305
60282.22714
43790.17453
43616.75576
43724.05352
44156.3499
44700.84322
45297.61316
46344.08327
48239.66442
50971.329
54106.05921
57262.30792
60402.84948
43430.21026
43000.98156
42860.55007
43166.5574
43665.68923
44421.76442
45833.95874
48114.88626
51009.94564
54100.97795
57237.6975
60642.12981
43108.73896
42476.44848
42153.19542
42350.74452
42802.71968
43735.96364
45432.09184
47931.30316
50832.57282
53844.97188
57066.017
60962.43297
42817.64558
42033.09312
41608.2952
41714.13368
42115.72886
43201.42508
45055.90218
47603.30625
50397.65716
53345.89417
56791.30613
61419.05605
42548.29559
41660.34436
41219.96353
41246.94004
41586.15568
42764.98488
44628.83371
47059.45846
49665.93933
52556.48241
56206.14365
61329.68736
63663.99103
66278.71245
68920.40014
71381.12026
73472.37624
75109.76226
76318.5238
77152.17598
77558.46245
77789.2704
78054.24982
78325.57616
64818.32997
68472.27817
72330.47455
75944.69875
78869.86395
80852.05577
82017.7506
82610.12623
82318.2904
81665.25973
81039.71023
81123.89877
66252.03299
71139.34262
76293.89369
81222.28155
84962.47431
86852.47569
87390.96963
87822.69578
86766.89827
85200.30145
83479.92888
83850.15571
68077.91473
74507.18894
81094.88551
87311.63989
92218.60804
93373.07988
91659.7052
92395.85936
90654.41454
88360.67354
85249.59334
86504.98246
68486.92291
75819.70613
83833.16889
91532.4603
101527.9667
102423.4176
93823.018
96073.73255
93815.13929
91253.39386
86290.89997
89108.90826
75830.73793
75912.56579
72743.96159
76916.01637
81762.47765
80085.97978
78845.91082
76411.40819
64895.93797
51112.64176
44581.66571
46223.08098
76807.14178
77650.16358
75294.5092
79066.37429
84368.00953
81744.47557
81087.56824
78388.08769
61599.88492
45006.26108
41718.13722
48087.6874
77584.92006
79165.37663
77579.30972
80804.01823
86446.07313
82705.94038
83221.73713
80119.9031
55626.81291
37137.69171
40685.8114
53210.78082
78170.51155
80442.62917
79531.11304
82131.90523
87983.33409
83003.18317
85422.21234
81575.00402
45911.72757
28026.37476
43828.32475
62963.59461
78589.65034
81497.16202
81147.70612
83121.82529
89047.74414
82766.54246
87926.32254
82707.2198
31021.77993
19116.19505
54821.53277
78234.51435
44969.84978
43987.60873
43333.58903
43028.80648
43062.26529
43390.55526
43917.89155
44454.68752
44826.24801
44887.07061
44576.71842
43936.86383
47317.20095
45815.56236
44529.27488
43556.97559
42978.34119
42821.80018
43049.72234
43508.21602
44001.67997
44298.12785
44222.1352
43716.18754
56289.69316
55142.44796
52017.07602
48813.83152
46138.15929
44306.99715
43368.50175
43153.71082
43395.13285
43730.589
43841.24163
43494.99602
67505.33806
65353.0331
61772.04064
56809.19556
51811.70141
47755.72571
45048.05453
43610.60308
43176.56859
43274.82769
43444.4352
43255.42634
75771.25127
64378.25053
60038.40805
56678.93162
52790.29473
49061.1481
46089.71489
44096.11906
43139.70716
42924.88119
43049.16646
42992.1775
)
;
    }
}


// ************************************************************************* //
