/*--------------------------------*- C++ -*----------------------------------*\
  =========                 |
  \\      /  F ield         | OpenFOAM: The Open Source CFD Toolbox
   \\    /   O peration     | Website:  https://openfoam.org
    \\  /    A nd           | Version:  7
     \\/     M anipulation  |
\*---------------------------------------------------------------------------*/
FoamFile
{
    version     2.0;
    format      ascii;
    class       volScalarField;
    location    "2";
    object      ILambda_0_0;
}
// * * * * * * * * * * * * * * * * * * * * * * * * * * * * * * * * * * * * * //

dimensions      [1 0 -3 0 0 0 0];

internalField   nonuniform List<scalar> 
6144
(
142.3447191
142.3455155
142.3455765
142.3454043
142.3459466
142.3455011
142.3444742
142.3438861
142.3439444
142.3446229
142.346009
142.3479228
142.3451628
142.3451989
142.3454011
142.3451933
142.3454278
142.3457863
142.3453017
142.344364
142.3445104
142.3453879
142.3462174
142.3460923
142.3449235
142.3450276
142.3449582
142.3448341
142.344654
142.3448864
142.3451017
142.344367
142.3445564
142.3455018
142.3461291
142.3455561
142.3452142
142.3455147
142.3463061
142.3448086
142.3441239
142.3441657
142.3442851
142.3441183
142.3445959
142.3449446
142.345358
142.3450525
142.3462929
142.3469266
142.3506574
142.3464692
142.344249
142.3440603
142.3446717
142.344803
142.345043
142.3454927
142.3457883
142.3455086
142.3465113
142.3462713
142.3485122
142.3457983
142.3443153
142.3443837
142.3459945
142.3452712
142.3450253
142.3466675
142.3492709
142.3473394
142.3462914
142.3457399
142.3465437
142.3453919
142.344688
142.3445664
142.3460171
142.3455768
142.3453768
142.3491015
142.3569811
142.3502374
142.3464145
142.3461579
142.3465226
142.3453355
142.3447756
142.3448811
142.3457342
142.3453161
142.3453189
142.3472198
142.3519622
142.3486194
142.3459365
142.3455413
142.3460592
142.3452734
142.3449678
142.3454179
142.3451895
142.3449174
142.3448412
142.3456246
142.3474417
142.3470606
142.3460108
142.3452263
142.3452282
142.345247
142.3452392
142.345645
142.3450102
142.344777
142.3446553
142.3453418
142.3461526
142.3464605
142.3454957
142.3450337
142.3446718
142.3446401
142.3444437
142.3448811
142.3451812
142.3450658
142.3449279
142.34538
142.3466715
142.3475737
142.3448749
142.3444754
142.3443792
142.3446692
142.3445133
142.3445958
142.3449118
142.3453929
142.345502
142.3457722
142.3479046
142.3519996
142.3794528
142.3826194
142.3801008
142.3818389
142.3869782
142.3832328
142.379247
142.3733962
142.3716799
142.3733231
142.3773468
142.3774669
142.3811848
142.3793097
142.3775036
142.3804511
142.3837263
142.3854674
142.3825754
142.3767195
142.3737165
142.3786612
142.3804738
142.3773597
142.3795093
142.3763158
142.3736804
142.3741842
142.3768652
142.3790104
142.3810276
142.3763191
142.3756338
142.3779309
142.3842185
142.3797602
142.3817919
142.3798132
142.3755653
142.3714941
142.3731322
142.3741168
142.3739121
142.3720875
142.3738603
142.3758814
142.382827
142.3832074
142.3874939
142.3822337
142.378637
142.3721845
142.3711635
142.374771
142.3768172
142.3769304
142.3735364
142.3760669
142.3783494
142.3840597
142.3875578
142.3815761
142.3809499
142.3743043
142.3722518
142.3738252
142.3765754
142.3776858
142.372916
142.3747711
142.3771731
142.3826033
142.3835315
142.3808377
142.3845974
142.379137
142.3733531
142.3741701
142.379013
142.3773936
142.3736389
142.3791422
142.3844711
142.3805824
142.3842502
142.3831206
142.3865717
142.3826931
142.379085
142.38032
142.3802798
142.3783278
142.3755373
142.3811719
142.3850547
142.3837849
142.3817577
142.3806852
142.3838777
142.3836479
142.3815255
142.3846029
142.3804065
142.3800611
142.3774998
142.3818436
142.3830334
142.3838834
142.383609
142.3820088
142.3808658
142.3811187
142.3809787
142.3859443
142.38098
142.3830625
142.3786724
142.3816357
142.3861029
142.3882526
142.3798626
142.3812885
142.3810608
142.3818804
142.3819036
142.3829728
142.3843051
142.3867181
142.3841823
142.3831505
142.3847779
142.3867642
142.378243
142.3770509
142.3770992
142.3821719
142.3838009
142.3820101
142.3802991
142.3822372
142.3825856
142.3793191
142.3818478
142.3863707
142.7365656
142.7323048
142.6953823
142.6983661
142.72974
142.6874232
142.6798808
142.6837866
142.6618607
142.6492074
142.6875249
142.6938591
142.7586571
142.7392714
142.6916686
142.6899319
142.7314811
142.7449032
142.7385357
142.6932808
142.6532408
142.6933972
142.7086959
142.7013568
142.7537344
142.7084509
142.6798727
142.6646587
142.7072349
142.7198476
142.7337808
142.7093172
142.6570474
142.6856013
142.7446878
142.7270182
142.7445915
142.7014858
142.6743232
142.6564418
142.6668782
142.6756497
142.6595734
142.645013
142.6179363
142.6678468
142.7115528
142.7249787
142.7389101
142.6730369
142.6621862
142.6430397
142.6585469
142.66999
142.6680196
142.6638027
142.6143427
142.6373423
142.6672977
142.7210532
142.7326358
142.6795334
142.6790682
142.6806111
142.6711057
142.6306851
142.6655406
142.6752947
142.6503586
142.6439579
142.6366018
142.6759983
142.7277201
142.7074756
142.7432049
142.7736889
142.7146502
142.6534749
142.6711766
142.6990501
142.6824147
142.660552
142.6396113
142.6592677
142.7559585
142.7708716
142.8293816
142.8309386
142.7368847
142.6927288
142.7051191
142.7511934
142.70473
142.6791824
142.6757038
142.7052074
142.72889
142.7354437
142.7816011
142.789405
142.7628724
142.7225257
142.737749
142.7998618
142.763755
142.7353372
142.7194795
142.7613846
142.7084222
142.7032258
142.7274226
142.7473509
142.7263825
142.7436292
142.7268182
142.7807557
142.7424772
142.7595715
142.790573
142.8095798
142.6838042
142.6840164
142.7149057
142.7038115
142.6975115
142.7238206
142.7458414
142.7577178
142.7304875
142.7368243
142.7769646
142.7697926
142.6669352
142.6807884
142.7104209
142.7040593
142.6954441
142.7090959
142.7377269
142.7255087
142.7234637
142.711617
142.7490147
142.7479552
145.547112
145.7078093
145.6731609
146.2828101
146.2517048
145.6879421
145.5485604
145.2672512
144.9574907
145.2219918
145.524895
145.3674315
145.7228232
145.8251323
145.8170347
145.951423
146.1704541
146.1169731
145.7622411
145.4859138
145.1096877
145.5905297
145.6371106
145.4691582
146.0729717
145.9165693
145.6728395
145.6913301
145.7999131
146.0364751
145.6691906
145.7561973
145.4403376
145.6049902
145.9440339
145.5280904
145.996633
146.1150915
145.8590938
145.5972093
145.5583893
145.7877712
145.3219466
145.2956791
144.9715962
145.3576655
145.783164
145.8381245
145.7941638
145.9120179
145.6014694
145.3151343
145.1958287
145.3554945
145.3860727
145.1961234
144.7369559
144.9619488
145.5940146
145.9662497
145.7962571
145.8191917
145.8200835
145.3846449
145.2053865
145.1819635
145.2594962
145.295538
144.835844
144.8927162
145.3332765
145.4274708
145.6676
145.8489369
146.386562
146.1159225
145.6011003
145.492006
145.2830626
145.2167957
145.0281655
145.2328404
145.3096222
145.2311282
145.900565
146.1789446
147.1554652
147.0099313
146.0460773
145.9685332
145.8575114
145.8725012
145.4574526
145.3456964
145.5501353
145.4625829
145.9859852
146.4276765
147.2781474
147.0804403
146.4870374
145.8903359
145.7702852
146.0648261
145.9058447
145.4493782
145.6403761
145.8035561
145.877584
146.3113242
146.4598312
146.3531638
146.013853
145.9854594
145.5987793
145.8281032
145.8252959
145.6516615
145.9641787
146.0318837
145.7596553
146.0143486
145.7622724
145.503305
145.6187204
146.1101632
145.7708753
146.0143497
145.7394844
145.685487
145.8901253
146.1090835
145.4681997
145.8934529
145.7516867
145.3693828
145.5068818
146.1247687
145.9536565
145.9495494
145.4988424
145.2650496
145.6231757
146.099803
170.2826887
171.1634827
172.9399937
178.3869141
179.2374241
172.0931993
167.1756628
165.4943951
164.0322502
165.6008059
166.6925642
165.4207459
169.9851195
169.1523529
172.7037405
174.9067403
179.3058995
175.3387319
169.8481661
166.1514936
165.2745623
167.3871686
168.0034232
166.6874826
171.0189168
167.7176402
170.1274175
170.0279622
171.9120873
171.3592914
169.6541829
167.3133206
168.0939426
170.0083564
172.2184404
167.9688489
171.5352755
170.0859043
170.0856171
165.5088175
166.2194913
167.8221962
166.8966265
164.5614866
165.4176586
167.0767048
171.8199831
169.4636725
170.4631299
172.6914083
170.2967821
164.3600596
164.8195644
165.8466914
166.5613644
166.1855564
164.3403712
164.6327916
168.6651244
170.5257282
169.5942173
175.6922373
173.8696655
167.0741668
163.3623677
162.8938543
165.8818611
167.1589942
163.9054259
165.0734246
168.8617147
169.0514337
169.9284908
176.6010149
176.141445
173.0997417
169.0411034
165.6322818
165.5585576
164.8855109
164.7087829
169.0997626
172.0117306
170.8568642
171.8036013
174.9002446
178.2383728
179.0335103
175.3371032
171.4738474
169.4004976
168.9839332
169.4185525
170.6692315
172.0059336
171.716971
170.6908793
173.2522891
180.816588
177.6893312
177.4543056
171.8343207
171.8350395
173.0327077
170.2095109
168.4758315
170.9047538
170.859163
171.2732591
174.2841986
178.0603356
172.8781985
174.8029112
172.0058643
171.4332193
171.1359681
168.4730191
169.2979798
170.5973021
172.1973748
170.7343868
171.2901549
170.7793984
168.3417999
172.758579
174.201084
171.0572303
171.8633441
169.3879528
168.4928844
169.6204048
171.9388421
168.8082208
171.206382
169.0456597
168.2559511
170.4762804
173.3617695
169.4461275
168.3551354
167.3703888
165.4634755
166.2127225
169.7357832
342.7225263
337.7295783
346.6277978
396.2191331
377.8086183
333.5630079
330.425616
317.4703889
311.6823473
313.2543724
332.4558783
317.7735878
343.288431
334.4919746
338.6165822
366.6742369
396.8996107
369.5005837
363.0767866
325.1376951
301.5024501
318.6361813
342.7838974
320.9279831
340.3271214
314.915169
312.1254333
315.6826036
361.842653
351.4885168
344.3573441
322.2737317
305.0844515
327.5119816
354.5161975
334.1658642
351.6938336
328.8385162
308.7598869
290.3656878
325.7019584
322.9691346
307.1684435
292.8533656
292.0788959
314.4263258
350.9624733
334.3266314
353.6015651
350.2420456
309.9886429
289.5767368
308.3305909
295.1194934
301.066292
295.1071633
282.4360889
304.1492726
329.2943732
330.5859737
342.7902621
388.4388235
349.9640908
303.5193616
284.9849724
273.3838119
291.8381898
304.121183
287.6010227
293.2763771
329.0781646
342.1651914
332.0141331
406.0950181
400.8221745
361.4099437
321.5523171
301.2209582
317.2140712
306.9837075
304.5483872
323.3735051
354.3945408
349.0503967
352.869865
397.7196754
410.0887878
400.4798414
362.785291
334.3267481
347.0842284
346.6501273
344.3586051
337.6075216
363.2344243
368.3848122
341.5190238
363.3429589
420.0970595
402.4268791
374.1295854
353.9222186
350.9209085
360.1878867
353.7127015
330.6622307
341.1246955
356.0323058
332.0870251
352.6394376
404.3151313
371.1033612
362.9661152
360.0855661
356.7128079
358.6357592
345.8131375
348.3115641
338.0074352
347.8148337
323.8587167
345.5050527
379.3398028
355.528954
349.3686327
357.5582985
363.9225074
356.0030456
364.6339843
356.9088007
331.2182241
356.5164932
300.5803009
326.9124289
351.6592858
355.9919283
350.5833118
365.3996081
353.8544054
328.9927532
326.6730058
329.3779837
312.411028
342.1697936
1285.084128
1258.797316
1351.736291
1595.22006
1502.661721
1303.023691
1345.209294
1201.849668
1099.278119
1171.254048
1259.438443
1209.509387
1290.362369
1273.366921
1337.667191
1539.14733
1539.969117
1407.930401
1370.906884
1177.865061
1088.696615
1235.09991
1311.682605
1194.03228
1319.928952
1214.376194
1067.746126
1163.30703
1370.923889
1419.883795
1265.345765
1284.282822
1124.189426
1228.49708
1431.096072
1200.947138
1320.807486
1266.591606
1165.186279
1087.81939
1253.116682
1324.984039
1216.019694
1195.116621
1074.011386
1235.677458
1378.215223
1233.604904
1423.873029
1264.447837
1085.954643
1017.208135
1162.100469
1122.548449
1284.336684
1239.521196
1037.177235
1147.126425
1329.029623
1233.299692
1540.743611
1538.707451
1244.445404
1150.940096
1117.573613
1012.903113
1124.269568
1175.190072
1115.269415
1041.071651
1219.289003
1262.074016
1421.6282
1649.229767
1624.990119
1522.296856
1406.293391
1291.11812
1296.582304
1227.38884
1228.632519
1154.432521
1266.65489
1364.384598
1442.770799
1534.88326
1647.115677
1548.938556
1475.340454
1340.576826
1317.161751
1299.817649
1285.740773
1302.226245
1343.665374
1419.546544
1449.491735
1463.782566
1648.047085
1547.528814
1456.849798
1362.742281
1346.578981
1380.707318
1329.553044
1357.335535
1333.627721
1329.820589
1404.75108
1519.770754
1571.94268
1429.227689
1265.038421
1234.35294
1214.557727
1297.686231
1391.187697
1477.909068
1438.636468
1388.844789
1281.257994
1433.714536
1506.291019
1306.694911
1269.082255
1333.082369
1389.75299
1386.597325
1576.090696
1442.930867
1293.956527
1432.401693
1049.298511
1288.773695
1377.499638
1421.270996
1492.816562
1564.428976
1437.015529
1314.08247
1424.995874
1293.455198
1141.47623
1307.407168
5506.755582
5896.485169
6396.63313
7046.386004
7099.769739
6024.001699
6160.766956
5840.023398
4774.100849
4806.590368
5819.958882
5398.275486
5522.66374
5497.723674
6119.830079
7180.721421
7248.079245
5999.654538
6050.720858
5511.56928
4677.090854
5975.643997
6672.519951
5365.412246
5540.46213
5307.644856
5057.826854
5787.955385
6700.2666
6178.018915
5205.673111
5449.866564
4809.658381
6082.563697
7186.769041
5522.827979
5657.365021
5689.779005
5596.014857
4911.616492
5370.555691
6091.832854
4857.456849
4495.472939
4114.551657
5860.514617
6678.369235
6053.08952
6194.04878
5469.162631
5207.444008
4687.544048
4708.999829
5022.416061
5617.906886
4961.311945
4324.328532
5730.836814
6384.395887
5748.422445
6565.910928
6102.349394
5327.93619
5102.756148
4481.524374
4660.861532
5093.10887
5132.54306
4707.450703
4965.762081
5304.543739
5339.712762
6135.182777
6279.14653
6841.504969
6696.915729
5733.843195
5788.180544
5426.954678
5012.056391
4940.585071
5064.275489
5750.662726
5635.265047
5623.63758
6003.069172
7506.16952
6675.150178
6200.85033
5896.234269
5543.694132
5800.813546
5377.265072
5478.561447
6397.419094
6219.907959
5740.890388
6495.408019
7881.32453
6378.959521
6449.119118
5607.377652
5423.635581
6449.976734
5804.03529
5825.237266
6451.58498
6057.778842
5999.420166
6925.6169
7059.684053
5700.483293
5324.00949
5130.361244
4907.965826
5807.433636
5974.277946
6071.40726
6386.995141
5986.185839
5886.237845
6333.850019
6662.590635
5400.462715
5578.050707
6209.782023
6133.882916
6555.148974
6907.318814
6396.385295
5879.059145
6394.409052
4898.861142
6149.274438
6594.299129
6149.063157
6337.55718
6806.950572
5913.382996
5960.001413
6403.796612
5687.674684
5441.27617
6336.668712
20310.39456
20000.9426
20421.76829
22324.23614
22344.9368
20248.4679
20887.48475
19601.01518
17458.48612
16808.02004
18962.71812
18433.74674
20090.06939
19539.48639
20925.23117
22786.95685
23894.13259
20953.33713
21418.62174
19099.8111
17335.53938
19843.20609
20433.43685
17763.89394
19940.32562
19065.00013
19075.92612
19966.56875
22369.76274
21141.04438
19040.71213
19826.4155
17767.31696
19671.69583
21535.46304
18137.23408
19828.34182
20076.53293
19639.22214
17082.48289
18838.06761
20463.32349
17216.61536
15864.22541
14413.90743
18353.56395
20999.94886
19542.96882
20703.82348
18916.16668
17245.32451
15374.10946
16803.6348
17524.5677
18428.4385
16209.26328
13014.87783
17474.37149
20130.94728
19192.17688
21829.14231
20606.93502
17476.58369
16512.66792
15958.45511
15692.10204
17112.19985
16862.7295
15219.09404
16275.68151
18060.13267
18820.71563
20627.71691
20826.87402
20792.90133
21012.99524
19054.76507
18646.15028
18481.65657
17369.25681
17236.28014
17624.18728
19183.47887
19323.11282
19569.41399
20739.55708
22763.92326
21351.06038
19959.45141
19851.31715
19312.7728
19400.84778
18853.98411
18716.29013
20399.542
20358.36824
20463.3747
21313.57042
24160.18937
21175.47015
21207.4738
19595.3051
19078.86314
21083.25269
19660.49044
18460.89854
20177.21156
19909.96306
21397.70978
22785.01486
23116.40879
20324.49969
19651.97682
19117.03248
18119.95963
19913.59181
19711.76175
19963.07814
26118.32214
20619.46998
21310.61151
21532.98171
21531.32717
19672.12627
21153.76112
21735.85771
20634.61933
21539.98686
22546.04251
21167.8691
21735.95828
21154.75415
18925.89776
20444.58825
20458.39999
20674.32859
22794.11611
23391.54807
21009.64918
20843.20097
21313.15508
19801.01784
19476.46023
20592.34967
35687.13584
33138.81501
32238.71372
35114.76757
38996.75851
38843.21229
39489.62767
31934.59322
33475.88294
34263.66977
30338.48101
30188.02109
36533.13624
37036.83415
38286.58764
38665.49653
41971.18071
40596.58805
38598.01666
31041.41533
32805.09994
34738.34754
31682.91906
28863.56206
35833.43761
37499.5681
40058.79937
40370.20399
41934.6047
38558.53017
32873.65291
34148.07545
30129.13735
34033.12745
34224.97534
29386.53414
34790.41722
36817.43143
39403.70137
38600.61187
39424.05687
36833.35459
29180.46805
28408.71277
25318.18334
32381.91915
35785.29214
34105.2137
36897.19252
37325.69911
37714.84288
35633.17498
36642.50466
34583.88115
28525.47909
25569.65109
21991.31982
32045.52793
36252.99265
33694.80927
39077.34014
39631.00041
38512.00953
36628.52484
36185.78923
33872.55393
33046.5559
29726.58397
23409.06405
27020.16781
30801.46922
30472.33873
37491.4863
38579.28284
38725.83727
36963.5689
36532.18512
36373.34051
35466.93161
32125.97803
26900.34474
26813.00132
29539.06801
29143.97164
36326.54027
38462.57756
38460.7075
36463.09009
36394.07968
38404.5809
32079.14069
29635.15059
28927.95865
28200.96298
29312.81604
32246.76675
40101.4877
40836.13508
40146.6186
37407.47713
36602.62182
37158.50307
30380.96355
28948.57095
28043.48222
28465.17042
29012.62945
33368.7234
42500.22482
43212.60751
41289.89811
36504.44848
33860.80578
32825.09048
29490.65897
28587.51945
28304.34994
33934.02996
36534.64746
36010.10891
40661.80096
42717.07422
40157.52691
37410.63362
38836.60889
38802.27812
34024.51599
34010.85557
35747.67379
36253.75898
37109.48206
36635.00692
35615.10657
41114.18369
41229.89233
39397.93847
42626.6913
43275.52629
39512.50196
36316.57342
37358.91321
36742.72676
33267.40782
34965.31266
41258.0807
34385.46389
33586.54829
36369.8571
42427.74297
44135.15239
44491.03046
38877.65925
39796.77472
39507.85731
36889.29049
36633.02769
42691.11839
40330.63729
39946.19408
40593.69392
44724.3233
45328.69544
44318.23538
38371.47581
39158.53885
39487.892
36945.88934
34513.17166
41907.99
42392.16499
43489.78985
43856.4572
45898.93214
44806.75888
41174.50139
39454.62081
37731.80688
39236.43693
38326.57298
35752.60899
40612.7516
41952.79881
44116.39093
44239.52728
45309.96231
43783.67192
38408.01533
37156.16603
33451.82925
37780.90782
39402.80779
38274.37695
41110.26765
42474.35195
43654.52967
42667.1186
43424.39044
42041.44562
37370.12844
34754.55752
29908.32484
36480.02439
39913.44335
38840.93583
42570.79002
43967.18801
44353.91701
43035.07246
42758.46101
40873.7568
38956.11839
36029.05064
30783.45836
33615.6444
37148.15993
37131.09265
42742.73316
43823.62284
44137.24119
42630.5981
42495.23083
41740.73403
40698.72753
37795.3543
33178.84474
32755.59842
35473.58434
35456.21419
42544.86536
43671.57466
43599.53766
42290.15829
42600.1614
43331.45818
39393.99512
36147.8029
33777.73229
33440.21362
34756.99722
36440.14156
45012.45003
45670.99966
44784.93493
43036.01665
42519.58317
43080.79871
37851.8462
34979.78583
33189.89807
34006.72906
34949.33255
37488.4549
47342.5111
48022.65989
46256.4872
43081.38907
41583.73102
40700.41717
36130.03918
34211.59876
33253.87715
36647.5898
38169.68502
39215.33508
47343.46574
48594.84342
46713.18402
44157.09533
44028.506
43426.73786
39043.55939
37629.13233
37630.04548
39015.09284
40043.00123
40347.59587
45315.93461
47720.62748
47498.31518
45977.39236
47335.87411
47403.46794
43696.11841
40919.56675
40913.7576
41034.05789
39515.94871
40151.05005
44965.33872
31642.95972
32669.99892
35390.3669
43395.15899
47170.41556
47895.7153
43024.68377
42194.00041
40654.96409
38714.9524
38646.11769
46598.98331
38493.49048
37002.94326
38015.52093
43284.50743
46213.7142
46712.95266
42457.52023
41661.83257
40782.89446
38789.89933
37546.57004
45674.99294
41866.12848
40802.5555
41127.77795
44205.17519
45721.81241
44847.85107
42311.55859
40922.54143
40704.87922
39376.78865
37862.23697
43692.41416
42651.79788
42772.10114
42969.85519
44748.23925
45249.93705
43027.74217
41232.47495
38864.58515
39846.82299
39898.76439
38864.69349
42475.39781
43020.44661
43550.38089
43307.1782
44352.96561
44310.22272
41806.88577
39607.31826
36354.54966
38518.55054
40085.32587
39515.05982
42470.18424
43734.19461
44355.50899
43849.77135
44093.96736
43408.65619
41632.10369
39279.30838
35587.84421
36746.9966
38868.27888
38965.386
42728.75898
43980.26866
44582.69865
43879.95131
43895.29685
43360.08174
42156.82437
39841.25776
36203.40538
35692.51637
37536.80823
37862.515
43021.29406
44109.97697
44476.79322
43790.83172
43941.26469
43992.0925
41889.72025
39209.0032
36311.46969
35547.83159
36663.27335
37628.54196
44465.35876
45294.13617
45152.80285
44197.7662
43931.82072
44108.28561
41169.45514
38410.28508
35975.61573
35697.37118
36514.31925
37864.18212
46250.67816
47029.16627
46314.95276
44611.8226
43759.32465
43254.27972
40132.51052
37644.8889
35799.33007
36608.2531
37547.77913
38630.41385
47249.03065
48161.67686
47251.72742
45462.23884
44778.69744
44166.35822
41067.9699
38883.24205
37584.69265
38074.91482
38876.83145
39563.45203
47277.02424
48374.17509
48084.19451
46766.07701
46780.48609
46481.42694
43663.35159
41139.61285
40027.25244
39974.53089
39717.70138
40139.17388
49973.14157
31700.45999
34004.84674
36731.898
46156.17539
51651.03993
53150.21032
48234.40545
45678.22306
42757.86963
40448.66923
40260.34098
51901.31602
38565.89419
36090.59426
37100.6521
43382.70217
48223.20011
50091.65379
46731.43447
44610.39911
42489.73761
40298.46989
39411.62591
50838.99195
42401.19039
39060.0061
38912.76695
42798.63419
46362.11665
47650.61485
45511.89143
43641.79174
42177.07421
40394.05878
39169.15265
48015.03087
43738.38302
41310.14455
40802.67388
43100.48998
45409.03692
45733.15968
44236.67893
42284.97472
41507.33902
40504.06272
39389.76671
45281.32233
43902.90155
42631.36643
42042.9072
43356.78136
44694.00402
44310.06964
42803.54307
40512.58837
40409.89196
40422.88115
39702.21822
43605.90495
43875.31122
43519.56357
42996.22878
43590.37878
44101.18877
43461.29872
41854.5791
39254.27046
39069.83189
39727.01206
39534.63147
42860.4019
43788.22452
43981.40378
43526.52869
43741.95557
43854.97186
43196.72274
41545.81889
38814.54115
37988.35326
38746.54119
38903.06421
42721.53845
43772.42417
44160.76767
43790.84269
43904.65847
44000.55883
42980.63646
41100.52889
38515.71264
37391.3338
37885.8266
38374.89129
43360.89454
44308.97165
44590.58391
44144.16368
44034.35423
44117.36147
42643.95705
40572.09316
38167.11611
37114.60873
37407.05164
38099.89159
44491.39304
45364.43503
45384.33422
44601.26333
44139.16665
43900.98617
42116.26221
39988.69842
37860.98734
37216.91179
37495.55975
38195.4035
45575.0656
46444.78871
46280.45162
45283.26261
44667.86716
44230.85991
42288.76916
40206.22283
38369.24896
37823.53428
38064.32124
38626.15535
46318.93402
47175.28593
47139.59702
46229.64403
45794.06584
45400.52756
43480.08169
41305.09411
39638.91739
38985.61834
38843.6155
39171.73831
55271.70342
35003.0235
37023.92053
39934.01522
50151.20585
56798.88438
59187.26246
54683.27993
51091.69791
47007.85545
43926.8671
43284.65202
57704.16737
41386.69681
37757.0312
38585.4621
45511.79331
51665.70496
54685.43833
52063.56001
49131.17456
45888.47856
43058.05356
41953.35527
56777.6866
45145.57804
39802.37784
38971.09431
43279.10938
48228.35799
51084.13557
49718.99863
47438.87524
44951.5271
42519.31837
41142.58311
53456.67532
46495.95029
41705.44388
40142.09907
42591.16519
46183.1571
48362.71465
47666.99137
45807.61558
43988.84514
42133.75094
40756.68585
49653.16188
46339.80164
42957.32801
41335.83296
42599.14252
44992.41006
46382.3808
45834.17524
44090.84304
42847.32593
41721.49861
40609.62965
46590.17923
45617.08597
43676.42103
42350.07491
42885.84359
44293.29599
45025.86489
44387.88867
42589.02246
41585.24649
41064.19724
40366.14811
44588.66847
44842.82227
44008.26793
43063.25818
43213.53432
43951.0428
44233.05435
43447.46747
41554.17094
40430.46693
40210.62163
39885.31027
43519.55349
44267.16244
44116.5932
43512.9722
43516.41759
43901.03359
43770.07047
42754.78549
40826.84349
39556.59955
39360.45258
39325.07583
43273.72682
44127.1938
44288.76655
43879.09973
43772.08878
43962.24146
43446.91732
42195.77124
40267.87247
38956.17666
38694.72982
38835.76803
43641.31969
44479.96341
44702.78873
44284.36053
44008.15031
43964.01139
43125.6316
41686.91385
39819.00302
38622.46547
38333.30086
38547.85051
44314.01262
45134.31329
45321.6214
44820.11033
44395.98702
44152.46526
43080.16442
41525.08335
39751.69328
38647.3987
38342.52991
38535.59783
45034.86827
45829.23579
46035.91661
45526.80126
45091.42074
44765.61235
43574.88053
41914.30279
40217.30122
39128.99233
38692.29142
38766.07819
59687.62564
39568.62227
40272.9185
43545.68159
54197.93508
61525.55971
64766.67036
61266.99578
57541.70402
52841.43713
49057.72723
47773.65279
62722.77474
45529.84078
40716.08899
41380.71944
48668.19768
55639.66436
59611.00088
57903.47099
54819.46051
50877.63135
47354.59462
45747.95522
62202.93555
49141.59008
42289.21066
40823.73469
45292.97341
51106.34371
55104.94857
54656.61584
52346.93457
49180.36362
46072.11701
44277.88797
58846.68434
50400.88117
43823.84993
41237.46928
43591.75703
47986.77797
51479.87619
51741.34411
50084.49691
47639.42434
45061.34228
43264.22554
54537.2331
49975.94042
44804.77053
41995.11235
42952.00537
46007.52155
48732.36189
49219.24395
47956.44291
46132.77495
44175.73421
42578.88675
50603.57288
48714.08695
45214.72283
42749.53358
42894.65335
44834.41938
46753.82328
47159.81057
46057.68216
44647.57798
43267.46026
42009.28058
47594.6987
47254.24964
45212.5154
43328.41979
43087.88509
44207.8364
45434.59898
45616.10555
44518.40035
43266.72661
42296.24086
41402.19775
45579.82035
45980.46451
44997.8653
43708.30091
43355.74077
43949.60081
44603.49981
44486.93869
43327.46806
42103.32352
41341.08962
40754.69223
44443.26271
45108.15552
44787.30053
43969.72186
43616.87432
43896.10616
44088.87639
43669.68199
42425.86849
41190.36895
40503.50769
40127.80341
44004.82179
44722.3416
44753.39356
44223.19206
43868.34208
43918.79871
43745.32859
43053.44983
41741.55094
40522.89831
39858.78762
39606.73769
44048.52902
44760.58739
44951.05159
44558.39456
44177.78945
44052.07701
43600.40228
42690.20803
41333.5966
40140.05758
39481.77072
39275.27499
44372.48891
45069.78146
45341.41658
45026.11557
44644.32218
44408.11319
43765.90803
42684.91676
41299.78515
40113.78035
39412.51776
39173.53297
62820.80027
43790.6892
42945.53111
46673.95117
57653.44912
65361.65795
69350.54433
67094.85965
63942.45085
59215.61887
54979.78246
53090.10498
66417.86741
49602.67965
43792.97519
44389.54835
51931.71038
59398.94053
64137.80353
63484.8327
60821.68313
56708.96581
52716.44052
50559.9526
66414.1826
53220.82338
45401.8239
43488.95696
48028.93938
54367.54092
59210.51682
59734.73974
57807.86254
54408.07484
50805.60475
48516.5021
63340.56947
54514.0213
46834.14571
43472.81881
45663.36529
50530.56954
54949.14314
56172.02607
54953.3756
52276.3312
49179.38781
46910.73027
58995.46511
54008.7725
47651.84015
43845.80734
44419.56657
47835.26963
51507.60129
52980.10618
52279.12534
50264.90478
47751.49193
45666.73414
54711.36405
52462.18586
47815.92219
44275.49757
43895.94236
46076.33101
48881.83201
50274.11155
49863.17397
48367.23561
46426.72705
44648.01594
51125.68479
50528.07457
47485.41966
44584.19376
43767.33432
45015.05923
46997.70136
48114.215
47790.36983
46611.37472
45147.90595
43728.81957
48430.25067
48666.71327
46888.79721
44733.35311
43823.33381
44440.46392
45715.79347
46459.34932
46088.32622
45074.22293
43942.95035
42860.43643
46572.57174
47133.18226
46240.0449
44763.31187
43939.68922
44170.54661
44881.44737
45242.46862
44749.82703
43793.65155
42859.43582
42040.37105
45418.79961
46049.81462
45715.7745
44762.31031
44077.81936
44075.28126
44354.35969
44362.19273
43725.10565
42774.28306
41939.18598
41304.0191
44810.92108
45424.58544
45414.87888
44815.92618
44253.66693
44107.94192
44068.19768
43776.68826
42997.91808
42029.3722
41238.70263
40710.39364
44598.18328
45183.5059
45356.15609
44986.12106
44524.25866
44293.3359
44024.20886
43494.02427
42594.92188
41595.74418
40803.63975
40310.23196
142.3482069
142.3487799
142.347563
142.3461819
142.3450977
142.3458287
142.346166
142.3459748
142.3459624
142.3462027
142.3449406
142.3451753
142.3458302
142.3477969
142.3506275
142.3445586
142.3446429
142.3455764
142.3465642
142.3471256
142.3449175
142.3448455
142.3459713
142.345525
142.3448736
142.3452439
142.3447228
142.345139
142.3454605
142.3449914
142.3457745
142.3445455
142.3445678
142.3450247
142.3445137
142.3456143
142.3447364
142.3447186
142.3452021
142.3447188
142.3456348
142.3453948
142.3450876
142.3451364
142.344501
142.3464439
142.3465941
142.3462272
142.3456766
142.3447595
142.3476426
142.3477227
142.3470211
142.3463267
142.3458605
142.3534417
142.3552289
142.3542143
142.3518735
142.350169
142.3774801
142.378384
142.3779127
142.3764032
142.3703404
142.373589
142.3734334
142.3732313
142.3754297
142.3726715
142.3752593
142.3723241
142.3723031
142.3769423
142.375435
142.3792632
142.3745743
142.3743162
142.3785866
142.3753508
142.3804735
142.3738366
142.3756335
142.3770286
142.3700154
142.3793463
142.372846
142.3753055
142.381678
142.3782478
142.3770648
142.3761819
142.3779755
142.3794112
142.3758862
142.380776
142.3819889
142.3845018
142.3858873
142.3822931
142.3822772
142.3839722
142.38296
142.3828295
142.3769176
142.3884862
142.386739
142.3836135
142.3814689
142.3752561
142.387868
142.385734
142.381199
142.3787237
142.3760724
142.3870755
142.3867747
142.3848499
142.3830736
142.3832922
142.6721693
142.6639117
142.6807016
142.6879505
142.6276304
142.6518465
142.6308107
142.6241535
142.6371046
142.6135838
142.6731062
142.630384
142.6257957
142.6451339
142.6053825
142.6944071
142.6399091
142.6480818
142.6698983
142.6119496
142.6835715
142.6389169
142.6537245
142.6969061
142.6473013
142.6686947
142.6217801
142.6813893
142.7797947
142.7828234
142.6746505
142.6646942
142.688817
142.7441002
142.7448787
142.6923501
142.6884699
142.7227088
142.7274355
142.6972653
142.7479083
142.7363703
142.75387
142.7377183
142.6740791
142.8149742
142.8113927
142.8049818
142.765317
142.6964859
142.7653279
142.7614457
142.7301803
142.7059127
142.7017674
142.7511831
142.7416717
142.7214676
142.720381
142.7390208
145.2858259
145.1887975
145.2157895
145.1508472
144.6721962
145.2663588
145.0702188
144.857583
144.8110711
144.5927592
145.2169916
145.0777799
144.9535373
145.0033353
144.6368929
145.4858835
144.9624804
144.8767327
145.1317893
144.7189565
145.5282178
144.9052305
144.941916
145.5335435
145.4368129
145.2026784
145.0568645
145.4667562
146.151688
145.9870518
145.1287048
145.1980014
145.4403039
145.642091
145.4062324
145.3132994
145.2683382
145.4697896
145.6842573
145.2947189
145.6200925
145.6954727
145.7021045
145.751492
145.3573498
146.1426606
146.2562157
146.4008239
146.2881107
146.0806943
146.114182
146.2072756
146.1075879
145.8574285
145.9372842
146.2640671
146.262851
146.0514871
145.8262572
145.8801366
165.7084987
165.4105874
165.9374564
165.2664575
161.0915686
166.2888029
165.4908495
164.6138786
163.2747385
160.7616296
167.3086189
165.9627987
165.3977479
165.4668431
162.3822038
169.5232225
166.4836272
164.8870135
166.9549755
164.1559744
169.2218192
164.3882174
163.6519448
167.5778209
165.449477
166.8859712
164.2349088
164.9391362
170.9859571
169.8850892
167.1140234
163.7622209
164.0423064
168.9166135
168.9834551
166.9524555
165.6410421
167.7155906
170.662752
167.3428043
168.1995769
169.9075134
170.1691473
171.1513886
169.72705
173.9389207
176.072156
175.1641852
172.3551012
172.0582689
174.224189
174.380668
171.8290933
169.6622261
171.1184521
172.7556996
173.1964821
171.8292116
170.3875625
171.1933486
315.6124136
314.2844795
314.2160272
304.3451343
273.3787297
307.360752
305.1156767
298.6140045
290.8320809
273.3040014
329.8681038
335.0838452
331.7850435
327.0903906
306.8336841
346.7032321
343.4225781
340.1800904
333.5123233
289.395404
342.8080351
322.7422353
315.9912651
327.6652092
295.6227754
340.0270617
307.1477037
308.8168651
344.2525895
332.8198872
328.057849
301.3823035
292.0964348
312.7325654
314.2722343
336.1450072
325.3821828
318.4850546
327.3444718
299.5524736
337.1262792
351.6442512
350.6277337
338.6305279
306.3708807
356.466117
364.6330911
363.1826697
350.1422874
329.1784922
358.8814256
348.9929453
347.9970999
350.7344855
361.1502813
347.7593723
344.0792951
347.7180192
356.4269707
372.405063
1258.463761
1279.95157
1264.102959
1161.987586
944.3751576
1191.226295
1266.061076
1264.247666
1118.583008
929.1127426
1181.972486
1369.947533
1513.244119
1314.723499
1037.789636
1260.382931
1253.089397
1403.661487
1308.96815
946.8238986
1262.262195
1122.188425
1228.758806
1276.026552
1035.934331
1334.025241
1177.184297
1296.153567
1430.455541
1302.574106
1299.801581
1062.258263
1120.309277
1202.351256
1115.976329
1195.46472
1108.084705
1177.177556
1321.86806
1270.605197
1214.421195
1320.913265
1328.506255
1280.165449
1121.453073
1367.329489
1538.944704
1580.837747
1478.69227
1374.628162
1348.333308
1334.660702
1286.141781
1252.5751
1344.393659
1297.599863
1263.931118
1242.205039
1254.507888
1352.194442
5706.446028
5977.518548
5887.6015
5258.777587
4129.300967
5056.808874
5543.860791
5823.839452
5088.395572
3772.269993
5194.226646
5677.83403
6263.102378
5539.964545
4301.64471
5850.996169
5468.030469
5650.099686
5447.126913
3973.437508
5485.141885
4803.497448
5464.000097
5486.551668
4465.264248
5335.971855
4742.614797
5355.571023
5943.840019
5755.999298
5226.202451
4032.742051
4547.856587
5531.24965
5441.624064
5048.258232
4650.795381
5309.452878
5781.121034
5464.657451
5710.062808
6165.930662
6247.198365
5415.40359
4322.745196
6462.541824
7167.834643
6909.481179
5952.018877
5131.341128
6165.684356
6013.687202
5532.585317
5107.904215
5366.468978
6245.522773
5931.840043
5542.069992
5353.832728
5680.195347
18973.52938
18973.24962
18862.71927
17640.5607
14239.35448
17310.13938
17648.38128
17707.96239
16710.89467
13558.87701
17668.26292
19295.63526
20665.66373
18390.178
16328.78577
18593.40663
17963.12798
18402.45795
17959.7931
15538.71955
17090.51626
15602.27168
17393.70162
16836.74345
15653.0206
18205.85119
16446.56682
18373.51208
19273.95738
19383.37958
18367.19162
15718.73805
16620.62049
18648.20614
18479.44084
17952.04632
17213.56304
18278.90956
19405.15593
19239.76181
18530.48541
19192.92087
19241.28946
17739.62144
16173.05012
20662.55279
21607.27485
21284.25837
18852.96782
17493.14046
20800.06025
20068.11604
19129.05809
17858.38327
18131.68281
23946.08043
23105.76806
20425.46643
19128.87267
19480.67602
34009.06652
34932.49478
34107.32547
33707.26936
37213.20712
33055.98822
34734.61347
32877.30025
28607.21709
27971.11162
33717.98722
36445.5721
36272.59292
33878.39437
33667.64402
34728.5645
36861.79134
36903.70494
36255.77928
35094.90235
29744.56629
29200.947
34550.68743
34551.47182
28689.43122
32980.85932
33159.94843
36554.22741
36220.9793
33747.01665
29776.17613
29302.91162
33019.36173
35456.90152
31793.56706
29043.17379
28366.24554
30918.66749
33796.76197
33972.70629
32765.82915
32043.05731
29398.38213
28481.99689
27205.00731
34703.87894
34949.67209
34657.22468
29375.02177
26665.9485
35266.81822
35296.9744
33871.54274
30088.1807
30952.83256
37412.52185
36855.46086
35734.19688
34787.23292
35321.99294
38326.66085
39211.74772
39387.33965
42235.27319
51455.97188
38045.08168
40042.36221
39337.01133
38908.56673
46520.73062
38330.09532
40952.81421
40855.01606
39692.8485
44454.61283
39304.59687
41741.588
41871.15274
41282.53294
42715.45948
37865.38368
38886.39514
40799.30433
40631.85036
38727.51531
38444.81871
39793.06668
41522.58334
41185.47582
39298.54246
36379.6736
36965.21092
39499.64633
41123.78633
39051.48089
35554.82273
35425.79743
36938.07001
39162.51259
39115.92138
37145.42641
36765.40464
35621.93872
34684.27754
33784.71544
38566.48002
38505.49221
38050.00974
35167.77938
32532.45332
39552.28404
39410.17114
38839.88926
36505.10289
35845.03629
40829.96582
40664.55055
40451.99926
39919.70763
39673.61691
39164.48927
39940.10049
41953.97526
48011.4523
59553.89858
38960.59817
40438.34944
41698.9793
46412.46534
60576.24833
39005.30079
40936.43357
41831.06287
43958.61469
54672.64514
39541.70042
41528.90489
42315.07381
43246.11029
48992.90463
39569.85975
40994.83366
41986.73632
42474.60431
44448.77681
39568.82183
40930.01097
42098.55082
42330.88107
42439.6229
38533.26825
39446.57673
41036.87791
42112.07781
41674.3784
37765.21998
38107.5064
39188.38933
40627.1437
40824.73423
38002.7118
38069.88853
37985.49434
37975.45747
37567.62812
38699.96972
38768.65101
38653.28703
37602.60949
36230.76864
39551.68646
39569.97369
39433.72971
38439.6816
37595.02349
40480.0821
40576.594
40620.5071
40383.19129
40056.90092
40397.46569
41382.95583
45119.07012
52950.16742
64379.11893
39835.19258
40948.33072
44122.09998
52615.03322
69682.95505
39525.42615
40825.02274
43006.20439
48758.46906
63680.04238
39586.69423
40954.18028
42553.98603
45965.65483
56002.75944
39716.70369
40873.24259
42137.68227
44104.27803
49712.83849
39715.80353
40758.07062
41917.02679
43076.83868
45672.68135
39230.11673
40046.30744
41238.8028
42373.02533
43502.80189
38640.24595
39132.04022
40037.48863
41162.64339
41932.69084
38370.42552
38650.82046
38999.67453
39444.14093
39653.98298
38474.18412
38684.68655
38843.29565
38695.59863
38274.70791
38890.47336
39070.07865
39164.86818
38899.49177
38466.93963
39494.04062
39716.43449
39879.6344
39872.39775
39723.95922
43265.37351
44502.1379
49230.2937
57413.36668
67734.54441
41954.34347
42921.7952
47469.3688
57890.87711
75383.30962
41055.90524
41935.41177
45230.11513
53680.12636
70542.46447
40555.67551
41391.20654
43731.19166
49539.1097
62632.60027
40329.55307
41049.5687
42714.99245
46404.17393
55078.0481
40162.01367
40790.13871
42053.47649
44314.21991
49333.71406
39824.14967
40339.45442
41377.49337
42921.54073
45621.5206
39353.41041
39714.20566
40488.93224
41629.14083
43150.5406
38929.99404
39169.71632
39609.81935
40251.52374
40993.58036
38689.55457
38872.70894
39120.00467
39345.2408
39502.77839
38702.51351
38869.82685
39033.3856
39087.45741
39031.62856
38952.41123
39138.69896
39313.11664
39418.07541
39433.93398
47634.574
48913.99939
53816.8149
61470.99449
70499.16815
45503.02153
46335.7002
51506.1702
62390.55061
79195.45538
43888.75851
44453.48761
48412.45283
58304.83662
75502.2544
42735.36483
43135.96396
45969.28152
53476.71146
68212.91657
41965.56213
42236.61936
44174.37651
49315.91818
60151.79269
41419.08918
41602.48466
42917.07672
46191.38352
53199.54562
40925.10467
41045.50083
41956.46675
44005.44817
48126.96974
40405.7223
40465.59693
41070.77306
42355.06188
44660.18426
39888.70005
39904.60254
40245.69069
40968.11799
42153.27854
39451.29789
39449.68858
39621.88551
39951.44614
40439.97066
39179.41878
39183.60642
39272.13463
39401.1997
39551.67582
39122.23249
39147.58945
39222.93673
39312.31105
39390.14793
52835.53598
53901.05311
58355.80881
65063.85767
72878.78187
50114.87529
50709.94853
55805.10804
66231.20502
81939.46212
47874.25909
48124.00119
52218.72407
62471.2896
79092.20952
46091.11479
46099.04878
49081.9907
57434.75684
72674.4468
44729.4045
44569.00728
46566.19496
52625.09416
64670.8826
43686.01542
43423.1195
44667.37385
48661.92783
57038.50594
42841.45662
42530.79629
43256.36088
45705.50097
50929.84337
42099.81269
41775.05703
42144.6397
43550.55007
46525.69471
41416.41755
41103.499
41226.37359
41941.02587
43467.68694
40802.30948
40517.96643
40495.86987
40777.78038
41434.36922
40310.64194
40066.76254
39976.03393
40031.12385
40237.26279
40000.10961
39803.23209
39702.17302
39677.64479
39714.12865
142.3638762
142.3734775
142.3716865
142.3643468
142.3583159
142.3506132
142.3555816
142.3560024
142.3532294
142.3508968
142.3455911
142.3462367
142.3460019
142.3456047
142.34473
142.3452558
142.3447346
142.3443376
142.3442025
142.343556
142.3454637
142.3453688
142.3450539
142.3449502
142.3442682
142.3451638
142.3452035
142.3450474
142.3449421
142.3440826
142.3447685
142.3453287
142.3456531
142.3453758
142.3443642
142.3447031
142.3446994
142.3449349
142.3446732
142.3440916
142.3445355
142.3446558
142.3452435
142.3459797
142.3460653
142.34462
142.3453245
142.3464477
142.3481699
142.348742
142.3446872
142.3459483
142.3483475
142.3513055
142.3518084
142.3451363
142.3460675
142.3474013
142.3484846
142.3489055
142.3929695
142.3996164
142.3988467
142.3939576
142.3901078
142.3808648
142.3818118
142.3791296
142.3762491
142.3751021
142.3742477
142.373367
142.3713774
142.37083
142.3686983
142.3768263
142.3724655
142.3706847
142.372156
142.3704149
142.3811817
142.3782847
142.3777882
142.3800138
142.378172
142.378447
142.3774464
142.3765161
142.3775851
142.3729597
142.3795612
142.3810001
142.3803428
142.3828934
142.3802669
142.3810402
142.3767524
142.3763747
142.3795956
142.381056
142.378012
142.3759935
142.3792791
142.3825699
142.386915
142.3754335
142.3772848
142.379535
142.3835186
142.3866884
142.3763917
142.3763404
142.3782877
142.3812686
142.3854338
142.3779938
142.3779548
142.3782995
142.3788355
142.3806263
142.7207807
142.693713
142.6729616
142.6553021
142.6528503
142.705357
142.6615081
142.6332113
142.6168738
142.6091388
142.6725703
142.6607859
142.6346397
142.6127186
142.5981634
142.7112623
142.7029404
142.6825206
142.6696472
142.6759581
142.7187927
142.7113411
142.6892452
142.6888582
142.661701
142.7242321
142.7051078
142.6916395
142.6726137
142.6394647
142.7003597
142.7161316
142.7018872
142.7098479
142.659065
142.6886492
142.6708085
142.6684095
142.7002653
142.6897351
142.6741686
142.6813255
142.7040586
142.7373478
142.7571724
142.6887223
142.7130955
142.7233924
142.7279987
142.7662217
142.6889804
142.6953237
142.6768223
142.6666256
142.7003259
142.6827504
142.6859047
142.6770778
142.6664602
142.6757732
145.8383388
145.5473637
145.2721473
144.9942396
144.8723381
145.3054392
145.051971
144.807312
144.6244725
144.4198279
145.1043157
145.257339
145.341032
145.3003139
145.0785341
145.5365565
145.5780324
145.6172323
145.762599
145.7750178
145.8287063
145.5827522
145.4630647
145.463894
145.0539953
145.7539348
145.4980309
145.3318303
145.1967575
144.6422363
145.9667606
145.8911473
145.7391615
145.6557518
144.9795625
145.5432253
145.4466692
145.5967434
145.7019754
145.4208615
145.3744297
145.407478
145.7395131
146.1314038
146.324956
145.728505
145.8088583
145.8061857
145.8463652
145.8794302
145.6854781
145.628405
145.4628619
145.2792252
145.4719693
145.4324204
145.3650234
145.2205486
145.06054
145.1002131
168.6448034
167.3359879
165.9634449
164.0914762
163.3016451
165.1211749
163.4842012
162.7237762
162.5798254
162.564091
165.4033275
165.5329674
165.4649999
167.2260293
168.2329716
166.4551584
164.4993699
163.0764655
165.581597
165.9314203
167.0544703
166.6741578
164.6033614
164.935632
162.3382649
168.8036078
167.9678245
167.3695426
164.4016864
159.2697861
169.6200333
169.0072155
170.6887705
168.78609
163.0079979
168.7043277
168.472819
168.2141229
166.4084628
164.3834524
166.4161129
166.5051898
167.7799757
169.6662611
169.5541291
168.5279426
168.5699899
169.4379673
169.9115495
169.1901956
169.8528288
167.9930621
165.7787859
164.9258962
166.959034
167.3052728
165.5311849
164.6505125
164.2498219
164.7306899
331.7788874
325.1033587
318.652808
308.6001577
304.7356734
303.5756172
295.9773301
288.0837069
285.2335592
287.2423409
314.2598114
307.3417901
309.4524004
317.2952778
313.6967068
308.9876877
297.9926458
285.7268818
308.051697
319.3479157
320.3337432
313.0167176
294.7721204
303.2565894
287.8321875
335.0412517
334.8791753
319.0671942
306.7507178
268.5843595
335.1860892
326.2052756
330.9072914
322.8405438
298.5298402
330.5653182
308.1257592
299.8533632
306.917998
304.0808509
325.6869373
306.416613
317.0590283
334.1930017
337.6718936
322.4195378
321.3280447
327.4052509
333.2218669
330.8396511
312.6064545
309.2340658
302.1671762
299.3124388
314.8727822
299.4765094
296.3003913
290.8924758
282.2907737
281.309829
1243.362254
1215.345641
1203.60893
1171.115
1161.09215
1035.518978
1020.441632
1011.454925
970.5791371
974.3849902
1152.652072
1135.153282
1114.302643
1141.480284
1126.446917
1349.070922
1227.796547
1067.467757
1135.440565
1104.89567
1314.452928
1277.758851
1172.80657
1202.074363
1056.327726
1385.753724
1409.847644
1277.288529
1216.576969
928.7144805
1474.558668
1407.103157
1298.098544
1289.418969
1063.355368
1371.010155
1170.655874
1066.968429
1152.032749
1204.163675
1272.786026
1129.084916
1188.775652
1348.044188
1490.29254
1282.53374
1273.492565
1395.009729
1437.793505
1420.570183
1229.788866
1217.476228
1242.833744
1247.302493
1311.740883
1024.047803
996.3846264
982.2655303
937.9937959
934.0055217
5997.120164
5718.602046
5416.543721
4963.761496
4747.499695
4871.496122
4671.093166
4641.056511
4501.63596
4492.14654
5265.98877
5032.37807
4906.726709
5193.03567
5592.056392
6302.766828
5573.148763
4637.028228
4915.945088
4777.488086
5879.131068
5587.808376
4913.755005
5158.749575
4641.381543
5831.474364
5890.696549
5748.433712
5626.106646
4229.017326
6146.563449
5982.216773
5832.469615
6007.323923
4934.615933
5753.021858
5330.08454
5165.058346
5294.200864
5839.036611
5477.690638
5362.156589
5871.648287
5965.251311
6080.905298
6002.60597
5859.130466
6237.229997
6136.67718
6418.328254
5582.287804
5253.092821
5188.75335
5086.932948
5185.677962
4676.220809
4479.96956
4432.04106
4180.205533
4035.316381
20768.49505
20442.1766
19271.5838
17658.02048
16602.73754
18084.49589
16893.72294
15671.99858
14283.47453
13279.32902
19104.18383
18684.77145
17793.71263
16846.45676
17119.4344
20911.39291
19200.60835
16853.02917
16717.7943
16423.33819
21275.04238
20675.15167
18071.47331
17656.96907
16710.49338
27147.9888
27986.55518
21948.71309
19718.06669
16680.31569
24790.35276
27689.03755
23009.38583
22167.37315
19735.29972
20794.66473
19901.80139
18883.08769
19211.3887
21111.52284
19280.88166
19210.85303
19854.92339
20185.63459
22106.46934
19990.57707
20163.22196
20382.76185
20183.65625
21543.07847
19876.25498
18994.30706
18704.694
18163.43452
18594.8864
18803.29339
18247.51406
17963.21656
16888.41704
15860.92442
34860.3901
34825.78666
34200.90494
31495.42251
30389.71039
34103.88331
31095.54324
28994.96934
27113.42119
26684.82611
37730.41015
37099.07883
36187.41846
31293.27579
28431.23863
38764.99848
37200.02457
31674.11878
28053.16897
25344.24217
40394.45068
40890.92518
38307.60415
32852.68568
28681.9702
50354.52858
50886.79255
42340.34035
39446.84564
33453.35531
45154.39977
44978.73499
41105.06294
41820.86737
41728.32248
41626.75218
38742.61233
34409.29158
38987.78721
42400.28044
38392.15395
37643.50008
37042.02085
40402.01087
42673.461
40547.36454
39885.39626
39032.34214
39949.48968
40775.30749
38728.19321
37181.02319
35629.81813
34631.58057
35394.45129
37008.08654
38020.20469
37763.89705
34932.84093
31012.19645
40000.44482
39953.7344
40015.68063
39418.54884
39150.72201
39763.00063
39137.10092
38549.50205
37805.486
37183.03342
42220.73887
42456.39051
42496.62073
40642.1029
38310.90448
42940.89574
43447.8866
39907.5708
36433.78852
33134.65506
44966.01197
47035.47316
46673.85152
43899.07145
39006.77112
52055.6948
54819.65212
50767.81225
48341.43479
45275.76495
49771.47283
50111.64863
48087.51215
48246.56563
48533.02807
48003.59052
47459.4847
44779.64036
46602.79521
48528.51267
46840.04377
47478.08453
46535.44977
47519.99894
48410.15987
47373.34929
46883.37707
45935.37878
45823.8448
45930.44748
46183.14218
45189.49686
44088.44975
42874.97378
41947.93747
45287.18982
45648.93314
45522.15904
43585.58888
40692.47557
40373.52895
40557.06467
40787.64167
40873.60066
40891.63354
40178.2432
40446.78227
40597.82732
40525.5531
40194.46851
41247.53889
42129.80336
42772.63162
42614.75372
41657.32884
41908.31696
43359.90728
42838.18296
41138.47262
38872.32729
44039.59242
46568.16751
47783.53633
47363.43583
45063.80962
48309.73233
51475.60636
51298.53254
50500.11326
49266.03648
48511.18265
49633.88821
49313.57828
49349.38741
49581.47317
48034.36525
48781.00648
48106.00888
48415.60653
49153.01693
47961.66747
48915.79823
48687.46736
48654.06439
48764.49199
48305.73169
48167.90572
47642.80196
47183.39997
46768.07372
47802.33933
47298.97206
46775.66491
45917.348
44831.62957
47136.45098
47136.14621
47217.82711
46286.06867
44913.75075
39514.7904
39821.95207
40118.95369
40358.2374
40516.75706
39332.62772
39774.29458
40146.62565
40389.66148
40448.12734
39853.83189
40725.31557
41522.60921
41993.65319
41961.9957
40798.46677
42104.06945
42775.64939
42639.44937
41761.97185
42955.5712
44929.9401
46524.6388
47285.40763
46884.37711
45807.32615
48143.75358
49312.80366
49719.9559
49612.50553
46788.8095
47988.69758
48522.31313
48851.30555
49151.06435
46899.75613
47867.53215
48162.93143
48379.45126
48701.13364
47195.44869
48007.087
48259.35231
48274.90129
48241.19018
47513.14787
47646.87085
47554.51773
47326.57753
47009.49911
47125.19942
47022.78803
46978.43188
46749.73966
46374.53265
46345.98802
46409.24997
46851.63469
46970.8054
47221.19366
38960.37039
39185.41692
39429.74309
39665.91924
39866.51702
38902.06735
39181.91898
39489.06683
39774.98995
39989.99188
39431.35305
39921.84491
40511.84587
41053.89252
41392.30089
40673.61101
41449.7497
42206.28762
42674.51581
42691.03655
42679.10945
43887.72476
45192.5169
46243.36594
46735.08982
44688.41266
46129.04948
47348.78482
48203.22063
48695.8125
45644.60367
46601.85113
47348.74036
47899.65729
48333.3306
45910.1089
46736.71335
47317.73337
47705.73946
48023.83444
46230.05854
46863.39103
47284.16547
47520.04783
47654.75567
46379.27356
46625.6516
46812.97539
46951.61739
47068.10395
45913.28222
46015.7185
46313.83853
46715.78655
47275.48958
45105.50819
45303.11109
46133.3294
47260.7352
49053.36746
39125.81697
39147.4939
39228.34793
39348.97597
39486.29821
39259.72696
39239.9599
39318.51625
39457.61909
39617.44187
39947.18725
39999.72371
40230.52217
40560.77013
40886.46378
41278.61704
41555.76878
42013.48145
42489.26772
42818.93723
42932.29431
43542.55967
44391.80939
45286.00082
46006.02843
44288.39685
45107.71312
46014.64633
46851.92427
47533.1349
44963.96305
45648.01142
46323.31691
46921.28089
47435.17974
45220.02674
45840.60233
46406.82226
46876.5883
47280.66898
45487.12364
45936.11902
46348.54653
46719.7864
47078.19209
45517.81551
45712.40965
46000.03251
46419.20365
47008.08382
45054.90697
45166.31043
45640.24631
46531.63018
47939.38541
44375.83858
44628.93257
45761.31351
47723.1045
50799.0641
40020.19447
39804.58703
39666.80194
39599.90586
39590.85035
40332.35091
40004.22941
39801.47362
39701.82716
39679.47413
41103.69989
40797.42827
40672.93284
40699.59901
40822.4349
42273.99933
42185.74703
42303.07647
42558.41006
42851.06867
43435.33086
43645.42576
44095.12524
44699.109
45326.95556
44229.43341
44658.37501
45240.68512
45889.80261
46527.35451
44633.31675
45085.11156
45596.40372
46118.70822
46625.14055
44896.72975
45306.47559
45737.88663
46170.08572
46612.98244
45204.43625
45436.86131
45727.73774
46110.57248
46622.38142
45280.69475
45296.81557
45527.07337
46074.82667
47022.44263
44946.70894
44925.74633
45420.43205
46616.82247
48666.36223
44470.48188
44681.11773
45988.00487
48552.89951
52582.07559
142.3461994
142.3473208
142.3485789
142.3492276
142.3490929
142.347223
142.349166
142.3509208
142.3519456
142.3507832
142.3475879
142.3497424
142.3508477
142.34998
142.348414
142.3471353
142.3489483
142.3510053
142.3492075
142.3473313
142.3462555
142.3465012
142.3477028
142.347723
142.346679
142.3465302
142.3474061
142.3495437
142.3488035
142.3477409
142.3479588
142.3501657
142.353642
142.3492701
142.3462019
142.3468448
142.3471143
142.3475136
142.3461734
142.3443424
142.3456133
142.345454
142.3452558
142.3442593
142.3429063
142.3449541
142.3448028
142.3443419
142.3438568
142.3428425
142.3450264
142.344565
142.3440222
142.3436685
142.3429551
142.3445734
142.3442429
142.3439522
142.3435488
142.3427283
142.3811764
142.3817934
142.3809889
142.3815903
142.3819838
142.3827974
142.3832816
142.3806182
142.381053
142.377669
142.3865055
142.385166
142.3820509
142.3820995
142.3764046
142.3827539
142.3807214
142.3805733
142.3846392
142.3790738
142.3785024
142.3762785
142.3787419
142.3882888
142.3854593
142.3794782
142.376008
142.3833619
142.3916821
142.3927701
142.3852014
142.3815984
142.3869299
142.3854446
142.3794169
142.3850977
142.3803419
142.3805293
142.3818583
142.3734067
142.3835143
142.3817212
142.3795648
142.3727709
142.3632112
142.3801738
142.3782456
142.3763035
142.3719298
142.3619837
142.3793331
142.3767718
142.3728697
142.3690625
142.3614323
142.3801789
142.378248
142.3747594
142.3691845
142.3594381
142.6931904
142.6830484
142.6791393
142.6919786
142.7102039
142.7289718
142.7111971
142.6706098
142.6668797
142.6694762
142.7564626
142.7394368
142.7121368
142.7162898
142.6694157
142.7283145
142.7072345
142.6796825
142.7280513
142.691902
142.6771718
142.6343607
142.6374946
142.7094581
142.6634121
142.662585
142.6172989
142.6414164
142.7303008
142.7358187
142.7105155
142.6593587
142.67375
142.6988719
142.6350556
142.6962186
142.6720302
142.6699493
142.681789
142.601826
142.6947584
142.6821944
142.6703477
142.6102459
142.5240298
142.708612
142.6840985
142.6519479
142.6041769
142.5158161
142.7227094
142.6880311
142.6580693
142.6107116
142.5328495
142.7353475
142.7142909
142.6729405
142.6084456
142.5127205
145.2975968
145.1334825
144.9788603
144.990283
145.1688293
145.6762969
145.5503336
145.1106359
145.0961243
145.2887977
145.9564731
145.9877612
145.4691011
145.5411864
145.3405042
145.5798062
145.6651697
145.2387119
145.3567557
144.8473172
145.2032142
145.0896282
144.8817131
145.0841715
144.4705869
145.1893795
144.9430229
144.8989943
145.0617382
144.6979197
145.4721287
145.2011227
145.4011272
145.4041951
144.9432533
145.6207176
145.2863634
145.3437943
145.4117292
144.6264645
145.8096568
145.6213026
145.4987812
144.9087354
143.9661747
145.7987148
145.3978175
145.1322739
144.632308
143.9021316
145.6076191
145.3231122
145.1567837
144.7478357
144.0491201
145.4489513
145.2939366
145.1314889
144.6867931
143.8416668
166.1762443
164.530815
163.2496878
162.5677104
163.2296961
169.3292685
168.9920117
166.3543075
164.7804809
164.8020137
170.8157913
170.9893772
167.4962566
166.6673461
163.816628
169.2459525
168.5398549
165.4801277
165.2690271
161.1260476
165.365964
163.5345145
163.1096333
163.542272
158.9149694
163.1286749
162.4057545
164.0706367
164.0702567
161.8678437
166.3255994
167.0130366
169.0865816
169.6731226
164.6973357
168.1548422
167.2935598
168.8252091
168.9661662
161.6593927
167.5606602
166.7136506
166.8908679
163.4629783
155.3311342
168.9745199
167.3459335
164.081096
160.2868091
153.7589776
169.6282128
167.8594161
165.1444485
161.2150905
155.6622901
167.4302025
164.9765443
162.6770532
159.0502406
153.2061233
304.4985524
292.5780186
284.7429855
278.6738912
279.6011764
340.0132789
331.3646439
318.2956813
306.9546518
299.8462277
345.3404411
338.0122684
335.040003
327.1359895
317.2833667
333.9031573
320.747289
312.1245152
303.5146385
277.0486061
310.8823912
303.5345627
305.9136517
287.4065629
252.6179761
282.2934478
277.7273132
300.098235
289.2104548
266.2262525
301.5288442
300.586442
330.3095883
328.4961122
283.7033273
309.4056021
291.6601711
305.7481136
328.1976771
288.8599229
323.4444667
302.1677843
297.1072645
292.3017247
241.0509459
334.9627846
317.7595671
290.8109859
268.2936069
221.6421921
326.4821406
316.4961619
299.6402331
274.4064356
236.970235
313.7078569
298.8296043
278.861894
254.3766192
217.2943832
1052.785371
1000.327863
957.1714785
921.8138917
959.4087009
1311.994514
1279.937419
1238.031023
1124.804917
1165.220267
1334.779359
1288.110725
1303.59868
1214.57813
1247.864302
1303.507611
1206.536423
1228.520209
1208.123854
1027.026218
1197.765272
1085.754279
1196.787541
1199.136868
886.0152716
1141.049166
993.9792949
1117.809458
1137.186451
937.9700608
1307.535926
1177.202435
1258.589255
1253.879345
1015.403712
1227.073378
1131.349518
1163.435032
1279.448448
1154.069791
1221.207542
1117.818801
1051.685894
999.7522692
685.2769791
1252.577055
1166.993474
1027.797006
918.5997106
629.1283146
1231.425654
1162.640308
1107.17726
976.8407745
751.7728389
1189.048309
1151.212021
1069.156193
905.2031691
646.8153935
4845.712859
4535.554353
4403.291686
4268.051717
4300.955698
5945.316172
5704.745155
5466.309221
5151.816879
5086.458606
6194.557238
6161.622117
5967.032921
5814.524453
5949.036277
5518.530562
5868.442989
6068.3537
6017.678159
5176.713377
4885.899107
4668.69757
5062.370378
5848.421038
4630.377349
4959.927709
4349.759646
4548.038628
5185.757403
4443.731035
6231.01631
5792.50896
5685.225557
5724.138609
4638.893284
5764.294792
5367.780708
5172.38339
6097.896308
5498.553453
5667.403839
5469.549496
4839.974384
4500.311608
2884.033295
5654.645054
5372.126217
4667.655442
4333.356499
2937.920888
5679.953789
5264.837212
4841.017956
4285.112061
3359.133032
5250.607615
4916.076641
4543.828545
3788.55376
2723.559941
19902.47978
18625.04821
17899.57402
16907.56836
16439.45273
22680.21581
21343.69289
20351.8642
18431.71214
17885.89148
22805.99261
22187.07461
20590.92161
18938.58064
19019.59126
20361.72167
20768.99651
20079.74519
19561.83305
18761.74894
18021.51249
17501.05199
17308.24165
18669.16661
16357.79118
18312.21925
16407.91271
15959.22581
17802.64811
16671.00239
20933.02686
19494.52832
19331.04898
18587.87205
15975.98873
19991.90992
18247.86539
17597.047
18921.80085
17470.37181
19476.27827
18595.70548
16894.66694
14945.57471
9796.290586
20096.18079
18680.87599
16710.48669
15039.00499
10300.01327
20250.72182
18907.31257
17742.02228
15653.3701
12471.33466
19864.3555
18418.28074
16860.55586
13988.79697
10418.68395
39376.81902
39178.51684
38099.30816
34330.28387
32855.98197
41197.80191
39685.44437
39696.45901
35234.88807
32622.17222
41694.37938
39784.88878
38912.9717
33155.9603
33280.57476
40572.8195
39411.0826
39754.18054
39840.52631
41191.61773
37696.31401
35408.78716
37116.20829
39943.96251
42164.32173
36369.29943
30758.30627
31248.01978
38866.00561
39735.69988
37100.35069
33463.16738
34073.77339
34452.36641
33628.78726
34638.61758
29241.84813
27743.78695
31872.41673
36467.2553
34141.88167
30373.60531
24905.63622
21444.2768
14641.98678
34548.09026
31742.22671
28305.33077
26408.50964
20432.24254
36826.14953
36836.16138
36037.17557
35961.00045
37932.64957
37132.45084
37426.23127
38177.42888
39257.49005
44566.23947
46726.16718
46787.25748
46505.88416
43391.21394
41641.2467
46798.49967
45509.16688
45806.99674
42551.04581
41413.4845
46451.73426
44754.83231
44709.25772
42243.20284
44269.29035
45081.05845
43888.47978
45036.14509
47063.67997
51637.17789
42519.14485
40918.54784
42993.01363
47096.18139
54455.12477
41162.96904
38304.23081
39734.53925
45133.87142
51201.2652
40048.76738
37145.54677
37277.11121
40355.82388
46060.41716
38108.86287
33811.88445
31250.95038
34783.06448
41780.11446
38578.03341
34617.15352
28692.46132
23439.58491
15288.34155
40835.43426
39244.21438
36480.19377
33314.12856
25362.05769
44754.12105
47033.98312
50020.07076
54335.2524
60716.98307
45046.62012
48429.86278
53678.67306
61354.90509
72703.61334
47160.96409
47050.011
47508.59857
46031.73602
45888.12271
46370.44455
45681.90586
46556.4367
45817.45031
47667.91645
45362.95217
44650.59274
45828.73759
46990.04492
52255.58127
43856.94042
43439.9968
45641.62592
50000.25534
58543.25667
41954.42448
41302.70622
44000.75143
50012.4662
61622.40749
40698.72697
39323.06149
41329.34268
47415.09769
58048.17085
39718.60996
37353.17109
37655.37203
42428.91689
53263.74774
39559.72478
35937.22654
33323.46365
34877.43783
42836.08269
42111.63237
38573.93548
32788.85396
25383.88367
15698.8353
47307.66204
47227.37871
45117.12143
40046.00554
29130.79327
52947.62407
57962.30675
63494.85511
69168.26615
74357.7934
52738.52022
59263.48161
67281.2462
76502.88278
86372.08768
45688.86144
45753.96111
47005.36995
47507.48518
49592.15191
44719.9587
44718.93789
46468.37283
48400.78509
53281.98278
43649.1805
43829.40265
46191.07827
50235.23367
58667.1408
42433.76497
42747.29218
45983.28005
52531.67067
63914.30827
41259.5215
41219.94777
44638.72501
52489.833
66452.28656
40639.98407
39690.07926
42125.20872
49565.82694
62632.64066
40824.46058
38452.44509
38668.49659
44225.77647
57765.94049
42723.67901
38929.91449
35510.21505
35597.98556
43870.89944
47562.95743
43913.49756
37186.67027
27712.74259
16521.33226
55168.02911
55618.41413
52809.07051
45398.26188
31750.09214
61899.7825
68173.37407
73838.68674
78236.74466
80692.36745
60683.0213
68466.57038
76584.40069
84478.95509
91542.85403
44384.94777
44777.01934
46803.80481
49143.71663
53300.80759
43629.34067
44170.71796
46776.05224
50932.10626
58241.71427
42897.38353
43651.69829
46941.39593
53068.37276
63754.6429
42241.13103
42961.13909
46978.07492
55123.35958
67990.22735
41861.72036
41996.90913
45908.54086
54982.34023
69821.37587
42155.27939
41052.16258
43608.06736
51897.11517
65986.75845
43626.14449
40744.24792
40523.57789
46389.89165
61348.67205
47161.08577
42583.38464
38022.64989
37190.81198
46073.88528
53625.60173
49162.88729
40951.43991
29717.84707
17386.71142
62531.23431
62431.78134
58159.29201
48707.6311
33246.0855
69473.11643
75501.92801
80018.30313
82580.48561
82893.00191
67135.67297
74671.89353
81753.31996
88044.10245
93333.08765
43896.15944
44542.24618
47219.14499
51030.83804
56789.85627
43541.95566
44393.81856
47666.13534
53458.97717
62419.44545
43309.09736
44320.09561
48237.02763
55750.60449
67729.92844
43270.71241
44072.69959
48561.95371
57698.47929
71115.89254
43622.18659
43592.70832
47716.41198
57461.45519
72379.09989
44730.44906
43154.69921
45598.59429
54344.9421
68800.31448
47144.39426
43472.3375
42710.19332
48760.56083
64613.66051
51640.68122
46004.11563
40386.91175
39118.89895
48881.96148
58879.40023
53248.94267
43602.33023
31115.22462
18126.34388
68154.312
66981.14811
61252.50705
50383.23992
34008.51555
74760.21231
79846.31433
83007.85542
84067.07766
82968.65277
71552.45745
78285.17601
84297.79494
89509.64602
93955.7172
44300.44472
45055.71734
48207.24628
53086.80466
59942.55149
44385.8217
45336.77851
49054.90968
55951.46415
65883.72113
44637.57279
45667.29958
49952.47778
58316.08244
70872.36297
45117.44129
45781.33325
50499.47395
60174.73791
73611.04469
46002.27265
45629.37514
49787.00812
59855.39427
74492.71897
47631.78626
45480.31914
47748.85644
56761.94183
71305.16126
50524.74689
46044.71513
44850.10602
51101.91872
67562.15367
55375.91882
48728.46979
42355.14535
40993.28669
51572.83146
62752.15928
56006.32839
45309.94824
32124.0484
18883.62997
71875.75803
69646.19892
62891.03865
51333.0461
34852.78976
77980.18432
82078.45988
84203.87452
84349.91544
82573.96383
74238.36489
80181.31793
85431.98338
90042.01024
94115.78729
142.3444355
142.3441173
142.3437865
142.343447
142.342725
142.3452649
142.3447772
142.3442319
142.3438116
142.343028
142.3451308
142.3449065
142.3445468
142.3439527
142.3428936
142.3449846
142.3442903
142.3439998
142.3437285
142.3429694
142.3451261
142.3442581
142.3438883
142.3435837
142.342629
142.3446958
142.344399
142.3438421
142.3433733
142.3426041
142.3439999
142.3439667
142.3439341
142.3437504
142.3428563
142.34382
142.3440885
142.3443136
142.3440536
142.3430146
142.3441041
142.3443658
142.3441426
142.3438649
142.3431412
142.3447623
142.344778
142.3442678
142.3438222
142.3430121
142.3462162
142.3467482
142.3459371
142.3448656
142.3438101
142.3507917
142.3513141
142.349046
142.3467706
142.3453862
142.3768658
142.3738632
142.3704581
142.365852
142.3583635
142.3806275
142.376752
142.3736447
142.3693903
142.3614633
142.3788324
142.3752502
142.3733445
142.3704422
142.3610613
142.3797051
142.3757087
142.374473
142.3696862
142.3597514
142.381077
142.3748901
142.3725909
142.3682031
142.3575708
142.3812891
142.3791257
142.3753683
142.3686072
142.3588985
142.3765051
142.3747476
142.3733905
142.3690718
142.3608364
142.3731119
142.3738023
142.3734952
142.3722029
142.3630871
142.3739638
142.3739818
142.3735955
142.3705452
142.3610591
142.3736187
142.372292
142.370234
142.3657102
142.3572021
142.3739657
142.3728231
142.3703727
142.3673799
142.3617187
142.3776656
142.377483
142.375214
142.3722007
142.36642
142.7372394
142.7220913
142.6864824
142.627944
142.5280576
142.7161899
142.6978941
142.6575266
142.6153661
142.5344313
142.6970817
142.6865296
142.6431896
142.5965009
142.5092476
142.6732195
142.6978686
142.6786215
142.6106718
142.5217263
142.6641162
142.6660037
142.6702616
142.6117052
142.5045466
142.6564384
142.665659
142.6684419
142.6212118
142.5412638
142.656206
142.6602209
142.6530575
142.6396922
142.5611657
142.6626772
142.6371853
142.6305975
142.6241801
142.5384618
142.6574932
142.6340889
142.6207725
142.6109366
142.5269762
142.6311824
142.6201893
142.5908916
142.5592514
142.4861773
142.6456971
142.6369411
142.6154568
142.5855873
142.532589
142.6617094
142.6532156
142.6475991
142.6323821
142.5795919
145.6143491
145.4614897
145.2337096
144.7793438
143.9373675
145.8439781
145.7228015
145.3440509
144.8880562
144.0406941
145.6129538
145.5849072
145.2003267
144.5892634
143.7395602
145.9550935
145.8628623
145.4247611
144.7112551
143.7970639
145.4575275
145.2757967
145.121081
144.7455832
143.7928706
145.3451897
145.2042652
145.1463994
144.9332704
144.1528411
145.2854934
145.1195843
145.0715773
144.7838696
144.100055
145.1866023
145.0232377
145.0604945
144.7983969
144.0497514
145.0503725
145.0723275
144.9390219
144.8844819
144.1702082
144.9613877
144.9022102
144.5751638
144.2873487
143.6405623
145.1650578
144.9853886
144.7685211
144.5094895
144.0446318
145.338018
145.2728273
145.1894302
145.0102141
144.5044994
169.6244539
168.1603507
166.0564497
161.9648045
154.9071014
169.8533703
168.8720805
165.8933169
160.8107949
154.3176004
168.0039578
164.8570978
162.412186
158.8586641
153.0186426
172.1183211
168.5814121
163.7699211
159.7574256
153.4753319
172.441919
169.6547179
165.6870185
162.5725245
154.8025804
168.6880249
170.1282499
167.6005007
162.9658522
155.6251362
164.8916523
166.1176529
164.9072093
162.8426311
156.3907875
163.876903
163.622669
163.6100902
161.5538516
156.7574372
164.6881833
163.9494451
162.9427865
162.0362574
156.3682971
164.6531161
164.2117367
161.4743317
158.2837657
152.7425684
166.0364501
164.3958544
161.8837773
159.9267341
156.2959983
166.4591747
166.1662871
166.2751696
165.6547798
161.1337055
344.9664618
330.931247
306.426957
273.6617911
227.1607982
339.8623148
338.8910349
325.7688759
291.3492606
239.5496737
323.6896902
309.7365271
299.2641064
268.4524054
224.4917397
369.0429106
331.624217
291.0525287
256.8355369
218.5533292
351.2825425
327.9248699
304.441177
275.5319706
221.5497885
325.0348073
336.3824843
319.2692699
278.4281796
234.1104804
304.6033081
308.4292159
308.6596757
293.4979951
244.3829246
313.779046
301.6163524
291.6999049
280.3965708
240.276398
323.9148415
308.5969757
299.2392901
291.8123059
247.1726414
319.5847774
303.40806
280.3986098
263.2599474
224.2874817
324.5899623
306.0078641
291.0945104
277.2497854
250.0961922
329.0683825
323.7851345
317.1410298
304.7699203
273.4088011
1296.188112
1197.966965
1042.775217
880.2828203
631.0231023
1317.745019
1311.591014
1154.901862
970.3155888
725.9394756
1437.473295
1381.640241
1236.56925
1006.249163
726.2347071
1629.318782
1496.982583
1247.53508
952.4619933
659.0215461
1449.35471
1354.372997
1283.310499
1037.853581
642.5672538
1306.895792
1288.01681
1288.972652
1123.565652
818.874091
1191.927564
1090.891559
1101.004594
1107.49559
828.2522094
1179.008832
1014.488742
994.0253733
984.6873672
768.3225675
1206.85951
1080.336508
1035.603871
1102.821326
885.2257102
1169.094728
1054.540676
948.4267959
854.9500822
621.4553481
1251.872506
1159.178276
1077.257683
1018.361552
842.0647434
1313.308361
1284.071732
1230.55495
1147.112712
955.6390347
5711.718705
5267.285968
4633.341105
3852.068236
2682.496891
6061.501254
5997.656931
5184.049233
4148.946541
3064.548268
6265.000383
5660.997761
4787.076967
3894.93088
2868.442546
6421.164695
5914.716735
4879.946339
3979.755339
3005.635039
6060.760876
5582.481509
5168.682039
4475.730339
2773.141038
5363.727039
5308.966074
5153.260031
4710.271197
3463.986603
5006.527028
4811.210434
4955.920822
4953.851124
4025.632032
5299.609438
4610.288378
4628.160368
4340.806517
3675.786849
5353.867755
4901.414131
4482.089827
4714.230204
3871.650593
4790.092117
4459.307241
3754.414478
3368.314125
2566.040133
5307.582441
4833.512536
4493.856496
4165.367303
3551.921568
5551.090985
5377.670277
5245.427672
4919.543597
4175.071244
22832.9384
18871.80425
16613.46962
13980.34441
10024.42986
19979.41691
19315.99463
16995.6049
13982.00157
10733.92639
19280.71889
17531.60221
15661.30144
13174.99607
10596.89252
20481.46572
18953.85452
16647.00858
13973.92413
10805.77181
20056.9453
19394.30026
18089.3064
16197.55274
11403.49263
19073.94633
19040.23854
18131.56749
16660.74847
13465.5035
18635.58668
18195.79097
17858.88594
17527.08957
14501.4208
18660.22957
17397.62511
16840.34674
15278.38828
12600.46483
18879.47724
18233.29731
16936.82152
17293.44038
15497.91798
17258.58636
16701.26889
14726.96962
13009.48574
9551.316094
18557.74181
17549.32228
16346.56701
14805.21643
12220.02548
19601.57633
19017.78978
18278.64773
17029.10266
14680.92832
34771.69868
32124.7236
31031.68909
30031.87678
32854.84592
28640.01692
24732.794
20323.24674
17130.36163
13778.02083
26908.1961
22725.61261
20695.57878
19149.20297
17169.66673
31957.70934
28571.38698
23833.38137
21481.57051
17298.10692
36518.48995
35173.94131
35367.9451
39741.02807
44416.60847
35059.14761
34886.85626
36761.71258
40201.41298
45399.94974
35182.06177
31772.38685
34053.71988
38728.86362
42465.1258
32078.17302
29433.61605
28475.46849
25784.12037
20800.7255
34495.60554
34544.84933
33390.11111
36865.66923
40389.27407
32813.04375
31496.55331
28968.59366
25914.27477
19723.14401
33348.92116
32977.02739
29860.51843
24631.31648
19540.09979
34453.39319
34704.96134
33840.38048
32955.85358
36010.54388
38530.73205
39016.71505
41395.51255
45499.43915
52804.04319
26192.98526
22284.20171
18705.94141
15884.35216
13531.6256
28483.90181
26274.01252
26695.67874
28613.37338
32156.83578
33622.8603
31417.42764
29623.63927
30341.46208
32377.72599
42161.60043
43389.04038
46944.63185
54019.17391
63505.05479
43222.50775
45108.59798
49437.30964
55725.06985
63882.96592
42772.53939
43144.38988
47288.92519
53326.40394
60350.25962
38472.83818
36956.9468
35293.55144
31290.02161
24789.47042
39951.36549
40136.38014
40536.9702
44031.57268
50804.4519
38168.09228
36853.21033
34272.32367
30386.97329
23356.80546
37480.20166
36542.75867
34235.57719
31754.75326
32797.99387
38427.95875
38503.67045
38398.54906
40012.82864
47491.88857
42121.68605
45232.60044
49815.66096
55758.81631
63098.32643
21547.46293
18793.57694
16512.79152
14750.82355
13426.41916
31293.39373
31963.69534
34316.91199
37639.17897
41650.79569
34990.11959
35220.38222
36640.74975
39807.52043
44203.79308
46809.79291
50682.63021
56498.25702
64153.46748
72740.0525
50058.0631
54239.70267
59996.40086
66672.39744
73532.11668
49698.10555
52977.41805
58000.24531
63620.77692
68972.11115
43183.85005
42328.45551
40292.29573
35633.62128
27556.09672
42503.11977
42821.29336
43762.16522
46656.70879
52787.48824
39866.86644
38552.64337
36208.83101
32298.45244
24734.32837
38416.33556
37406.58405
36311.6324
36561.48452
41588.45185
39207.0245
39575.6536
40930.93525
44983.50011
54208.35204
47067.56517
51437.11897
56603.69314
62305.02681
68194.56689
21879.55873
21474.19795
21971.74682
23572.27802
26554.79759
35831.54788
37741.32601
40252.63317
42875.17534
45203.04647
38804.45446
40762.27611
43559.46505
47057.52967
50750.98499
52433.50033
57549.84399
63614.29364
70080.47737
76143.65149
57183.70143
62315.23026
67923.90255
73302.96259
77715.93936
57384.12297
61766.19427
66615.69638
71227.59925
75123.13859
49699.6572
49892.08099
49229.20866
47592.28562
45922.95801
46933.15436
47813.33268
49521.43391
53014.72635
59416.75654
42970.03734
42138.84763
40721.09936
38289.73514
33724.95649
40678.37158
40191.04683
40267.53189
42113.5989
48084.63078
41141.0449
42140.33299
44598.43867
49698.61831
58560.95904
52027.4918
56498.71186
61209.44739
65905.26401
70315.51817
26340.44019
27600.64787
29550.59599
32136.58563
35201.59708
39969.11216
41773.06237
43542.71986
44997.10524
45938.58031
43479.87788
45975.65971
48748.40608
51541.43078
54033.70426
57782.71305
62902.45915
68202.84481
73244.15131
77634.27469
63429.64489
68339.26417
72963.85346
76804.46182
79481.709
64446.64966
68796.9836
72962.4632
76622.31572
79706.31325
57275.68262
58364.55924
58900.20443
59060.60773
59386.07708
53419.12297
54944.90944
57304.15514
61174.30472
67205.71442
48412.4823
48255.01457
47757.06358
46486.93535
43419.18749
45232.27377
45325.42447
46101.98054
48387.43358
53647.27623
45099.02977
46552.14384
49437.00752
54512.52044
62343.91586
55929.1556
59903.94564
63821.03542
67525.74194
70901.63789
31794.84586
33522.32818
35505.75158
37583.82882
39541.95842
42710.86577
43911.80344
44853.31146
45434.82922
45630.78589
47563.48009
49867.43973
52108.30625
54129.10987
55813.05345
62085.74699
66689.17519
71149.11763
75270.8781
78988.07668
68190.92006
72397.8875
75995.74536
78736.74622
80514.86981
70097.54669
73968.39795
77438.72005
80460.92132
83180.77169
64387.58041
65866.09843
66813.69414
67290.78924
67310.04663
60556.54505
62459.74954
65050.30761
68820.03006
74260.95374
55137.53221
55406.24547
55282.46016
54179.55869
50824.97255
51270.86142
51613.59719
52430.89025
54214.49938
57956.60338
50401.08359
51916.18325
54623.47148
59069.41823
65749.71381
58542.41214
61900.58024
65120.44369
68140.70204
70942.35464
36377.76155
37866.3997
39336.28985
40673.56887
41775.58008
44218.67462
44877.44605
45301.58454
45500.42047
45530.92647
50599.69395
52486.96304
54202.72888
55696.63077
56962.87544
65304.75935
69369.27118
73259.79679
76949.74726
80498.71539
71592.71118
75096.76521
77948.87657
80059.3807
81426.32952
74319.6399
77669.60918
80625.73086
83281.30905
85841.31229
70213.98256
71676.6054
72523.81815
72692.95718
71977.80747
67143.05286
69125.83463
71647.88184
75143.10486
80193.05342
61879.27572
62249.27578
62061.3214
60615.22049
56530.26135
57600.42543
57841.32976
58253.99253
59139.80628
61303.47676
56088.32354
57329.1712
59491.27446
63061.51281
68655.55622
)
;

boundaryField
{
    walls
    {
        type            greyDiffusiveRadiationFvDOMP;
        refValue        nonuniform List<scalar> 
768
(
142.3417082
142.344249
142.3568421
0
0
0
0
0
0
0
0
0
142.3408435
142.3408435
142.3543381
0
0
0
0
0
0
0
0
0
142.3408435
142.3408435
142.3408435
0
0
0
0
0
0
0
0
0
142.3408435
142.3408435
142.3408435
0
0
0
0
0
0
0
0
0
142.3408435
142.3408435
142.3408435
0
0
0
0
0
0
0
0
0
142.3408435
142.3408435
142.3408435
0
0
0
0
0
0
0
0
0
146.6745751
171.3076019
164.7280262
0
0
0
0
0
0
0
0
0
549.3819224
607.6921088
819.0721037
0
0
0
0
0
0
0
0
0
3897.528627
3293.853175
8020.958922
0
0
0
0
0
0
0
0
0
49803.84883
14945.5037
54790.13492
0
0
0
0
0
0
0
0
0
69760.22085
68038.69709
71967.47711
0
0
0
0
0
0
0
0
0
73890.0743
91117.95927
76667.44306
0
0
0
0
0
0
0
0
0
75528.96466
99817.764
78242.66598
0
0
0
0
0
0
0
0
0
76836.75392
103768.9454
79245.13392
0
0
0
0
0
0
0
0
0
78305.48672
106105.8077
80191.88804
0
0
0
0
0
0
0
0
0
79736.75807
107523.8185
81121.33322
0
0
0
0
0
0
0
0
0
142.3408435
142.3408435
142.3408435
142.3408435
142.3408435
142.3408435
142.3408435
142.3408435
142.3408435
142.3411424
142.3408435
142.3432142
142.3408435
142.3408435
142.3408435
142.3408435
142.3408435
142.3408435
142.3408435
142.3408435
142.3408435
142.3408435
142.3408435
142.3408435
142.3408435
142.3408435
142.3408435
142.3408435
142.3408435
142.3408435
142.3408435
142.3408435
142.3408435
142.3408435
142.3408435
142.3408435
142.3408435
142.3408435
142.3408435
142.3408435
142.3408435
142.3408435
142.3408435
142.3408435
142.3408435
142.3408435
142.3408435
142.3408435
142.3408435
142.3408435
142.457338
142.3408435
142.3408435
142.3408435
142.3408435
142.3408435
142.3408435
142.3408435
142.3408435
142.3408435
142.3408435
142.3408435
145.6588334
142.3408435
142.3408435
143.0032025
142.3408435
142.3408435
142.3408435
142.3408435
144.0084048
142.3408435
142.3408435
147.5706963
173.1693436
146.3759013
142.3408435
168.3492671
146.6810275
142.3408435
172.4288478
148.2449169
184.5233811
162.0025325
496.717534
516.8174407
519.5086194
460.1189362
335.4326622
484.3311507
489.4044681
424.1695756
659.9055984
377.4660493
662.1172337
729.6858314
3477.899716
3919.903112
4017.331217
3156.155103
3114.928761
4625.083664
4851.931244
2985.462531
7870.667339
1487.929179
4156.773599
6259.671645
36661.8053
8746.920326
11891.23058
10642.16743
56219.2708
56525.78064
51552.95392
8772.811772
53569.97
4981.898109
12340.78575
54675.23869
63119.27924
11095.48952
37380.41847
37602.96222
78030.82255
75432.31481
70831.71264
11987.84182
67643.60748
7556.610714
45314.26555
66851.44358
71282.3407
12372.12763
45748.46907
49845.77098
81543.50062
79716.62068
73344.55286
14032.74855
65235.89828
9525.442982
58662.46918
69675.08761
73714.50736
31316.4231
46767.62108
54158.34514
81022.24479
80469.66193
78129.67007
46728.86738
69736.16078
25468.54617
62277.25301
70501.98087
74181.88855
38396.455
46262.98205
55991.55142
81196.13122
80830.82769
82454.35481
60384.23059
75699.20752
36753.44912
64435.6891
72358.78139
73894.98763
41132.11574
45494.95734
57143.1687
82412.00487
81379.88659
85927.06219
66504.81413
81885.53681
42828.6832
65780.95242
74729.22834
73550.58708
42580.61132
45486.86361
58047.86718
84044.03813
82106.90239
88585.55731
69897.11489
87664.91665
47273.28722
66864.0587
76897.47211
0
0
0
142.3436659
142.3408435
142.3441071
142.3430998
142.3408435
142.3408435
142.3408435
142.3408435
142.3408435
0
0
0
142.3408435
142.3408435
142.3720408
142.3468763
142.3408435
142.3408435
142.3408435
142.3408435
142.3408435
0
0
0
142.3408435
142.3408435
142.5132192
142.3462244
142.3408435
142.3408435
142.3408435
142.3408435
142.3408435
0
0
0
142.3408435
142.3408435
142.7719097
142.3408435
142.3408435
142.3408435
142.3408435
142.3408435
142.3408435
0
0
0
142.3408435
142.3408435
142.3408435
142.3408435
142.3408435
142.3408435
142.3408435
142.3408435
142.3408435
0
0
0
142.3408435
142.3408435
142.3408435
142.3408435
142.9494289
142.3408435
142.3408435
142.3408435
146.2810554
0
0
0
146.4714689
147.7093904
142.3408435
142.3408435
179.7592729
153.4956199
142.3408435
165.7972217
211.2329285
0
0
0
559.0745879
437.4465948
445.6133971
430.7274457
716.862984
457.7482041
337.0383535
662.8038866
942.9684377
0
0
0
4985.704339
3037.918
4081.631777
3437.081705
7315.892702
1876.259806
1583.838696
5034.860266
5258.532871
0
0
0
58500.0196
66518.47935
54103.95647
36358.15155
55771.77336
4452.892801
6104.788514
42905.87602
55610.1526
0
0
0
75852.42549
86539.62328
72499.51864
62946.70925
65998.66475
5877.892172
8960.706301
68614.10591
87965.47608
0
0
0
79840.02269
90526.9739
77359.94635
74412.09719
67370.77693
6535.318547
10136.01409
77683.87468
95727.39439
0
0
0
80676.04569
90786.09053
78869.06986
80421.98664
69294.46701
7080.002418
10795.96273
80543.95605
97206.22906
0
0
0
81447.90993
90414.92876
79877.48543
84648.13807
73877.22634
7665.571907
11363.60938
80839.29325
97589.4166
0
0
0
82633.99833
90032.59003
80994.97111
88117.92735
79113.56944
8312.491414
12017.00754
79743.77171
97772.93363
0
0
0
83890.61083
89764.1457
82187.20496
91017.50191
83438.49103
9027.617
13477.55663
78962.51835
97779.99543
0
0
0
0
0
0
0
0
0
0
0
0
0
0
0
0
0
0
0
0
0
0
0
0
0
0
0
0
0
0
0
0
0
0
0
0
0
0
0
0
0
0
0
0
0
0
0
0
0
0
0
0
0
0
0
0
0
0
0
0
0
0
0
0
0
0
0
0
0
0
0
0
0
0
0
0
0
0
0
0
0
0
0
0
0
0
0
0
0
0
0
0
0
0
0
0
0
0
0
0
0
0
0
0
0
0
0
0
0
0
0
0
0
0
0
0
0
0
0
0
0
0
0
0
0
0
0
0
0
0
0
0
0
0
0
0
0
0
0
0
0
0
0
0
0
0
0
0
0
0
0
0
0
0
0
0
0
0
0
0
0
0
0
0
0
0
0
0
0
0
0
0
0
0
0
0
0
0
0
0
0
0
0
0
0
0
0
0
0
0
0
0
)
;
        refGradient     uniform 0;
        valueFraction   uniform 1;
        emissivityMode  lookup;
        emissivity      uniform 1;
        value           nonuniform List<scalar> 
768
(
142.3417082
142.344249
142.3568421
142.3471256
142.3448736
142.3449914
142.3445137
142.3447188
142.344501
142.3447595
142.3458605
142.350169
142.3408435
142.3408435
142.3543381
142.3753508
142.3700154
142.3782478
142.3758862
142.3822931
142.3769176
142.3752561
142.3760724
142.3832922
142.3408435
142.3408435
142.3408435
142.6119496
142.6473013
142.7828234
142.7448787
142.6972653
142.6740791
142.6964859
142.7017674
142.7390208
142.3408435
142.3408435
142.3408435
144.7189565
145.4368129
145.9870518
145.4062324
145.2947189
145.3573498
146.0806943
145.9372842
145.8801366
142.3408435
142.3408435
142.3408435
164.1559744
165.449477
169.8850892
168.9834551
167.3428043
169.72705
172.0582689
171.1184521
171.1933486
142.3408435
142.3408435
142.3408435
289.395404
295.6227754
332.8198872
314.2722343
299.5524736
306.3708807
329.1784922
361.1502813
372.405063
146.6745751
171.3076019
164.7280262
946.8238986
1035.934331
1302.574106
1115.976329
1270.605197
1121.453073
1374.628162
1344.393659
1352.194442
549.3819224
607.6921088
819.0721037
3973.437508
4465.264248
5755.999298
5441.624064
5464.657451
4322.745196
5131.341128
5366.468978
5680.195347
3897.528627
3293.853175
8020.958922
15538.71955
15653.0206
19383.37958
18479.44084
19239.76181
16173.05012
17493.14046
18131.68281
19480.67602
49803.84883
14945.5037
54790.13492
35094.90235
28689.43122
33747.01665
31793.56706
33972.70629
27205.00731
26665.9485
30952.83256
35321.99294
69760.22085
68038.69709
71967.47711
42715.45948
38727.51531
39298.54246
39051.48089
39115.92138
33784.71544
32532.45332
35845.03629
39673.61691
73890.0743
91117.95927
76667.44306
48992.90463
44448.77681
42439.6229
41674.3784
40824.73423
37567.62812
36230.76864
37595.02349
40056.90092
75528.96466
99817.764
78242.66598
56002.75944
49712.83849
45672.68135
43502.80189
41932.69084
39653.98298
38274.70791
38466.93963
39723.95922
76836.75392
103768.9454
79245.13392
62632.60027
55078.0481
49333.71406
45621.5206
43150.5406
40993.58036
39502.77839
39031.62856
39433.93398
78305.48672
106105.8077
80191.88804
68212.91657
60151.79269
53199.54562
48126.96974
44660.18426
42153.27854
40439.97066
39551.67582
39390.14793
79736.75807
107523.8185
81121.33322
72674.4468
64670.8826
57038.50594
50929.84337
46525.69471
43467.68694
41434.36922
40237.26279
39714.12865
142.3408435
142.3408435
142.3408435
142.3408435
142.3408435
142.3408435
142.3408435
142.3408435
142.3408435
142.3411424
142.3408435
142.3432142
142.3408435
142.3408435
142.3408435
142.3408435
142.3408435
142.3408435
142.3408435
142.3408435
142.3408435
142.3408435
142.3408435
142.3408435
142.3408435
142.3408435
142.3408435
142.3408435
142.3408435
142.3408435
142.3408435
142.3408435
142.3408435
142.3408435
142.3408435
142.3408435
142.3408435
142.3408435
142.3408435
142.3408435
142.3408435
142.3408435
142.3408435
142.3408435
142.3408435
142.3408435
142.3408435
142.3408435
142.3408435
142.3408435
142.457338
142.3408435
142.3408435
142.3408435
142.3408435
142.3408435
142.3408435
142.3408435
142.3408435
142.3408435
142.3408435
142.3408435
145.6588334
142.3408435
142.3408435
143.0032025
142.3408435
142.3408435
142.3408435
142.3408435
144.0084048
142.3408435
142.3408435
147.5706963
173.1693436
146.3759013
142.3408435
168.3492671
146.6810275
142.3408435
172.4288478
148.2449169
184.5233811
162.0025325
496.717534
516.8174407
519.5086194
460.1189362
335.4326622
484.3311507
489.4044681
424.1695756
659.9055984
377.4660493
662.1172337
729.6858314
3477.899716
3919.903112
4017.331217
3156.155103
3114.928761
4625.083664
4851.931244
2985.462531
7870.667339
1487.929179
4156.773599
6259.671645
36661.8053
8746.920326
11891.23058
10642.16743
56219.2708
56525.78064
51552.95392
8772.811772
53569.97
4981.898109
12340.78575
54675.23869
63119.27924
11095.48952
37380.41847
37602.96222
78030.82255
75432.31481
70831.71264
11987.84182
67643.60748
7556.610714
45314.26555
66851.44358
71282.3407
12372.12763
45748.46907
49845.77098
81543.50062
79716.62068
73344.55286
14032.74855
65235.89828
9525.442982
58662.46918
69675.08761
73714.50736
31316.4231
46767.62108
54158.34514
81022.24479
80469.66193
78129.67007
46728.86738
69736.16078
25468.54617
62277.25301
70501.98087
74181.88855
38396.455
46262.98205
55991.55142
81196.13122
80830.82769
82454.35481
60384.23059
75699.20752
36753.44912
64435.6891
72358.78139
73894.98763
41132.11574
45494.95734
57143.1687
82412.00487
81379.88659
85927.06219
66504.81413
81885.53681
42828.6832
65780.95242
74729.22834
73550.58708
42580.61132
45486.86361
58047.86718
84044.03813
82106.90239
88585.55731
69897.11489
87664.91665
47273.28722
66864.0587
76897.47211
142.3490929
142.3507832
142.348414
142.3436659
142.3408435
142.3441071
142.3430998
142.3408435
142.3408435
142.3408435
142.3408435
142.3408435
142.3819838
142.377669
142.3764046
142.3408435
142.3408435
142.3720408
142.3468763
142.3408435
142.3408435
142.3408435
142.3408435
142.3408435
142.7102039
142.6694762
142.6694157
142.3408435
142.3408435
142.5132192
142.3462244
142.3408435
142.3408435
142.3408435
142.3408435
142.3408435
145.1688293
145.2887977
145.3405042
142.3408435
142.3408435
142.7719097
142.3408435
142.3408435
142.3408435
142.3408435
142.3408435
142.3408435
163.2296961
164.8020137
163.816628
142.3408435
142.3408435
142.3408435
142.3408435
142.3408435
142.3408435
142.3408435
142.3408435
142.3408435
279.6011764
299.8462277
317.2833667
142.3408435
142.3408435
142.3408435
142.3408435
142.9494289
142.3408435
142.3408435
142.3408435
146.2810554
959.4087009
1165.220267
1247.864302
146.4714689
147.7093904
142.3408435
142.3408435
179.7592729
153.4956199
142.3408435
165.7972217
211.2329285
4300.955698
5086.458606
5949.036277
559.0745879
437.4465948
445.6133971
430.7274457
716.862984
457.7482041
337.0383535
662.8038866
942.9684377
16439.45273
17885.89148
19019.59126
4985.704339
3037.918
4081.631777
3437.081705
7315.892702
1876.259806
1583.838696
5034.860266
5258.532871
32855.98197
32622.17222
33280.57476
58500.0196
66518.47935
54103.95647
36358.15155
55771.77336
4452.892801
6104.788514
42905.87602
55610.1526
41641.2467
41413.4845
44269.29035
75852.42549
86539.62328
72499.51864
62946.70925
65998.66475
5877.892172
8960.706301
68614.10591
87965.47608
45888.12271
47667.91645
52255.58127
79840.02269
90526.9739
77359.94635
74412.09719
67370.77693
6535.318547
10136.01409
77683.87468
95727.39439
49592.15191
53281.98278
58667.1408
80676.04569
90786.09053
78869.06986
80421.98664
69294.46701
7080.002418
10795.96273
80543.95605
97206.22906
53300.80759
58241.71427
63754.6429
81447.90993
90414.92876
79877.48543
84648.13807
73877.22634
7665.571907
11363.60938
80839.29325
97589.4166
56789.85627
62419.44545
67729.92844
82633.99833
90032.59003
80994.97111
88117.92735
79113.56944
8312.491414
12017.00754
79743.77171
97772.93363
59942.55149
65883.72113
70872.36297
83890.61083
89764.1457
82187.20496
91017.50191
83438.49103
9027.617
13477.55663
78962.51835
97779.99543
142.3583159
142.3508968
142.34473
142.343556
142.3442682
142.3440826
142.3443642
142.3440916
142.3460653
142.348742
142.3518084
142.3489055
142.3901078
142.3751021
142.3686983
142.3704149
142.378172
142.3729597
142.3802669
142.381056
142.386915
142.3866884
142.3854338
142.3806263
142.6528503
142.6091388
142.5981634
142.6759581
142.661701
142.6394647
142.659065
142.6897351
142.7571724
142.7662217
142.7003259
142.6757732
144.8723381
144.4198279
145.0785341
145.7750178
145.0539953
144.6422363
144.9795625
145.4208615
146.324956
145.8794302
145.4719693
145.1002131
163.3016451
162.564091
168.2329716
165.9314203
162.3382649
159.2697861
163.0079979
164.3834524
169.5541291
169.1901956
166.959034
164.7306899
304.7356734
287.2423409
313.6967068
319.3479157
287.8321875
268.5843595
298.5298402
304.0808509
337.6718936
330.8396511
314.8727822
281.309829
1161.09215
974.3849902
1126.446917
1104.89567
1056.327726
928.7144805
1063.355368
1204.163675
1490.29254
1420.570183
1311.740883
934.0055217
4747.499695
4492.14654
5592.056392
4777.488086
4641.381543
4229.017326
4934.615933
5839.036611
6080.905298
6418.328254
5185.677962
4035.316381
16602.73754
13279.32902
17119.4344
16423.33819
16710.49338
16680.31569
19735.29972
21111.52284
22106.46934
21543.07847
18594.8864
15860.92442
30389.71039
26684.82611
28431.23863
25344.24217
28681.9702
33453.35531
41728.32248
42400.28044
42673.461
40775.30749
35394.45129
31012.19645
39150.72201
37183.03342
38310.90448
33134.65506
39006.77112
45275.76495
48533.02807
48528.51267
48410.15987
45930.44748
41947.93747
40692.47557
40891.63354
40194.46851
41657.32884
38872.32729
45063.80962
49266.03648
49581.47317
49153.01693
48764.49199
46768.07372
44831.62957
44913.75075
40516.75706
40448.12734
41961.9957
41761.97185
46884.37711
49612.50553
49151.06435
48701.13364
48241.19018
47009.49911
46374.53265
47221.19366
39866.51702
39989.99188
41392.30089
42691.03655
46735.08982
48695.8125
48333.3306
48023.83444
47654.75567
47068.10395
47275.48958
49053.36746
39486.29821
39617.44187
40886.46378
42818.93723
46006.02843
47533.1349
47435.17974
47280.66898
47078.19209
47008.08382
47939.38541
50799.0641
39590.85035
39679.47413
40822.4349
42851.06867
45326.95556
46527.35451
46625.14055
46612.98244
46622.38142
47022.44263
48666.36223
52582.07559
)
;
    }
    inlet
    {
        type            greyDiffusiveRadiationFvDOMP;
        refValue        uniform 142.3408435;
        refGradient     uniform 0;
        valueFraction   uniform 1;
        emissivityMode  lookup;
        emissivity      uniform 1;
        value           uniform 142.3408435;
    }
    outlet
    {
        type            greyDiffusiveRadiationFvDOMP;
        refValue        uniform 0;
        refGradient     uniform 0;
        valueFraction   uniform 0;
        emissivityMode  lookup;
        emissivity      uniform 1;
        value           nonuniform List<scalar> 
384
(
62820.80027
66417.86741
66414.1826
63340.56947
58995.46511
54711.36405
51125.68479
48430.25067
46572.57174
45418.79961
44810.92108
44598.18328
43790.6892
49602.67965
53220.82338
54514.0213
54008.7725
52462.18586
50528.07457
48666.71327
47133.18226
46049.81462
45424.58544
45183.5059
42945.53111
43792.97519
45401.8239
46834.14571
47651.84015
47815.92219
47485.41966
46888.79721
46240.0449
45715.7745
45414.87888
45356.15609
46673.95117
44389.54835
43488.95696
43472.81881
43845.80734
44275.49757
44584.19376
44733.35311
44763.31187
44762.31031
44815.92618
44986.12106
57653.44912
51931.71038
48028.93938
45663.36529
44419.56657
43895.94236
43767.33432
43823.33381
43939.68922
44077.81936
44253.66693
44524.25866
65361.65795
59398.94053
54367.54092
50530.56954
47835.26963
46076.33101
45015.05923
44440.46392
44170.54661
44075.28126
44107.94192
44293.3359
69350.54433
64137.80353
59210.51682
54949.14314
51507.60129
48881.83201
46997.70136
45715.79347
44881.44737
44354.35969
44068.19768
44024.20886
67094.85965
63484.8327
59734.73974
56172.02607
52980.10618
50274.11155
48114.215
46459.34932
45242.46862
44362.19273
43776.68826
43494.02427
63942.45085
60821.68313
57807.86254
54953.3756
52279.12534
49863.17397
47790.36983
46088.32622
44749.82703
43725.10565
42997.91808
42594.92188
59215.61887
56708.96581
54408.07484
52276.3312
50264.90478
48367.23561
46611.37472
45074.22293
43793.65155
42774.28306
42029.3722
41595.74418
54979.78246
52716.44052
50805.60475
49179.38781
47751.49193
46426.72705
45147.90595
43942.95035
42859.43582
41939.18598
41238.70263
40803.63975
53090.10498
50559.9526
48516.5021
46910.73027
45666.73414
44648.01594
43728.81957
42860.43643
42040.37105
41304.0191
40710.39364
40310.23196
52835.53598
50114.87529
47874.25909
46091.11479
44729.4045
43686.01542
42841.45662
42099.81269
41416.41755
40802.30948
40310.64194
40000.10961
53901.05311
50709.94853
48124.00119
46099.04878
44569.00728
43423.1195
42530.79629
41775.05703
41103.499
40517.96643
40066.76254
39803.23209
58355.80881
55805.10804
52218.72407
49081.9907
46566.19496
44667.37385
43256.36088
42144.6397
41226.37359
40495.86987
39976.03393
39702.17302
65063.85767
66231.20502
62471.2896
57434.75684
52625.09416
48661.92783
45705.50097
43550.55007
41941.02587
40777.78038
40031.12385
39677.64479
72878.78187
81939.46212
79092.20952
72674.4468
64670.8826
57038.50594
50929.84337
46525.69471
43467.68694
41434.36922
40237.26279
39714.12865
40020.19447
40332.35091
41103.69989
42273.99933
43435.33086
44229.43341
44633.31675
44896.72975
45204.43625
45280.69475
44946.70894
44470.48188
39804.58703
40004.22941
40797.42827
42185.74703
43645.42576
44658.37501
45085.11156
45306.47559
45436.86131
45296.81557
44925.74633
44681.11773
39666.80194
39801.47362
40672.93284
42303.07647
44095.12524
45240.68512
45596.40372
45737.88663
45727.73774
45527.07337
45420.43205
45988.00487
39599.90586
39701.82716
40699.59901
42558.41006
44699.109
45889.80261
46118.70822
46170.08572
46110.57248
46074.82667
46616.82247
48552.89951
39590.85035
39679.47413
40822.4349
42851.06867
45326.95556
46527.35451
46625.14055
46612.98244
46622.38142
47022.44263
48666.36223
52582.07559
44300.44472
44385.8217
44637.57279
45117.44129
46002.27265
47631.78626
50524.74689
55375.91882
62752.15928
71875.75803
77980.18432
74238.36489
45055.71734
45336.77851
45667.29958
45781.33325
45629.37514
45480.31914
46044.71513
48728.46979
56006.32839
69646.19892
82078.45988
80181.31793
48207.24628
49054.90968
49952.47778
50499.47395
49787.00812
47748.85644
44850.10602
42355.14535
45309.94824
62891.03865
84203.87452
85431.98338
53086.80466
55951.46415
58316.08244
60174.73791
59855.39427
56761.94183
51101.91872
40993.28669
32124.0484
51333.0461
84349.91544
90042.01024
59942.55149
65883.72113
70872.36297
73611.04469
74492.71897
71305.16126
67562.15367
51572.83146
18883.62997
34852.78976
82573.96383
94115.78729
58542.41214
36377.76155
44218.67462
50599.69395
65304.75935
71592.71118
74319.6399
70213.98256
67143.05286
61879.27572
57600.42543
56088.32354
61900.58024
37866.3997
44877.44605
52486.96304
69369.27118
75096.76521
77669.60918
71676.6054
69125.83463
62249.27578
57841.32976
57329.1712
65120.44369
39336.28985
45301.58454
54202.72888
73259.79679
77948.87657
80625.73086
72523.81815
71647.88184
62061.3214
58253.99253
59491.27446
68140.70204
40673.56887
45500.42047
55696.63077
76949.74726
80059.3807
83281.30905
72692.95718
75143.10486
60615.22049
59139.80628
63061.51281
70942.35464
41775.58008
45530.92647
56962.87544
80498.71539
81426.32952
85841.31229
71977.80747
80193.05342
56530.26135
61303.47676
68655.55622
)
;
    }
}


// ************************************************************************* //
