/*--------------------------------*- C++ -*----------------------------------*\
  =========                 |
  \\      /  F ield         | OpenFOAM: The Open Source CFD Toolbox
   \\    /   O peration     | Website:  https://openfoam.org
    \\  /    A nd           | Version:  7
     \\/     M anipulation  |
\*---------------------------------------------------------------------------*/
FoamFile
{
    version     2.0;
    format      ascii;
    class       volScalarField;
    location    "2";
    object      ILambda_6_0;
}
// * * * * * * * * * * * * * * * * * * * * * * * * * * * * * * * * * * * * * //

dimensions      [1 0 -3 0 0 0 0];

internalField   nonuniform List<scalar> 
6144
(
142.3451567
142.3458066
142.3457179
142.3456424
142.3459455
142.3451716
142.3442783
142.3439662
142.3443576
142.3454219
142.3468635
142.3477018
142.3453453
142.3452075
142.3453537
142.3452151
142.3454269
142.345635
142.3451163
142.3445364
142.3450885
142.3459803
142.3462607
142.3455727
142.3448919
142.3449433
142.3447918
142.3446782
142.3445413
142.3447598
142.3448889
142.3444752
142.3449946
142.3458009
142.3459092
142.3452126
142.3453662
142.3457845
142.3461394
142.3444175
142.3439462
142.344053
142.3441538
142.3442658
142.3448327
142.3449859
142.3451145
142.3447852
142.3469755
142.348133
142.3505184
142.3456772
142.3440171
142.3442209
142.3449003
142.3451316
142.3453951
142.345723
142.3457421
142.3453799
142.3464748
142.3465641
142.3474644
142.3449764
142.3442978
142.3449177
142.3462471
142.3454401
142.3457919
142.3479506
142.3494211
142.3467141
142.3460307
142.3456455
142.3457912
142.3449792
142.3447685
142.3450692
142.3462241
142.3459961
142.3470449
142.352266
142.3569532
142.3486188
142.3463328
142.3461498
142.3460298
142.3450429
142.3448575
142.3452316
142.3457399
142.3454809
142.3461412
142.3482634
142.3504605
142.3468949
142.3456093
142.3454609
142.3457082
142.345109
142.3451126
142.3454834
142.3450002
142.3448793
142.345052
142.3457499
142.3463967
142.3460329
142.3455685
142.3450673
142.345082
142.3452602
142.3453718
142.3454901
142.3448207
142.3447454
142.3448547
142.3455558
142.3459318
142.3462422
142.3450528
142.3448017
142.3445097
142.3445067
142.3444452
142.344886
142.3452172
142.3451555
142.3452763
142.3460268
142.3473498
142.3479346
142.3445244
142.344337
142.3443895
142.3446522
142.3445602
142.3447092
142.3451533
142.345803
142.3462965
142.3474227
142.350535
142.3542046
142.3815234
142.3834883
142.3813771
142.384208
142.3871386
142.3809596
142.3769789
142.3724849
142.3722568
142.3750928
142.3784485
142.3772555
142.3811895
142.3780547
142.3780188
142.3817347
142.3837565
142.3842735
142.3805208
142.3761919
142.3757691
142.3805384
142.3796045
142.3750617
142.3775906
142.3742157
142.3727357
142.3738671
142.3764048
142.3781596
142.3792332
142.3759982
142.3773985
142.3798388
142.3831951
142.3775492
142.3808913
142.3783892
142.3738955
142.3707266
142.3725483
142.3728553
142.3721346
142.372114
142.3752714
142.3780011
142.3828642
142.3817524
142.3869274
142.3805205
142.3765652
142.3712304
142.3719463
142.3759957
142.3774719
142.3771037
142.3744804
142.3775718
142.3790764
142.3825875
142.3855791
142.3799169
142.3786666
142.3733046
142.3730598
142.3750034
142.3770325
142.3767607
142.3734081
142.3761746
142.3783174
142.3807966
142.3822504
142.380884
142.3832858
142.3777092
142.373664
142.3759153
142.3794501
142.3767673
142.3760241
142.3829056
142.3847008
142.3780691
142.3847465
142.3840731
142.3857424
142.3819961
142.3803696
142.3816677
142.37995
142.3781373
142.3779938
142.3839289
142.3847896
142.3828983
142.3811218
142.3810883
142.383507
142.3833819
142.382673
142.384452
142.3797958
142.3800607
142.3792533
142.3831213
142.3826716
142.3833453
142.3828462
142.3815928
142.3803271
142.3810503
142.3822241
142.3851995
142.380946
142.3829686
142.3799915
142.3840596
142.3882726
142.3892218
142.3793849
142.3812241
142.3813254
142.3822774
142.382634
142.383392
142.3859865
142.387292
142.3852132
142.3844287
142.3856311
142.3866612
142.3772995
142.3768139
142.3783907
142.3832478
142.3835652
142.3811549
142.3800558
142.3816711
142.3817128
142.3797507
142.383741
142.3872869
142.7336089
142.7240377
142.6940776
142.711735
142.7322928
142.6849843
142.6823348
142.6803723
142.6605414
142.6646158
142.6981099
142.6888016
142.7581942
142.7205591
142.6876449
142.703654
142.742871
142.7515631
142.7293201
142.6803134
142.6637342
142.7091395
142.7041427
142.6747186
142.7373348
142.6825027
142.670954
142.6728804
142.7126915
142.7181999
142.7211565
142.6945032
142.667129
142.7055881
142.7415992
142.7004087
142.7290544
142.6811185
142.6626213
142.6541118
142.6592639
142.6585918
142.6363811
142.6277453
142.6290725
142.6854709
142.7095346
142.7063793
142.7168173
142.653194
142.6514978
142.6428755
142.6606288
142.6662324
142.6617844
142.6511097
142.6187914
142.6474421
142.6738525
142.7048851
142.7147979
142.6729955
142.6808681
142.6812113
142.6599499
142.6302978
142.6698266
142.6700084
142.6523536
142.6445595
142.6394992
142.6650052
142.7307572
142.7244558
142.7657014
142.7706505
142.6973832
142.6582339
142.6823661
142.7000456
142.6793282
142.6569779
142.6436931
142.6618587
142.7867612
142.807844
142.8467002
142.8057694
142.7187018
142.7037952
142.7256803
142.750389
142.697173
142.6829128
142.6923644
142.715473
142.734045
142.7470345
142.7779755
142.7701791
142.7544001
142.7368867
142.7675558
142.8061957
142.7641302
142.7456286
142.7435927
142.7770215
142.7015129
142.7053012
142.7233456
142.7337797
142.7244018
142.7498753
142.7401543
142.7749875
142.7472431
142.7895846
142.8270793
142.8271219
142.6779501
142.6889584
142.7094802
142.694453
142.7022346
142.7330001
142.7542547
142.7467003
142.7304367
142.7485609
142.7783827
142.7569958
142.6690017
142.6903989
142.7092164
142.7013777
142.7007198
142.7163297
142.7339096
142.7149143
142.7191914
142.715983
142.7460376
142.73878
145.6244625
145.7627234
145.9036757
146.4051397
146.1927719
145.6015911
145.4574233
145.1729583
145.0307993
145.3899956
145.5445786
145.2881519
145.8457723
145.9015449
145.9188601
145.9764802
146.1387365
146.0255565
145.6358414
145.4082846
145.2744225
145.7088845
145.5580985
145.300134
146.1325225
145.8180244
145.6153372
145.6736164
145.7783287
145.9115495
145.6117079
145.7370365
145.5611174
145.7088216
145.8225654
145.3272378
146.0234164
146.0403677
145.7356602
145.5055062
145.504432
145.5617204
145.1471596
145.1335491
145.0303483
145.4956579
145.7550471
145.6700901
145.7511123
145.7081881
145.3550938
145.1508986
145.1248639
145.2486261
145.2695642
145.0139802
144.7672934
145.1386964
145.6847855
145.7673714
145.8093916
145.7350821
145.6559593
145.2546194
145.1540361
145.1438672
145.2081858
145.1648807
144.8556796
145.0292296
145.328666
145.2445274
145.8032432
146.0273426
146.4293816
146.0300758
145.5545612
145.4502715
145.225544
145.1563554
145.1223266
145.3436447
145.2714995
145.1497361
146.270375
146.6248212
147.3139302
146.8064257
145.9945471
146.0336446
145.9448406
145.8681793
145.4820517
145.4304743
145.5904991
145.4483457
146.3548017
146.83824
147.2543361
146.766646
146.2677761
145.8054476
145.8427153
146.0749421
145.8529629
145.5030542
145.7501923
145.8529356
146.0517404
146.3682666
146.2195778
146.023639
145.8330027
145.8702238
145.5947047
145.8087078
145.8042244
145.8231402
146.1581313
146.1589162
145.8020844
145.8448707
145.4992985
145.370113
145.6820961
146.0895598
145.8224397
145.9834435
145.7020758
145.7984637
146.01087
146.1787726
145.5515357
145.7908461
145.5841873
145.3904766
145.6925751
146.1315227
145.9010496
145.7361639
145.328793
145.3110394
145.8122327
146.2239393
172.2447661
173.7433125
177.3802613
180.5231635
177.3311944
169.5769501
166.2409088
165.2419886
164.5036232
166.2516027
166.4875371
165.0087645
170.3227269
170.4861274
174.6707629
175.5854052
177.5941118
172.7329356
168.2928216
165.8198647
166.2659282
168.0085449
167.6258322
166.0988567
170.6025698
167.6615292
169.8146443
169.1021325
169.9755396
169.5330297
168.6700497
167.8857615
169.7716585
171.167497
171.4093037
167.1694992
171.6493472
169.7388895
168.0282033
163.8633168
165.1843382
166.5268433
165.4324134
164.3657245
166.1877796
168.2158761
171.2840059
168.9027104
170.9283065
171.7556963
167.3729085
163.2549161
164.7059619
165.5580391
166.1850491
165.8243334
164.4290376
165.6256564
168.8165378
169.5244203
171.5048161
175.4702907
171.0033288
165.1890061
162.6174044
163.2458795
166.2582509
166.53009
164.2297511
166.6327157
168.9919666
167.5345184
173.197868
177.0917278
174.9632442
172.1878748
168.4266215
165.6410677
165.3433166
164.8677448
166.7517108
171.6748864
172.1367915
169.1581584
174.8363921
176.2698434
178.9624269
178.6610483
174.7139851
171.6108277
170.0422668
170.2701893
171.2698484
171.7528479
171.5891329
169.9044518
172.5994356
175.6789633
180.8050107
176.3764264
175.7346942
171.497039
172.7517001
173.1002833
169.7430985
168.5944712
170.6837042
169.8029302
173.0279839
175.6183696
175.8820052
171.4574333
173.202323
171.3106655
170.9488309
169.9619813
168.2710236
170.2747284
171.5565426
173.5156507
170.9308025
170.3217406
168.7584522
168.5671966
172.9647582
173.5230149
170.5820037
171.1437337
169.0823042
168.9460919
170.6978452
173.1007431
169.2915103
170.296449
168.2802618
168.982036
170.8050219
171.7308054
167.8510286
166.8309663
166.0817144
165.0628582
167.0291319
170.9080997
350.616388
348.1795849
373.6812111
400.5494626
363.3606269
326.3964172
329.5664667
315.8064207
312.0321892
318.1162972
329.4141065
311.1585906
345.6664959
338.7040216
350.9815158
373.2336932
392.8107248
365.2027655
352.1481401
315.5127196
304.9894597
326.573603
335.9875687
310.0340376
330.6854566
306.2631093
309.486462
318.2292413
354.0548518
340.1285949
330.2407426
316.1263697
314.2389799
339.7103168
351.6818995
334.12069
347.5563876
319.5726407
299.9554206
291.0781658
317.2603023
308.5426301
292.6504328
288.5259368
301.6957901
326.9325564
349.5499928
336.2521671
354.4165348
336.2579657
297.5535349
289.8325064
300.2077377
288.1568708
296.8944757
292.6365998
289.3438461
313.7756936
328.5907617
329.3545016
357.1041029
381.9127297
331.6757624
291.8037955
274.9122818
273.7797351
295.1366352
303.2801795
292.3843382
306.0228112
336.912615
339.4643929
361.3080919
413.7526776
391.8178225
352.8828387
318.2010419
308.9534021
321.6415477
309.5248458
319.0179353
344.4708417
359.3298099
337.1037144
383.0145405
405.3738524
406.7271044
392.0785747
359.0886404
344.2948634
357.6956145
356.9962569
355.5868304
350.7651553
367.4037268
357.5872651
355.0311293
376.8407533
417.5259928
387.6684795
366.5838523
356.7327645
355.8994745
361.7235504
349.0821478
330.7290941
340.8063177
348.584508
341.4462497
366.2764524
391.0863702
356.2573681
357.917239
360.0789407
357.0137179
353.9509745
343.210861
349.8666002
339.4999541
350.4027921
331.7286893
354.5252547
365.7370652
346.4348302
349.0647182
359.795283
363.6960715
356.5027174
365.1818332
351.1222304
335.0967971
362.7146283
308.5564995
334.2260251
348.8264001
354.3757618
353.0665594
359.9689103
338.6169604
317.3183786
316.4167116
318.7082369
315.5263241
345.8340366
1314.615917
1300.13363
1428.299503
1572.515719
1425.842569
1274.499798
1320.538333
1167.239587
1111.35575
1212.324601
1258.478145
1196.876571
1313.786342
1323.10951
1415.996559
1540.848859
1488.563391
1370.585066
1297.327111
1134.386801
1134.393018
1277.3663
1281.936538
1167.469711
1283.722089
1136.256291
1032.86834
1163.174167
1357.803341
1361.083253
1218.292698
1262.006713
1166.837009
1293.973765
1394.727429
1199.694361
1304.118754
1228.364541
1149.812134
1113.006124
1253.035656
1263.270878
1166.198838
1152.845826
1128.005613
1298.497363
1338.902945
1231.7712
1393.98802
1171.698983
1032.610208
1037.501075
1149.338712
1119.952093
1278.487126
1182.138836
1062.490332
1199.617698
1301.584887
1210.553361
1572.492029
1471.997091
1196.261214
1138.664332
1068.604792
1011.690185
1117.227718
1146.04293
1114.796564
1079.087427
1237.940911
1279.278658
1522.119868
1692.865932
1656.679285
1538.6784
1414.437161
1333.155334
1308.064078
1230.941391
1247.915073
1216.967061
1313.719485
1342.505051
1529.743696
1558.779732
1628.058328
1510.920778
1435.032261
1334.586083
1321.211203
1317.31107
1318.734357
1361.456323
1370.261633
1346.070078
1496.284755
1503.248032
1618.41717
1486.157446
1408.032265
1355.408009
1363.745982
1390.26654
1343.957516
1366.583294
1315.052559
1273.954325
1452.458379
1536.959157
1484.353458
1316.643888
1197.837278
1208.16319
1226.47705
1336.495704
1453.826342
1507.208819
1442.073599
1400.694245
1314.707801
1431.157695
1406.023685
1247.588317
1290.519323
1388.03445
1453.657176
1463.245165
1585.54261
1370.954598
1283.230481
1437.918396
1104.212803
1318.949081
1385.526366
1482.671098
1564.870253
1563.156391
1387.962591
1294.854681
1328.186873
1178.646291
1128.239694
1297.086154
5772.431398
6251.770645
6829.89328
7223.860166
6936.396626
6018.862223
6179.107136
5534.295808
4696.568691
5154.48276
5916.090228
5461.840482
5597.495132
5768.10579
6565.637178
7274.367931
6822.02381
5772.566257
5796.314024
5220.845985
5080.759519
6448.010548
6358.022345
5085.69426
5428.775563
5173.210383
5070.738922
5809.472104
6379.863584
5758.135747
4982.971711
5387.421063
5291.179668
6537.851621
6746.110904
5325.459309
5670.495537
5676.808786
5437.448237
4761.49152
5234.469458
5633.507559
4478.386184
4343.259049
4657.292919
6288.089875
6406.85288
5934.595529
6049.165024
5151.246235
4871.634501
4553.545367
4657.928497
4981.029844
5561.116464
4904.330329
4869.167825
6067.276351
6077.865708
5417.99645
6455.72125
5833.679203
5096.375925
4925.096929
4423.176356
4728.422886
5041.843071
5072.047375
4856.282699
4955.725949
5093.936446
5183.153011
6306.540239
6522.154704
7101.020308
6692.494003
5862.880657
5865.671916
5304.236928
4957.480777
5085.949226
5304.206632
5797.680568
5396.820299
5865.324741
6406.034292
7495.771065
6424.897764
6112.653592
5804.695235
5604.017698
5894.308916
5553.971104
5880.499887
6494.280878
5836.992546
6166.710257
7010.283468
7555.352273
6083.784794
6194.279976
5479.931383
5696.64757
6546.5299
5906.331487
6111.853415
6382.956893
5856.951077
6376.257588
6989.884796
6376.590463
5226.409118
4998.052585
5011.850846
5107.176921
5916.849493
6138.423867
6247.80467
6335.719858
6115.416792
6030.572096
6229.012137
6094.884712
5298.299947
5874.060478
6589.027848
6627.842625
6901.454108
6958.838961
6231.325257
5857.21691
6481.925119
5234.06976
6314.602173
6470.469805
6367.915008
6633.779473
6700.914886
5809.096409
5902.689243
6000.033723
5338.588987
5571.33808
6367.134981
20047.44475
20677.25434
21800.52337
22937.94861
22103.36173
20276.95587
20678.64094
18717.18855
16964.39132
17486.63171
19139.90989
18217.83594
20078.4041
20344.85709
22260.34036
23366.12391
23217.77094
20515.12463
20553.91486
18244.50498
18157.69695
20594.63159
19541.66775
16806.81821
19562.89053
18905.40242
19157.35585
20098.73354
21547.6705
20025.92596
18370.91269
19556.10593
18578.23984
20354.25716
20615.23161
17880.77289
19843.23444
19917.0902
18760.77631
16551.22063
18301.489
18880.30353
15587.07633
14898.02315
15456.65269
19435.22024
20482.01075
19084.04077
19990.50408
17427.57838
15802.59467
15095.27202
16577.19004
16907.86492
17617.29032
15312.666
14240.91569
18672.52869
19506.01987
17870.93945
21356.54746
19411.75119
16601.72983
16252.18017
15580.86381
15598.34468
16774.56125
16575.00177
16065.396
16873.48377
17873.85899
18353.0301
20741.06996
20944.49943
21384.99647
21245.83827
19317.13353
19019.23767
18336.62462
17487.71729
18078.67776
18562.84636
19430.98866
18704.10295
20164.08207
21482.49255
22821.42788
20853.0485
19970.60346
19978.67749
19532.8841
19815.45978
19426.79373
19629.80823
20643.99116
19498.85046
21293.75999
22307.4812
23633.31594
20598.0152
20829.12786
19371.34123
19692.04235
21233.48969
19488.09125
18892.00576
20113.89693
19238.40646
22072.30572
22965.40683
21724.70385
19309.01009
18929.69194
18751.20858
18564.65743
20151.60052
20515.67006
22303.06956
26464.74099
19977.15069
21243.22876
21068.13833
20499.71639
19884.19604
21836.53927
22254.47932
21677.73269
22470.50275
22947.45059
21265.6047
20594.27358
20858.5088
19089.95438
20425.61526
20548.70873
21791.46276
23466.3842
22969.16122
20746.43172
20616.59262
20317.96903
19006.81048
19373.81634
21379.23147
35856.08421
35789.02548
36724.56025
38662.86712
40021.82183
39054.81674
37620.89165
31327.86686
33346.06513
33303.66617
30125.7308
31225.65757
37914.76002
40084.61085
41667.67386
41258.65601
41954.42782
38673.94281
34734.80802
30330.81917
33342.69781
33525.98124
30428.64014
29343.65982
37172.46705
39511.24888
41487.00997
40785.96482
39356.19209
34013.16158
30284.67185
33571.59058
30805.85532
34110.25057
33291.46779
31475.32622
35890.04097
37924.06558
38913.54695
37177.12342
35748.53317
30757.59102
25371.32416
26667.59385
27767.45061
34636.63341
36137.63641
35632.82898
37655.69614
36787.27302
35836.37913
33846.09418
33338.98337
29273.33282
25069.09441
24262.74379
26193.57275
34949.05418
34992.02344
30700.11315
39766.56029
39057.80562
37178.86928
35517.44925
34143.54263
31929.88801
31585.84366
28232.54447
25401.18878
28202.74013
29973.78278
30639.02412
37689.6054
38275.34164
38020.80585
36438.6629
36072.87326
35801.06942
33777.0897
30401.08551
27735.31827
28045.76576
29325.7657
28686.4294
36815.89291
38486.24211
37455.91799
35798.91687
36117.89458
35866.80808
28879.17551
28563.68096
29737.90556
29489.36492
30353.7383
31878.51455
41155.56573
40915.69469
38922.6462
36317.96475
35301.18812
33384.18818
27843.93452
28211.59994
28352.26669
29638.74189
30801.99623
33710.06076
43130.6846
42182.47028
38345.68096
33566.62331
31282.55748
29718.74049
28623.82203
29688.69027
32332.54587
38517.98185
38941.11134
35766.33604
40592.52246
41116.10618
38182.00148
37560.30128
39514.10049
38492.8838
35474.62327
37158.30508
38899.79954
37747.39042
36934.10994
35648.43543
36515.20465
41122.61286
41120.93143
41228.88712
43813.965
42750.83617
39353.72419
37022.45679
37320.01656
35195.85348
32199.80567
35301.53679
41495.81678
41344.46801
42117.34956
43236.4194
43959.23299
42883.89893
41197.26465
38201.35001
39633.43664
39401.01482
38999.58916
40738.25978
44711.73474
46264.38944
46549.11133
45854.16833
45343.22506
42335.54642
39216.15573
37078.18806
38779.27154
38023.3642
36835.49901
37234.5004
44599.51587
46545.56754
46940.52328
45399.46518
43014.48992
39015.47098
36742.46888
38322.27566
37881.17055
39170.36854
39288.37887
40929.19912
42921.34019
44133.23311
44356.59854
42334.07767
39750.15076
35683.99811
33219.56176
35025.71093
35664.39639
40479.99295
41685.79599
43086.67117
43065.11551
42597.43925
41332.59795
39047.04706
37252.79066
33983.07594
32182.73215
32724.304
34380.96717
40190.83225
40162.92873
38696.30929
44371.97097
43655.10901
42031.83093
39963.60021
38118.97363
36054.47878
35539.00373
34049.3406
33885.5662
36210.58498
37640.41921
38935.99156
43553.08352
43073.05221
42036.25717
40517.89248
39997.69377
39044.65728
37524.22631
35381.73965
34398.26463
34665.5837
35936.99429
36363.96162
42896.9953
42801.38003
41562.0518
40674.97421
40546.54629
38811.22001
34267.90847
33685.74872
34710.68965
35508.95695
36342.23443
37412.7989
45781.03922
44779.12852
42536.34814
40713.25278
39205.60729
36774.15269
32722.19381
33171.8499
34395.33381
36497.31246
37462.64931
38311.7341
47538.68064
45670.5381
41971.49009
38710.97806
36909.43005
34780.38917
33394.8635
35445.63824
38275.41021
41758.77073
40962.21812
38886.339
46806.79291
45855.59673
43501.48217
42673.26036
42815.08739
41407.90787
40003.75154
41499.64117
42501.90264
42057.90626
40756.69806
38861.22965
45623.41382
46919.38182
46831.4427
47148.01439
47927.68503
46375.1152
43926.1013
42806.27537
42528.52338
40715.00704
38778.87929
39597.34914
42192.53101
42230.72077
42728.27028
43134.89703
43115.20445
42311.38478
41546.15586
41150.77501
42694.66221
44177.87075
46797.80148
50174.1152
45469.75293
46006.75946
45729.37827
44969.38406
43985.80093
42108.39322
40730.48957
40475.09091
41854.94818
42641.21983
44294.42054
47355.52849
46149.15611
46760.6094
46145.1318
44515.67421
42520.96783
40398.09022
39665.13306
40718.44686
41594.141
43077.74668
45128.79003
48794.94317
44804.60061
44950.8011
44148.22469
42183.42501
40055.58049
38098.77813
37829.80276
39619.29287
41212.44054
44134.20263
46314.9131
49439.2645
43779.41333
43004.67741
41528.3622
39549.63872
37922.63134
36459.22718
36587.33696
38137.93337
40354.74254
43575.94665
44934.33205
46875.44891
44063.42416
42993.1363
41380.32858
39589.20814
38161.99355
37167.57267
37328.48956
37754.69099
39161.76618
41381.71271
43316.63831
45915.01691
43748.08002
42754.15958
41515.3971
40254.30301
39523.79761
38763.42032
38139.31377
37711.44607
38214.28676
39367.54927
41197.18834
43282.98972
43396.3606
42593.47031
41470.31444
40604.61513
39885.85813
38360.14125
36490.53941
36587.35416
37722.7513
39055.61793
40590.07668
42579.69625
44769.37541
43499.1271
41745.09471
40270.43008
38801.2538
36984.17119
35336.35607
36136.50716
37575.69639
39279.78947
40275.26471
40959.01229
45737.49
43739.87497
41115.55753
39044.41635
37650.81745
36376.06306
36202.50082
37916.9059
39840.6042
41226.45944
40495.53611
39214.19111
46027.89611
44515.93618
42773.3028
41881.49262
41390.05097
40619.90144
40505.42647
41549.41138
41996.03663
41488.69195
40197.63973
38683.43075
46699.2035
46434.72028
46074.36887
45969.09909
45737.73776
44594.25456
43445.46221
42943.38567
42390.115
41187.14318
40185.28212
40229.93484
41919.84528
42075.88147
42376.39059
42537.51879
42523.08247
42499.81058
43023.74581
44439.57532
47158.7756
50699.65398
55409.49027
60177.40924
44599.95835
44640.84285
44300.70112
43769.43375
43212.50657
42732.59448
43044.2286
44424.31269
46904.70218
49931.89796
54161.58913
59727.77991
45602.05599
45438.35523
44628.5239
43496.29111
42491.29974
41990.25908
42590.28038
44280.54938
46463.59778
49335.91157
53070.76467
57649.01861
44737.09188
44261.48086
43230.71287
41895.44557
40896.24352
40652.29099
41685.47671
43818.97901
46272.78634
49396.23512
52834.39983
57019.34168
43380.16146
42437.32935
41169.03127
39932.47094
39265.09634
39365.75039
40694.06054
42937.55898
45698.75212
48967.05005
52357.89643
57128.181
42925.87645
41795.09974
40515.10219
39437.43753
38934.69999
39152.36941
40296.9804
42013.5439
44407.22721
47316.58055
50582.24396
54740.07855
42647.77011
41605.04389
40578.5739
39797.88854
39489.67916
39526.82149
40041.34276
41057.33962
42802.99182
45140.49074
48157.43549
51890.72314
42447.06992
41540.92627
40642.76496
39969.45703
39461.16877
38942.05178
38872.84104
39906.21542
41673.44077
43879.62813
46615.46629
50091.24939
42952.75289
41785.10815
40536.83543
39498.71146
38595.08776
37893.32101
37875.66904
39125.05803
40805.66413
42629.09631
44299.49812
45995.88556
43276.83306
41636.42779
39952.92025
38716.03404
37956.76495
37659.54444
38252.41687
39695.88552
41058.24729
41889.73665
41881.30582
41760.98
43760.95108
42382.40972
41176.13024
40506.93009
40184.73641
40098.30533
40530.79069
41267.50112
41508.0861
41179.56786
40535.60287
40115.89382
45002.49274
44374.3498
43911.96972
43632.05108
43295.99384
42769.06482
42391.16791
42179.69111
41797.97542
41284.19023
41171.54633
41871.89725
41929.34222
42222.51878
42594.99225
42986.83676
43530.41447
44507.92766
46285.07257
49088.55684
53041.93286
57968.87046
63674.41894
68961.54541
43843.90543
43874.04714
43835.89
43895.88093
44261.43391
45186.98766
47036.93698
49935.00391
53868.47682
58708.24091
64644.38053
71724.00494
44798.50551
44543.76626
44130.81101
43858.50573
44052.75881
44991.81053
46897.41244
49706.86026
53196.6983
57314.69789
61879.02425
66238.8957
44309.7752
43819.31288
43227.75627
42858.23889
43104.81454
44210.3884
46288.03425
49137.29785
52452.64791
56235.50826
60303.93852
64524.19765
43072.5961
42359.61888
41710.06622
41458.54055
41931.21041
43268.22616
45543.34346
48528.26928
52067.26559
56222.47828
61155.83608
67534.77937
42274.87669
41477.1864
40867.2223
40731.4716
41296.34148
42639.05192
44774.21172
47520.15084
50869.19552
54784.90892
59293.50127
64460.4304
41876.46487
41152.90893
40678.75485
40639.3629
41154.26137
42214.25357
43872.75408
46120.16846
49021.21244
52537.45663
56720.45282
61560.76687
41665.00308
41017.71606
40579.91277
40471.29273
40715.58492
41352.53742
42618.51363
44664.37781
47357.91612
50618.86272
54515.64561
59111.50108
41719.67389
40907.51597
40243.01082
39868.95275
39826.59328
40250.73263
41366.55644
43235.89491
45483.21873
47962.65909
50585.94264
53371.18013
41658.0858
40565.22032
39674.98292
39201.93149
39194.03366
39709.29532
40832.58471
42350.23941
43799.56291
45011.33953
46008.80292
47120.11289
41986.99569
41024.74317
40358.98444
40117.73222
40231.5573
40662.14278
41387.34426
42142.75269
42618.73458
42900.96071
43276.82105
44158.51293
43150.65948
42611.96172
42293.43582
42162.49856
42105.46204
42095.12063
42191.67722
42328.00409
42453.51801
42790.39832
43724.81936
45561.11398
42652.77267
43221.26944
43938.29806
44859.44249
46157.30409
48069.64727
50821.98068
54531.15342
59208.14504
64670.39327
70517.58549
75670.53759
43867.17296
44228.37075
44762.92408
45638.54033
47057.08587
49227.97758
52334.14494
56408.47914
61412.65899
67249.36784
73900.14607
81401.15341
44636.31214
44768.33107
45089.95217
45840.72363
47242.84612
49453.09901
52526.50045
56365.61773
60767.47928
65466.16055
69970.59325
73300.80959
44396.38382
44358.14118
44565.55876
45273.85306
46699.2739
48930.50785
51925.28525
55492.13378
59399.70589
63448.50838
67350.3773
70793.36366
43428.57411
43288.32593
43497.76732
44297.70834
45856.72098
48210.07843
51308.93084
54995.58449
59201.66945
63978.37962
69505.91587
76190.12983
42564.91204
42399.02115
42655.07219
43527.61653
45129.06596
47466.10259
50486.33056
54084.8596
58227.64399
62879.30479
67979.37866
73274.11863
42040.2894
41913.9081
42214.41842
43069.31976
44539.88229
46621.59937
49312.34459
52576.48468
56410.93207
60767.49796
65598.74541
70755.12024
41722.72389
41606.71688
41857.08385
42558.19121
43752.31454
45488.40876
47852.77235
50855.97995
54438.49454
58545.61375
63147.4038
68152.00695
41504.40279
41251.64802
41305.59429
41758.62107
42668.52244
44116.04938
46161.05979
48753.45117
51703.95823
54913.51362
58289.05983
61715.81795
41200.58838
40752.53455
40627.38183
40930.53396
41694.22323
42930.36922
44591.23382
46497.26223
48427.8562
50323.31476
52221.99327
54231.40493
41260.94405
40834.32672
40743.27719
41029.84277
41649.71675
42547.35433
43618.39566
44703.74895
45721.9036
46802.91131
48175.1892
50092.9041
42062.76039
41821.67159
41819.30306
42020.26818
42359.0345
42809.68158
43357.90422
44000.48123
44824.80555
46066.79433
47997.66819
50808.6964
44289.00678
45261.82729
46466.75327
47985.53315
49957.72167
52538.33927
55857.81504
59946.98651
64776.35112
70160.49754
75698.16975
80444.66085
44935.18379
45826.09195
47055.15221
48767.20265
51113.81747
54219.62333
58157.66896
62901.38098
68381.19692
74477.07795
81110.971
88338.93874
45518.6573
46296.14714
47477.97888
49232.76892
51687.9229
54895.84626
58811.09629
63278.38072
68029.69339
72657.15914
76515.69919
78517.28798
45443.54619
46119.35451
47247.20156
48984.97292
51419.50376
54530.16046
58193.91379
62185.01833
66230.71781
70013.98974
73194.56052
75498.5483
44754.64439
45384.76982
46525.0851
48312.6783
50801.84932
53949.02813
57654.16313
61776.54433
66240.81775
71046.77276
76330.30392
82424.72271
43972.25488
44600.20147
45774.67734
47600.45059
50105.96101
53246.72558
56937.33336
61088.8409
65627.87688
70464.95454
75439.94383
80170.74908
43377.64312
44012.32124
45177.08488
46940.81235
49317.06853
52276.75288
55765.37341
59730.78479
64106.81536
68788.34705
73640.67514
78450.03032
42933.46546
43526.45654
44590.13844
46175.70282
48303.54063
50982.88722
54210.48461
57947.57947
62121.59615
66633.60703
71367.38786
76150.9345
42513.26598
42962.50399
43822.41792
45149.0962
46972.4416
49312.03721
52135.23221
55375.47378
58891.26952
62562.0681
66239.51127
69726.857
42013.32682
42275.01364
42921.65763
44000.42541
45510.68127
47420.59711
49639.31975
52042.76848
54498.70963
56946.8646
59358.07615
61701.08741
41764.36825
41936.4769
42451.37041
43309.77807
44462.58231
45842.44568
47350.61098
48913.24877
50524.31984
52280.11464
54309.08017
56718.9066
42089.53899
42260.69452
42673.94617
43295.053
44075.37054
44992.81424
46036.0908
47257.39996
48772.73949
50759.19015
53371.64921
56677.18813
142.3470234
142.3470774
142.3462728
142.3452201
142.3440165
142.3450467
142.3453818
142.3456292
142.3458756
142.3457807
142.3450252
142.3459526
142.3477544
142.350755
142.3538254
142.3445448
142.3449343
142.3457451
142.3458805
142.3453325
142.3450167
142.3451614
142.3456695
142.3445197
142.3432603
142.3449088
142.3447226
142.3448972
142.344734
142.3435367
142.3449395
142.3443341
142.3443984
142.3443236
142.3431368
142.3448715
142.3445946
142.3446759
142.3445993
142.3433244
142.3452051
142.3452142
142.3448546
142.3444418
142.3431733
142.3463479
142.3463246
142.345656
142.344717
142.3433054
142.3474911
142.3472496
142.3462989
142.3453927
142.3441365
142.3535379
142.3541393
142.3519605
142.3492998
142.3472408
142.3761936
142.3759976
142.3742175
142.369946
142.360739
142.3708814
142.3707597
142.370169
142.3685593
142.3604756
142.374021
142.3723211
142.3732238
142.3743915
142.3685686
142.3778768
142.37436
142.3735334
142.3710558
142.3603547
142.3773795
142.3729991
142.3737108
142.3694892
142.3588463
142.3761048
142.3728185
142.3757865
142.376609
142.3656361
142.3756987
142.3767815
142.3769188
142.3729431
142.3625241
142.381354
142.3835062
142.3836658
142.3789768
142.3663818
142.3825213
142.3833991
142.3800567
142.3750883
142.362915
142.3873258
142.384101
142.3794938
142.3738617
142.3624083
142.3858949
142.3820011
142.3769039
142.3726908
142.3640136
142.3857322
142.3837684
142.3804793
142.3767215
142.3689933
142.6616851
142.6570479
142.6532236
142.621114
142.5303275
142.6190751
142.6036298
142.589006
142.5692745
142.5042284
142.6500887
142.6199851
142.6117247
142.5883248
142.5041025
142.6717136
142.6351224
142.6347091
142.6010138
142.5003673
142.6575436
142.6369796
142.6482434
142.6346524
142.5318976
142.6533115
142.6424828
142.713913
142.7367305
142.6196655
142.678025
142.6821856
142.6934595
142.6791959
142.5729752
142.6958816
142.7007145
142.7132371
142.6629394
142.5586139
142.7474673
142.7369432
142.7272313
142.6604425
142.544435
142.8111595
142.7947502
142.756787
142.6745301
142.556189
142.7546837
142.7356018
142.69029
142.6469779
142.5745399
142.7389451
142.7186367
142.6924572
142.6736403
142.6063867
145.1173866
145.0166434
144.9065803
144.5975932
143.890275
144.9961158
144.780783
144.5317717
144.2779849
143.7165923
145.0522957
144.9543503
144.7993491
144.522956
143.7680693
145.2268501
144.7977438
144.7294361
144.5604758
143.7343241
145.2054357
144.8545947
145.0021991
145.0873694
144.2286062
145.1157105
145.3015404
145.7221372
145.6961675
144.6183469
145.1528731
145.3136875
145.3550593
145.0230399
144.1306876
145.322207
145.3236882
145.3942576
145.149833
144.185605
145.6427047
145.699998
145.5356103
145.1612844
144.198641
146.2227281
146.2616914
146.1470579
145.5717733
144.570632
146.1222276
146.0881518
145.7753605
145.2819527
144.6011939
146.2034457
146.0257631
145.6708308
145.2867873
144.6578795
164.7309053
164.0845949
163.1437671
160.3949049
154.6186193
165.0191916
163.5639412
161.575442
158.5838309
153.4924496
166.5021526
165.0623658
163.8184652
161.1707759
154.5923588
168.1428169
164.9507478
163.2989783
161.6401229
154.4728543
166.3178021
162.8640426
163.0845247
163.1110471
156.1916014
165.0836317
164.4881301
166.2118233
167.7351446
160.0224373
165.2839888
163.4879328
164.3542599
164.9371377
157.8473114
165.8847182
166.3618084
168.0696555
166.3645716
157.6654666
168.4209514
170.4456086
169.2330667
166.4144854
158.8140648
175.0657641
175.5762259
172.2305422
166.8832094
160.2453502
174.3215234
172.4709695
168.660216
165.3644742
160.6351429
173.1328313
171.4962335
168.8752237
166.1984688
161.2708178
304.0765951
300.8569858
292.3657775
270.5461631
228.6563163
295.4454173
290.0240802
277.3968472
258.0322689
221.6178325
340.9421922
338.9392228
323.637883
294.8613509
240.5980931
347.3657291
332.4133918
315.1991003
281.437958
221.2316224
327.4686336
305.0548101
298.2544432
286.9918856
235.3156085
322.6243833
299.8845309
310.2663887
319.3818764
267.4289883
308.9952129
291.3253332
286.8240941
285.8883683
244.3091854
324.8554947
321.4794559
313.5922363
299.2944971
242.6555922
336.7440849
350.4815461
335.1479442
299.6755509
242.9520798
359.8656102
360.159723
344.1425161
310.1306646
256.5566903
354.3133805
341.6754748
335.4904345
320.6831498
278.8132368
346.3447843
340.5581908
340.98768
332.3485409
290.8139578
1212.800496
1194.781288
1116.259343
944.9374494
669.0335842
1163.105455
1176.588442
1084.960857
889.0485986
628.2299474
1282.591872
1420.959149
1378.30731
1069.124069
701.5193446
1261.428511
1192.181053
1185.505214
964.7029582
587.8194982
1187.495762
1066.572772
1108.83434
1016.417525
695.6025352
1301.819376
1206.837169
1299.987367
1257.266131
915.8859169
1183.202254
1016.422522
1063.319184
1000.810418
714.012043
1114.127651
1117.709279
1188.323431
1182.939963
875.4767161
1223.094472
1337.472978
1257.705166
1066.789415
748.5787261
1430.470534
1561.925566
1469.868094
1220.986752
895.8291935
1329.995812
1299.74587
1205.280837
1103.08036
923.2961805
1272.649621
1230.685844
1193.461765
1148.600005
980.0352015
5703.343579
5671.249727
5191.57652
4237.661618
2873.354823
4863.950018
5112.135981
4850.991578
3872.81008
2508.709466
5457.121599
5743.992807
5639.59123
4497.165128
3030.149517
5707.277113
5091.712698
4815.055564
4040.747876
2393.313702
5015.143931
4622.607963
4997.497146
4358.579064
2906.132461
5106.062218
4866.475889
5370.105421
5344.342258
4126.658529
4710.514101
3949.049852
4554.782897
4726.446579
3288.335264
4742.930427
4883.433834
5445.299873
5113.728816
3733.287626
5834.704924
6259.977538
5702.149908
4288.250954
2889.076428
6785.749665
7041.423527
6126.289711
4725.079625
3385.44574
6029.327807
5657.649077
4968.495477
4386.277628
3725.718281
5931.405668
5507.267827
5076.959311
4803.90848
4262.053771
18112.40404
17712.91297
16702.20314
14374.37059
10408.50834
16133.03581
16078.91445
15129.84545
12964.78667
9220.761171
18826.96212
19994.31617
19578.21585
16338.29053
13318.59483
17967.40722
16687.25987
16022.65891
14043.69376
9465.774931
15514.76105
14841.58963
15725.75232
13608.69192
10002.68008
17800.47698
17114.45648
18538.26811
18040.73756
15250.82939
17146.28406
15467.2692
16262.9316
15964.62452
11400.2213
17219.00195
17647.06822
18360.05645
17452.25895
14004.31355
18451.04193
19103.69261
17773.3511
14571.42406
11033.00329
20930.11159
21178.5688
19316.76277
15444.68675
12090.84868
20166.62703
18945.37758
17342.84835
15361.66173
13283.40349
23128.25004
20640.52444
17841.35081
16905.65108
15844.24015
34180.2907
34212.81466
34264.2076
35701.47519
40257.87728
31687.78743
30331.73246
26531.82143
22114.44042
19879.72735
37082.91811
38290.37008
38515.50939
39638.50612
43792.49005
36365.59098
37392.83366
37793.12831
39623.83765
44351.44102
26364.70772
27414.68863
30368.46737
25784.37519
16394.88631
34699.40051
35598.0045
37192.71875
36808.76495
39458.21384
29198.13689
29749.24823
31796.42251
29947.94962
21910.3319
28447.2166
29809.20135
32532.67324
34839.66952
38625.10811
32081.92796
30500.68198
26566.52334
23855.23474
19214.9368
33851.06605
32994.70079
29641.33667
21680.39532
16805.28771
33773.19751
32777.5182
29857.42204
27290.21141
32419.40722
36099.27388
34284.62838
33734.05188
36065.05435
44965.87005
43424.69896
45603.11886
48831.89696
53800.93771
60813.98496
40096.84
40811.21885
41999.9999
45694.23646
54220.73686
45845.63307
48039.92193
50750.37835
55313.42004
62216.1771
45522.27165
47730.9092
50480.98634
55522.02419
63147.28817
38297.91599
40724.35316
43755.63627
47335.87048
56082.4909
42350.34685
44427.24653
46359.47306
49149.4922
54901.0134
38168.87089
39742.60141
42112.59039
43888.46865
47065.96724
37183.5014
39389.97837
42785.63183
47586.09024
54978.23255
36818.34241
35681.59143
33077.70554
29783.70104
24214.19911
36431.79282
34423.47889
30324.18368
23932.06815
18555.78444
36645.41578
35451.01366
34108.25423
35140.73029
44994.28448
38938.21161
38960.27656
41103.45148
47230.52446
61017.79341
54322.51898
57888.68326
62021.40063
66511.73695
70777.93328
52100.53653
56373.961
62178.20449
70037.15787
80023.33409
53990.09879
57436.16159
61563.33905
66522.91933
71815.00956
53490.3451
57094.56018
61480.39601
66998.77697
72987.97769
50565.80556
55949.02984
63122.12393
73531.69736
88550.70173
49828.63484
53332.13913
57102.85777
61524.64044
66024.9466
46530.90299
49787.12254
54170.00048
59907.01606
68572.54335
45132.74533
48620.22796
53221.6198
58930.4998
65354.74383
41144.4212
40850.67575
39266.056
35775.49217
28437.54869
37785.59549
35877.39251
32994.83996
30023.87337
30012.90252
37415.09787
36967.98705
37783.2792
42284.99417
54542.8958
40239.81168
42101.65257
46642.15654
55628.34896
71026.92777
65461.16594
68658.8987
71635.67741
74036.6869
75449.23929
67200.6855
73056.89466
79685.71496
86797.95706
93807.52628
62211.60345
65834.76176
69571.35893
73171.73314
76193.03098
61685.0906
65650.98246
69825.43524
73964.36972
77476.36628
64065.03742
71492.27028
80446.70441
91016.95686
102429.1905
59675.30179
63966.14335
68035.2776
71373.82306
72870.34566
56603.52851
61205.20778
66829.63146
73727.82141
82431.65399
54513.32429
58845.02812
63767.58068
68786.99936
72897.17677
47753.73338
47774.62844
46099.20166
41581.40893
32487.2458
41804.92736
40288.94699
38295.16668
36856.58845
38445.36164
40385.54248
40786.1266
43006.25763
49017.16049
61348.4649
43387.05892
46514.32863
52460.74701
62493.80977
77326.24348
74326.76009
76279.868
77644.46778
78240.43929
77962.44205
80626.02146
86027.53856
91382.70191
96352.93796
100577.4572
68921.85612
71867.68026
74526.86519
76720.54438
78298.97047
68625.79492
72001.71509
75106.20611
77712.96647
79590.54665
76028.99911
83510.04172
91493.28067
99491.45431
106664.2726
69708.79133
73608.29752
76551.95297
77945.71458
77143.17329
66995.58164
71882.90237
77391.61391
83677.22042
91076.85315
64377.15632
68763.48754
73167.01824
77020.5409
79474.72272
56212.13683
56561.93732
55445.84566
52457.11209
47760.48486
48496.07548
47398.33095
46029.09933
45240.1209
46478.98316
45897.99989
46797.40309
49530.26074
55580.73363
66635.905
48477.09422
52150.03689
58465.54132
68269.36052
81809.47252
80521.204
81242.61349
81371.3172
80882.67908
79822.28683
90412.82966
94579.3931
98353.8934
101574.9924
104154.2721
73663.51329
75740.46036
77441.70954
78725.64049
79610.96276
73684.70291
76161.50753
78212.80765
79765.10753
80810.22849
84652.97825
90958.4117
97029.11316
102480.8618
106898.8287
77949.26398
80748.31767
82222.21226
82078.50976
80165.42848
76027.7203
80418.18002
85145.4914
90449.13065
96761.38514
73361.26012
77232.27649
80772.41665
83527.15391
84837.9786
64968.22988
65370.82735
64450.59485
61937.07726
57761.09446
56374.11087
55370.11059
54001.0358
52766.75525
52373.17299
52749.55167
53631.46841
56080.98749
61229.05836
70452.96785
54584.92291
58179.0199
64140.11232
73134.17691
85481.73797
84642.296
84476.01026
83847.02148
82795.33316
81394.52202
96796.40434
99780.76122
102350.3289
104472.583
106172.4861
76811.70486
78190.14124
79265.41603
80067.44571
80658.81049
77094.90949
78776.15527
80078.93817
81026.66479
81684.00371
89970.93094
94824.54177
99181.72546
102894.9652
105865.5259
83822.12285
85449.27177
85766.86901
84747.43812
82492.40543
83018.8875
86647.07597
90564.48409
95122.00309
100792.3402
80755.03874
83906.82264
86602.3751
88467.08608
88942.00696
72747.73848
72817.56012
71517.24634
68447.14689
63165.50084
63895.80476
62562.87827
60630.5237
58358.68359
56228.82131
59563.15229
59977.28108
61637.0181
65513.63443
72998.13274
60641.18651
63719.23781
68904.41822
76821.75688
87953.11576
142.3673641
142.3753146
142.3661312
142.356083
142.3512724
142.3558021
142.3627587
142.3582171
142.3516412
142.3482286
142.3485382
142.3512189
142.3493256
142.3470588
142.3450161
142.3462525
142.3463548
142.3455388
142.3449053
142.3436502
142.3457787
142.3456667
142.3451326
142.3449149
142.343938
142.3454541
142.3453501
142.3449927
142.3448542
142.3438234
142.3450005
142.3455568
142.3456684
142.3452802
142.3440972
142.3448473
142.3449331
142.345136
142.3446385
142.3438341
142.3445735
142.3446307
142.3450899
142.345402
142.3452043
142.344634
142.3451331
142.345894
142.3470574
142.3474394
142.3445868
142.3458522
142.3481325
142.3509595
142.3514488
142.3447404
142.3456878
142.3470911
142.3484561
142.349139
142.3951524
142.4006061
142.3921261
142.3822332
142.3717531
142.3851816
142.3884093
142.3807897
142.3745225
142.3682602
142.3763966
142.3783476
142.3739673
142.3718251
142.3667894
142.3752729
142.3727617
142.3708912
142.372318
142.3685534
142.3795152
142.376106
142.3755893
142.3783513
142.3750386
142.3783164
142.376583
142.3755846
142.377316
142.3715466
142.3785541
142.3805431
142.3794593
142.3821273
142.3772073
142.3803764
142.3771158
142.3767265
142.3802536
142.3796353
142.3786394
142.3758948
142.3789488
142.3819959
142.3853877
142.3759615
142.3774322
142.3797081
142.383545
142.3864088
142.3757652
142.3760501
142.3784581
142.3819501
142.3862422
142.3763887
142.37622
142.3771191
142.3782486
142.3806121
142.7100842
142.6794489
142.6546958
142.6262749
142.5628617
142.6916775
142.6470837
142.6220667
142.6031582
142.5558773
142.6672227
142.6521094
142.6201082
142.5992062
142.5716435
142.6927758
142.681605
142.6540137
142.6412644
142.6475583
142.7077375
142.6997273
142.6711233
142.673834
142.6491699
142.7192297
142.6980869
142.681069
142.6629599
142.6300909
142.7064853
142.7209687
142.6989979
142.6995765
142.6378815
142.6955688
142.6800695
142.6717781
142.6995938
142.6685809
142.6718729
142.6758854
142.6946608
142.730779
142.7372669
142.6809108
142.7089935
142.7256064
142.7395176
142.7744076
142.6921037
142.7015489
142.6867195
142.6816373
142.7190101
142.6849904
142.6899434
142.6795921
142.665699
142.6734237
145.7943915
145.423851
145.071815
144.6938162
144.1399086
145.3343896
145.0251808
144.7216683
144.4723695
143.9810926
145.1194555
145.2321066
145.1732824
145.0039259
144.5652946
145.3655753
145.4519328
145.4735822
145.571821
145.4256841
145.6375429
145.4701312
145.4275447
145.5141787
145.0571073
145.6508031
145.3882277
145.2635401
145.1890172
144.5804667
145.9081761
145.7922879
145.5916501
145.4846499
144.7048544
145.7171609
145.5585174
145.6164844
145.599884
145.1062255
145.4016858
145.3807968
145.7256892
146.0816403
146.125558
145.611728
145.7251242
145.8325252
146.0013231
146.028612
145.6717521
145.7007071
145.5982153
145.4862728
145.6851955
145.5362435
145.5110446
145.3864617
145.2109947
145.2197129
169.1105329
167.0435647
164.8170561
161.7596571
157.1164607
165.8431021
163.6629677
162.7148086
161.7170512
158.0572429
165.4514436
165.0551227
164.6311531
166.3251549
164.5412204
165.6902442
163.8865737
162.8934686
166.8130708
165.8683599
166.028401
165.5529574
163.2476572
165.4892747
162.7078837
167.5768916
166.886584
165.6143709
163.349989
158.4834121
168.3028759
168.2167144
169.7894865
167.151036
160.6341582
168.7671741
168.7284426
168.7110645
165.9698848
162.7005667
166.4558236
166.7002681
167.8865915
168.9556925
168.0927441
167.4423108
168.0086097
169.7107566
170.6978666
169.571176
169.4655092
168.2802076
166.7333408
166.3213762
168.1112564
167.9266053
166.3392516
165.6009511
165.3157725
165.871453
330.1809972
323.1372666
314.6686668
294.2301565
255.16002
307.4412916
299.4906897
290.0154543
282.2552259
257.009529
306.8407977
302.2732842
304.8347597
310.1954627
288.7081583
302.1904888
294.4753624
286.3636739
318.5841528
317.6528216
310.3347971
303.2393754
284.7555607
309.0211714
292.5594072
322.5115935
325.3448342
303.9594077
300.5442854
262.065749
326.2033537
325.4846277
328.497175
317.06774
283.5138966
327.0489255
308.9377061
303.2788446
306.8599399
295.1562255
321.2260777
301.228574
312.0969532
328.1607458
329.0024864
318.8169987
318.2200027
328.4743566
338.5957508
334.3712431
316.1653752
314.3803771
310.2275181
311.366694
326.8409446
303.4612208
301.3705103
297.0422794
290.1433776
290.9999584
1217.16187
1196.168721
1175.29585
1076.874866
845.6566641
1040.984825
1056.19708
1044.669319
953.1727958
813.986689
1062.031741
1096.069265
1085.409338
1096.649224
997.0711891
1222.18849
1133.216373
1007.59051
1144.78071
1067.681215
1274.74801
1210.736409
1078.85191
1184.730413
1025.971418
1324.985056
1349.363839
1183.035724
1170.771706
868.4191307
1425.420424
1404.810639
1279.083184
1270.737972
960.601795
1394.18049
1209.339095
1092.537808
1167.956982
1122.846547
1289.226971
1107.373099
1133.468445
1289.087727
1415.721882
1280.969958
1245.543072
1368.195291
1436.105035
1436.949869
1288.598686
1287.97414
1344.520148
1377.843634
1445.837128
1076.155816
1056.710429
1060.463972
1032.307317
1034.004771
5801.672131
5452.030189
5016.133713
4338.335749
3384.144689
4910.481254
4770.624999
4693.0068
4245.299975
3530.43982
4949.243469
4836.54364
4791.386668
5042.419565
4980.344073
5761.00515
5045.992506
4308.435855
5026.180474
4780.671798
5815.273254
5331.713296
4461.071324
5105.160989
4543.982917
5754.897547
5727.947659
5317.220263
5336.134063
3864.729455
5953.965439
5947.827384
5753.477626
5941.521337
4367.498945
5807.32912
5435.852296
5206.642873
5381.898863
5533.573568
5388.692568
5250.151847
5658.500722
5749.049685
5879.254301
5813.666641
5780.197588
6308.686373
6257.26977
6551.640926
5799.32614
5560.541048
5639.265811
5614.769651
5766.715825
4903.188266
4708.95347
4703.30758
4493.743289
4374.204876
21231.65155
19883.62978
17491.47581
15154.23186
11893.81073
18427.42195
17133.32914
15295.33975
13192.87603
10643.9379
18454.69241
17964.66916
16692.35053
15297.75199
14850.83661
19717.3167
17921.31997
15679.34343
16127.38474
15814.06829
20277.34345
18995.40413
16029.7613
16700.57708
16053.92338
26522.1485
25701.16071
18668.70732
17592.63797
14960.16873
26114.57594
28920.53774
21756.57894
21000.57367
17507.8561
22453.36541
22680.56076
19924.36115
19811.61906
20422.7114
20004.61182
20081.00272
19998.04363
20115.57122
21901.05908
19922.50997
20362.63055
20674.22581
20615.19429
22206.92192
20083.16269
19477.74899
19443.92701
19194.51159
20037.676
18825.40696
18387.67382
18318.71388
17537.87034
16855.22751
35029.97948
34075.58607
32226.11756
29074.03005
27300.15377
34620.21225
30458.04229
28265.80487
25755.32486
24315.86447
36638.09198
34346.89729
32915.35696
26356.55706
23867.41481
38011.19851
35044.05459
28801.96898
24874.05396
22597.91153
39408.44742
37760.48771
33103.91356
26838.09554
23565.15607
49611.11881
47319.88746
36961.49582
33491.63828
26675.15144
47859.91492
47435.81848
40237.45504
39788.50048
36974.75862
44493.802
42119.30711
35895.27873
40060.1131
41580.4182
40088.48082
38852.78791
36598.25923
40559.9721
42863.25905
40690.74309
40204.5747
39242.32462
41229.41812
42554.26719
39282.72916
37799.35983
36247.39289
36322.437
38232.84978
37361.83351
37905.17232
37469.386
35570.73449
32844.12134
39235.67558
39051.46724
40615.35155
45296.26079
58623.88856
39642.42731
38400.0926
38741.37713
41327.92879
52106.86442
41225.77339
39824.38037
39713.77193
37959.20075
43699.37035
42763.20542
41082.07206
36175.25122
32852.05376
33822.44846
44345.30318
43322.51209
39628.09973
34633.21345
30538.01044
51314.19224
50858.63194
44175.92556
39721.07111
34651.89538
51934.42778
52149.55854
46955.96094
44844.20449
41862.23186
50847.60558
50582.8615
45842.88366
46751.11554
46631.70691
49051.20547
49537.85823
46788.62001
47882.3887
48652.15207
48129.44723
48386.78177
47124.46156
47806.35786
48634.36241
46626.62276
46157.94948
44989.70975
44702.78227
45228.82552
45316.57028
45429.42272
44989.17167
43963.11708
42429.30548
40245.04733
41442.08205
47039.46434
59345.59301
82793.3207
40494.00406
40909.31404
44778.74976
55015.09327
76374.00141
41360.86331
41129.62363
43132.62818
48099.86122
65648.69113
42527.36938
41951.88971
40675.83626
41194.04558
49922.33885
43805.43694
43450.47403
41661.06854
39625.43269
41010.30239
47298.12451
47836.90314
44746.55
41671.24314
39806.34777
48889.11873
50074.55403
47353.97921
44966.47573
42727.6232
49365.22313
50729.96138
48399.71824
47305.3621
46222.30391
49180.68423
50919.33354
49524.80537
48952.50913
48618.3153
48496.26128
49852.65288
49392.159
49262.58245
49362.49951
47593.0957
48255.33281
48009.97161
47754.09739
47721.93065
46984.69699
47318.47153
47264.43343
46889.45758
46236.41973
42140.7235
44658.42752
53601.04594
70222.09079
96295.88162
41514.42125
43037.40574
50602.17173
67315.35502
93400.49011
41507.50812
42243.0036
47025.36262
58663.60932
84487.84526
41980.04853
42216.81216
44089.23875
50142.01884
66919.10544
42705.69196
42853.73909
43186.26283
45228.67702
53465.66012
44287.26944
44999.38684
44288.17006
43938.8968
46585.46043
45547.71772
46881.24436
46038.86464
44964.67163
44956.93181
46331.06402
48112.18777
47524.12722
46626.49582
46033.76958
46667.01658
48767.42982
48719.54511
48204.07517
47751.73156
46492.87206
48408.94384
48885.01571
48871.39261
48780.39503
46128.45286
47515.37491
48107.19882
48268.98448
48290.53618
45945.16485
46780.23414
47273.48663
47447.09081
47365.28514
45894.15428
49220.16494
60081.56775
78056.37379
103194.068
44116.37432
46380.29155
56793.622
77261.7022
104192.7507
43063.52147
44475.47185
51864.68411
68643.80038
98442.81539
42627.10504
43426.23794
47855.15273
59026.44567
81789.96437
42614.13752
43109.86895
45408.34312
51674.50774
66054.37904
43086.85207
43759.17462
44709.83839
47485.17154
54973.47327
43665.37849
44763.24543
45177.73717
46062.74068
49151.07208
44142.9493
45685.53433
46104.35228
46280.52786
47236.77074
44419.65937
46289.08482
46998.71585
47145.6458
47379.53241
44412.02394
46283.94314
47293.35183
47720.04911
47943.74088
44274.71802
45828.47831
46881.69224
47483.37947
47815.69831
44243.72035
45317.27824
46173.84918
46762.94435
47111.30051
51082.19553
54620.78214
66031.26234
83643.59754
106850.2879
48311.64181
50875.84852
62853.60547
84716.32882
110919.4742
46251.08208
47983.18455
57199.39126
77100.676
108205.2539
44853.97038
45928.41451
52215.7224
67198.26845
93589.04903
43994.1924
44639.29603
48497.95259
58348.33183
77361.58544
43592.617
44143.41356
46297.62056
51951.93678
63726.41243
43453.73433
44188.77275
45411.12318
48284.31489
54563.29284
43413.58087
44465.68498
45375.08662
46762.48453
49681.78418
43359.28171
44701.33683
45659.81073
46496.56581
47787.11939
43210.47118
44656.89046
45759.47103
46553.53464
47302.06302
43023.6379
44327.26865
45437.5425
46280.04846
46931.8694
42933.34618
43908.21691
44824.57122
45597.02018
46208.62934
56831.65282
60102.11153
71081.26243
87537.45801
108784.9193
53505.12832
55963.84552
68316.98721
90049.93834
115086.1147
50723.81202
52430.6386
62515.03352
83767.69325
114824.5572
48524.68385
49585.45987
56950.82809
74244.77674
102433.3521
46866.8701
47440.55138
52311.40955
64719.42009
86780.03446
45683.39562
46003.58015
48939.49065
56853.92872
71926.87781
44845.41119
45157.02162
46844.61138
51383.50345
60428.51787
44226.29177
44703.99445
45777.30394
48197.4367
53009.74644
43722.19786
44416.36751
45301.49968
46658.20229
49030.92324
43256.32108
44090.33022
44978.62484
45945.06172
47200.8387
42839.32065
43654.12053
44522.1317
45365.1451
46215.68053
42541.39802
43181.78958
43898.67687
44613.48442
45292.06073
142.3450175
142.3457174
142.3466608
142.3474554
142.347941
142.3459661
142.3474108
142.3492335
142.3511357
142.3513356
142.3467622
142.3487545
142.3499869
142.3501981
142.3494593
142.346608
142.3485004
142.3508785
142.3502098
142.3485909
142.3461413
142.3460307
142.3467702
142.3472795
142.3472223
142.3459944
142.3463377
142.3481455
142.3488909
142.3489207
142.3473679
142.3492582
142.3536715
142.3516761
142.3487143
142.3469298
142.3471306
142.3478581
142.3473394
142.3461069
142.3456006
142.3455978
142.3456898
142.345109
142.3440144
142.3450153
142.3450488
142.3447392
142.3444985
142.3441012
142.3452943
142.3449951
142.3444545
142.3442192
142.3444329
142.3449519
142.3446307
142.3443508
142.3442271
142.3444047
142.3782667
142.3790466
142.3795769
142.3803193
142.3819343
142.3797771
142.3808148
142.379995
142.3802084
142.379056
142.3861045
142.3867474
142.3840598
142.3822592
142.3782948
142.3835334
142.3827119
142.3813102
142.3827196
142.3805283
142.3805992
142.3773354
142.3761205
142.3828018
142.387239
142.3798047
142.375344
142.3788878
142.3881228
142.3968183
142.3858985
142.382236
142.3865176
142.3881143
142.3910518
142.3865103
142.3821511
142.3813579
142.3854184
142.3879099
142.3831345
142.3830297
142.3830116
142.3794661
142.3764181
142.3800821
142.3798196
142.3793687
142.3787215
142.3778145
142.3809345
142.3797968
142.3770324
142.3756404
142.3781963
142.3816587
142.3809089
142.3795529
142.378296
142.3793482
142.6713423
142.6706068
142.677161
142.6897824
142.7093198
142.6966772
142.6954519
142.6700599
142.6569927
142.6660805
142.7445378
142.7525847
142.7373473
142.7215368
142.6861281
142.7499563
142.7453103
142.7096684
142.7243141
142.7225905
142.7247017
142.6669119
142.6380457
142.6790995
142.6846413
142.6820058
142.6284447
142.6216404
142.695267
142.7731347
142.7221948
142.6747961
142.6713853
142.7065434
142.7240096
142.7084681
142.6845094
142.676148
142.7104961
142.7071946
142.7094529
142.6969666
142.699896
142.6674639
142.625552
142.7268764
142.7108448
142.6907404
142.6698894
142.6435709
142.7457492
142.7225591
142.705944
142.6863272
142.7001715
142.7426673
142.7469459
142.7375389
142.718448
142.7212842
145.3272906
145.1391496
145.0446953
145.0066309
145.091269
145.624824
145.4426039
145.1472518
145.0051363
145.1533942
146.1136349
146.162253
145.8051585
145.7006497
145.6288666
145.977106
145.9809066
145.5835541
145.5273173
145.255099
145.5978552
145.3267002
145.0018127
145.1000659
144.8134387
145.3814611
145.0579037
144.8526543
144.9939239
145.0350264
145.6021917
145.2951222
145.3792229
145.5101687
145.7570476
145.7250989
145.4097652
145.3884785
145.7063146
145.5854381
145.9577818
145.8146644
145.8320385
145.5586341
144.9869517
146.0291815
145.6972706
145.5070468
145.2256137
145.076293
145.7843129
145.5617613
145.5005652
145.3948806
145.5635154
145.6157735
145.5458474
145.571405
145.6006591
145.7040916
166.8946279
164.551786
163.236847
162.516694
162.80901
169.4075576
168.3950633
166.7641768
164.9939863
165.0202934
172.2105075
172.4070759
170.0511787
168.480213
166.4378902
171.9903062
171.4784522
168.1985822
166.973831
164.2114821
169.7016241
165.8657677
163.7278484
163.8431058
161.474328
165.8160388
162.5641917
162.7580209
163.2151844
165.0988264
167.6316078
166.9536582
168.3500873
170.5917096
172.5821126
169.4253392
167.8922879
168.92661
171.8243598
170.3267292
169.0766675
167.7223183
168.696357
168.4156077
163.8146766
170.0836764
169.4535499
167.3832961
165.3393154
162.3786933
170.8306391
170.181304
168.7617124
166.6102175
166.9727993
170.5274915
168.432963
167.0887594
165.8394202
165.8229451
296.8387881
285.346245
277.9960985
272.628073
273.0275135
333.1306929
328.0485255
316.1873496
304.1854786
296.2664092
348.4830935
347.2638137
346.7982975
342.5313732
339.5472725
352.2801768
337.8298976
323.865456
316.6949294
300.2362951
347.7190545
324.6510975
314.7637471
299.1330499
274.4303862
304.7141683
280.0156567
289.2177001
287.2519052
288.6464791
317.875079
303.1691528
323.994424
335.9824892
330.2466044
325.5156765
299.7586486
301.7895662
335.0469574
346.251201
335.2588732
314.5647695
307.0439373
318.0077471
304.2637838
339.7733057
334.3578354
313.8349261
302.3379808
281.2373138
339.3061862
333.2842404
323.7136662
309.6075409
313.4399188
337.4277904
326.612608
312.7360543
299.585301
298.4492684
1007.605768
938.417576
892.7911483
871.5072345
886.2861595
1291.18457
1265.905049
1216.445637
1127.338133
1119.733226
1393.690388
1350.129764
1345.081058
1273.686804
1321.51128
1426.467424
1314.413692
1269.850357
1246.92951
1167.381224
1364.524482
1192.132424
1207.877379
1244.110258
1068.63759
1271.960785
1043.592931
1066.972078
1126.098059
1103.803575
1431.72989
1251.8517
1266.491813
1302.24716
1276.786679
1301.910811
1189.851179
1166.076392
1312.934076
1520.232346
1272.252268
1188.40167
1120.271544
1154.250272
1025.821156
1290.720404
1252.827951
1143.180779
1112.810512
1003.891552
1292.074445
1242.289832
1223.008434
1182.479923
1236.6738
1283.260844
1273.025835
1244.724283
1193.834205
1186.612704
4717.775574
4321.122207
4128.862516
4012.103223
3999.489599
5852.909907
5572.915043
5318.9083
5004.327198
4802.754577
6480.103348
6377.069447
6110.320106
5899.210897
6142.333581
5914.646612
6190.540289
6361.715236
6241.554938
5887.781762
5283.673228
4914.68718
5012.942051
5749.28137
5564.085122
5291.721472
4438.72337
4284.499756
4905.377665
5186.831657
6474.420849
6121.008622
5870.958112
5942.15
5896.370314
5942.393863
5636.163119
5222.117177
6189.143973
7358.886494
5718.703539
5756.780907
5278.660593
5345.952064
4661.617402
5677.54652
5721.842711
5183.248108
5240.886699
5105.103694
5827.579629
5673.97092
5411.636728
5169.991398
5527.325896
5712.037737
5528.360269
5363.070102
5034.189765
4956.58428
18583.19998
17768.85523
17169.26343
16593.63624
16098.89008
21897.73078
21147.17842
20453.92582
19033.70271
17956.98216
23374.15081
23153.25976
21824.6693
20073.55118
19600.87599
21419.34306
21948.89819
21531.52025
20641.69684
20621.35566
18935.55447
18347.99717
17772.21405
18625.36243
18713.85833
19052.48083
16981.76266
15586.47158
17106.66374
19004.67021
21492.98796
20484.94579
20079.4656
19648.70697
19916.96567
20410.2918
19273.55711
18199.59785
19753.49011
21892.15394
19792.52261
19613.72786
18627.19807
18251.06704
16652.5636
20338.29406
20021.95451
18761.98138
18601.82257
18104.73987
20805.90483
20364.30757
19935.22395
19189.06781
19444.26773
21241.29357
20621.10748
20017.64399
18792.95788
18045.69604
37003.01755
37722.27538
37287.76908
35309.18039
33860.90578
40483.17609
39871.84283
39895.29882
37902.1165
34871.3326
42945.10102
41553.00949
40238.12303
34877.99122
32158.75081
41953.95216
41758.73808
41525.71979
40627.54805
40530.80579
38336.34968
37823.82134
38360.90474
39101.3285
39707.48783
37926.73809
33310.85498
30623.77256
36518.9511
38119.10186
39382.17641
36776.27732
36166.42031
35774.1024
34255.62706
37144.19352
33098.35321
30024.17886
32209.70257
34694.66136
35929.76202
34318.54939
30302.04765
28381.29017
26761.38267
36362.13914
34902.44206
32046.12506
31185.05442
30675.88769
37305.86359
37463.31786
36889.39931
35552.11447
34865.11771
36949.90527
36933.84837
37039.32521
35247.42301
35232.9251
45446.60549
46040.43701
46151.4199
45170.16331
43753.40652
46804.98542
46606.82994
46705.68289
45698.74115
43588.26735
48228.89102
47626.96743
46726.99969
43661.82562
41168.89459
47022.98375
47230.85302
47210.69257
46916.87826
46707.36604
43935.16721
44005.06608
44296.41767
44790.37065
45434.82534
44117.06526
42536.7409
41034.08086
42602.35838
43289.62751
44283.24476
42923.67322
41562.27035
41127.47137
39818.27554
42609.4336
40470.6049
36936.44948
37046.87907
37535.71853
42263.81418
40867.96278
37342.91758
34846.25904
32944.83249
42965.15935
41480.97375
38975.51438
37425.74958
36439.90085
43085.26268
42319.61106
41795.41474
40862.91039
40261.0239
41273.69284
40499.22996
39941.07497
39095.81521
39378.08095
46911.61913
47349.19463
47645.93261
47466.53297
46843.72131
46753.48565
47198.67467
47566.10011
47407.1976
46569.0874
47050.13446
47590.95843
47643.53505
46615.15812
45209.75395
46037.27974
46785.87871
47220.19928
47393.02676
47459.295
44235.77898
44677.81476
44976.86261
45289.64916
45701.67304
44491.128
44430.70786
43831.46963
43823.18089
43828.40195
44480.87417
44095.13843
43094.44835
42351.26741
41311.59368
43891.42488
43044.49929
41009.28525
39796.40325
38960.76315
44379.81807
43396.35104
41312.46729
39152.72659
37283.81714
44910.62712
43600.44283
41859.15433
40387.50339
39300.42482
44001.47256
42839.16758
41944.47044
41142.89088
40728.40091
41530.87372
40422.92449
39422.1619
38855.65962
39233.12144
45627.72042
46266.40223
46814.90666
47136.39443
47170.49379
44806.02088
45656.88387
46355.73602
46773.47603
46797.93933
44591.75943
45620.92424
46327.8279
46467.90479
46138.99413
44064.85392
44998.53289
45725.43095
46242.68141
46603.92596
43253.94059
43889.57656
44335.25216
44668.5384
44975.22528
43496.77305
43973.80001
43970.83254
43854.89137
43671.38814
43674.88887
43891.6682
43500.60245
42883.23835
42039.59228
43913.01935
43771.30544
42811.45054
41672.86209
40545.96576
44716.5207
44170.98085
42996.85889
41502.69962
40009.90773
44867.59174
43904.97526
42724.13771
41567.20612
40663.79658
43530.69562
42490.72926
41566.34556
40901.14737
40712.2603
41290.15602
40354.98173
39535.15686
39390.78792
40164.6779
43842.96917
44585.12296
45302.30485
45912.96476
46355.88544
42911.36701
43800.47861
44624.72737
45319.65038
45808.67545
42634.05185
43612.64348
44494.96275
45133.16841
45467.94851
42537.76608
43368.57572
44136.2076
44794.16842
45333.65451
42318.09101
42950.77987
43476.36338
43882.41416
44199.76414
42603.47005
43201.86038
43510.92347
43583.30954
43480.51321
43011.40827
43460.9643
43485.46338
43172.98585
42588.72227
43661.79751
43823.15585
43457.18328
42731.59251
41815.11233
44430.81892
44163.54728
43501.82671
42559.21495
41527.17213
44326.95974
43658.5538
42854.11059
42065.67118
41486.4573
43075.40182
42300.93994
41622.45982
41273.42716
41457.05124
41449.53768
40861.60753
40552.51544
41050.19119
42487.90249
42564.12706
43185.87186
43867.65155
44544.1104
45157.66584
41814.6691
42462.37715
43159.47978
43853.54433
44484.26421
41684.6161
42322.11733
43031.64385
43711.37974
44278.7937
41886.81851
42409.65863
42997.71086
43588.77478
44141.67856
42014.0598
42425.20515
42855.36106
43241.50652
43560.37714
42393.10385
42813.90284
43144.21032
43317.52844
43325.24174
42962.18166
43305.15147
43443.41305
43334.10745
42984.35064
43729.46854
43850.93603
43695.7187
43272.6548
42650.87511
44345.12971
44106.7949
43667.77842
43073.38922
42430.0803
44159.85471
43614.70608
43047.31284
42575.37324
42349.36378
43231.3902
42662.69412
42286.11312
42334.04407
42978.4269
42297.29423
42031.15609
42270.79559
43436.38127
45572.89631
42255.0708
42580.83173
43032.94986
43565.38434
44130.79392
41821.99415
42056.58871
42431.1803
42903.05765
43423.58114
41926.73004
42072.77209
42397.45514
42831.00876
43303.83682
42336.93053
42395.84454
42625.93084
42965.17966
43360.18977
42683.80226
42675.00955
42812.7753
43016.63855
43230.59004
43161.99544
43170.29188
43263.82725
43341.31154
43344.86763
43802.96097
43771.66857
43740.82659
43622.5112
43372.00269
44529.07807
44340.97394
44096.45677
43752.13325
43311.31884
44989.43135
44549.30237
44096.19317
43644.97028
43252.36277
44833.02168
44231.202
43751.27841
43491.93989
43563.73486
44283.65333
43803.8184
43655.53834
44053.1551
45121.60171
43997.56159
43962.40559
44645.33058
46354.20775
49034.03399
142.3449174
142.3445648
142.3441716
142.3440977
142.3443705
142.3454998
142.3450993
142.3445803
142.3444415
142.3447039
142.3452478
142.3448985
142.3447079
142.3445971
142.3443422
142.3452538
142.344406
142.3441141
142.3441462
142.3440606
142.345182
142.3444152
142.3440418
142.3439854
142.3432879
142.3445122
142.3444581
142.3440607
142.34377
142.3431308
142.3439224
142.3440155
142.3441446
142.3441428
142.3432953
142.3439211
142.3442246
142.3444313
142.3442676
142.3433079
142.3444971
142.3447175
142.344267
142.3439269
142.3432254
142.3456961
142.3456507
142.3447553
142.3440131
142.3430209
142.3477819
142.3481855
142.3467376
142.3451422
142.3437159
142.3518048
142.3519747
142.3491968
142.3466701
142.3450874
142.3805012
142.3772647
142.3749613
142.3732096
142.3753281
142.3826633
142.3783337
142.3766553
142.37627
142.3792136
142.3811822
142.3765586
142.3760297
142.377724
142.3764393
142.3818982
142.3766948
142.377135
142.3759724
142.369952
142.3826409
142.3769946
142.3757604
142.3739037
142.3647351
142.3799757
142.37941
142.3778451
142.3731432
142.3649706
142.3752274
142.3744915
142.374734
142.372605
142.3654935
142.3728086
142.3737874
142.3739061
142.3738842
142.3655494
142.374183
142.3736667
142.3729113
142.3696948
142.360757
142.3742721
142.3724588
142.3697041
142.3648203
142.3564099
142.3755325
142.3741256
142.3708346
142.3668868
142.3597714
142.3789843
142.3783569
142.3749102
142.3697633
142.3610113
142.7426213
142.7500618
142.7332183
142.7233035
142.7360459
142.7182278
142.7242607
142.6914571
142.6802253
142.6944775
142.6923699
142.7114655
142.6918239
142.6717153
142.6373116
142.6635936
142.6981661
142.7192133
142.677772
142.6303028
142.6606881
142.6659122
142.6989546
142.6763703
142.5904406
142.6536236
142.6638048
142.6822978
142.6673823
142.6210079
142.6565421
142.6539249
142.6516938
142.664325
142.6061503
142.6647604
142.6330519
142.626322
142.6321906
142.5549008
142.6537523
142.6311643
142.612206
142.6017881
142.5241081
142.6327807
142.6237487
142.5895043
142.5515727
142.4789517
142.6562207
142.6460652
142.6220934
142.5827285
142.5153005
142.6681193
142.65617
142.6442178
142.6096951
142.5283193
145.795977
145.7851468
145.7182675
145.6721189
145.7299039
145.8750777
145.9991637
145.7448095
145.5847858
145.4333055
145.7157709
145.8860977
145.74153
145.3621891
144.7395961
145.8227504
145.8625662
145.7554391
145.4014806
144.6640214
145.4393415
145.2825105
145.3157429
145.3463228
144.5815312
145.3423083
145.19733
145.2510635
145.2943237
144.8125567
145.2706107
145.103
145.152536
144.996584
144.4418768
145.1524894
145.0096802
145.0703322
144.9435439
144.2494437
145.0104927
145.0379334
144.8263711
144.7947378
144.1451607
145.0167303
144.9141756
144.5353189
144.1856286
143.5487005
145.2968031
145.0774455
144.8402153
144.488723
143.8901161
145.3799689
145.3000373
145.1426752
144.7788425
144.0240249
171.0724808
170.3509646
170.0007469
168.8537717
168.2193296
170.8869322
170.3411104
168.8744129
165.7629941
163.1817054
171.2297349
168.1326031
165.7103173
164.1103332
160.2661172
173.3602276
171.4633346
167.0159101
165.2614821
160.2620932
171.4661263
171.0951318
168.1421004
167.5358798
161.2515079
166.6149864
169.4963282
168.7474836
166.272529
160.156437
163.9069033
165.2100079
164.9808346
164.5330926
159.3345481
164.0151329
163.4065726
163.6172915
162.349766
158.3265813
165.0721995
164.1146286
162.4543623
161.5161872
156.1035816
165.2142708
164.5509725
161.2680671
157.6426979
152.122851
166.8174585
164.9765826
162.4463354
159.946811
155.1330855
166.4785693
166.3276492
166.0499921
163.5877303
156.7946033
354.6758383
352.2176936
342.1417578
325.5748745
322.6367189
343.8313746
343.3735714
345.9343834
329.6385202
320.5193278
348.0950911
329.0220993
321.7375716
301.2125646
277.2908643
376.3543903
351.4582223
315.9855685
288.5490396
259.6387534
345.4147558
338.2390447
325.0580967
307.4532496
259.6359595
314.1952251
333.6045866
332.2218203
302.8805259
265.0277526
305.1904427
304.2208552
309.0221051
307.765789
264.7129746
321.5111776
304.2375697
293.5770178
288.4995379
251.67611
328.2665166
309.3488943
296.1801613
289.497719
247.1158731
323.4358005
304.9778571
278.3545992
257.9251159
219.1696776
330.0804886
310.9403197
294.9127325
274.9726293
239.2669189
328.0632318
324.0480777
312.4895053
288.2450243
242.4191526
1402.484662
1390.663443
1245.019855
1152.253573
1177.887422
1404.555948
1472.319702
1355.00405
1214.597426
1263.3925
1536.891442
1533.762505
1454.394313
1265.682262
1161.341274
1604.419843
1563.00076
1449.424251
1215.417824
962.3078306
1397.923763
1340.723553
1399.696693
1295.013002
923.1161525
1255.1277
1218.598826
1293.037597
1276.281163
1061.264496
1199.231397
1047.478684
1065.364808
1169.731607
960.0800509
1223.157577
1025.163967
996.1688898
1035.790168
851.5564993
1235.586239
1092.278944
1014.396326
1075.368776
874.4599245
1214.430428
1088.220297
954.174288
822.060842
582.8896869
1314.306893
1218.550933
1116.384428
1012.997885
779.8364463
1325.692529
1293.204729
1199.263598
1038.027712
763.6280911
6218.53416
6100.2559
5558.446134
5073.235736
5149.554167
6342.992467
6590.802835
5932.951515
5095.945094
5357.61818
6632.854774
6337.036388
5535.997784
4896.198024
4787.784124
6429.076484
6235.479225
5507.430247
4989.538958
4631.736525
5889.22625
5589.564882
5532.199593
5536.316155
4137.670927
5216.00581
5161.426501
5272.317508
5405.729396
4676.07562
5107.029591
4671.953289
4870.660999
5190.815807
4811.553928
5482.295345
4631.168533
4565.919666
4471.253627
4050.464342
5324.367214
4873.463794
4253.10883
4499.085812
3755.12985
4906.245327
4545.585392
3757.211188
3205.665295
2366.394871
5640.457414
5107.037314
4744.85577
4217.748115
3311.186508
5702.661118
5520.093771
5207.87705
4533.596843
3373.824789
24713.96007
21166.86444
19562.87015
18294.82649
18117.10501
20721.19359
20793.71756
19355.04865
17237.17994
17697.18199
20749.29141
19632.2228
18313.0431
16595.12269
16780.44278
20869.23228
20249.41014
18891.81764
17741.69893
16764.28937
19836.5378
19767.48179
19282.80001
19374.07376
16407.04953
18850.70673
18956.83637
18681.72196
18663.20087
17007.05445
18732.42505
17940.27848
17747.53537
18237.22554
16493.5268
18936.99696
17537.93625
16895.8274
15989.75731
14079.57771
18628.949
18021.87031
16155.15984
16512.92066
14931.54994
17473.68764
16776.82214
14468.93509
12088.0542
8423.189569
19466.78111
18243.94909
16919.44476
14870.22281
11652.18536
19853.30416
19149.84563
18000.64852
15978.51569
12780.3046
37115.85065
33530.77182
31636.61571
28444.03038
30537.49111
33598.71171
30589.13684
26506.73162
25248.26072
25916.37288
33484.53473
29643.62828
27016.05598
26993.08647
27835.42314
35632.71721
33687.96765
30323.05483
31750.36732
31587.14851
36353.6607
34507.30442
34229.41261
38794.31042
41887.83896
34459.55719
32215.96617
33773.40953
36921.90625
40906.08843
34981.16208
29849.79265
30555.26763
33990.99006
36293.57635
33137.29602
30798.24531
29366.23813
27790.06266
23873.36759
34527.46806
34426.33015
31810.37065
34671.08632
38101.85162
33055.37666
31292.88998
27478.86501
22217.46676
15286.6484
34830.18393
34878.02097
31895.82451
26724.79704
21566.8243
35543.67769
36580.63602
37447.10475
39230.88952
44113.42563
39577.50717
36477.26834
34572.17183
33151.41301
34596.55177
37971.10202
34777.61404
31641.62311
31193.13835
32497.5031
38565.75129
35252.1486
33456.98684
34777.24019
37270.62029
40151.05472
38675.29394
37535.46434
40504.69207
43547.96608
40561.62441
39236.36395
40417.49093
45579.54254
53423.41888
39547.25985
37559.16274
39433.80004
43662.80965
51783.07013
39430.95593
36354.40031
36646.70542
39110.12481
45083.90005
38612.35705
36988.87492
35011.3262
32575.4507
28030.28158
39594.84121
38784.05863
37168.01606
39610.23026
46748.56873
39012.29206
37039.42549
32796.32496
26757.14948
19181.32128
41684.24567
42374.1306
41785.10555
40989.12284
41923.42835
43829.29736
46468.31922
49694.13668
54073.25767
60036.8387
39631.50287
37370.03202
35924.16849
35935.10215
37534.28407
39311.24379
37167.23166
35715.20545
36821.1736
39445.19406
39968.15886
38249.92811
38104.43441
40913.6354
45459.4459
40757.23705
40105.21729
41100.01174
45565.80909
52003.93517
40732.60952
40157.37343
42326.47202
48206.64751
59240.41607
40158.76291
39029.74251
40807.15634
45712.0227
56678.21614
40052.679
38281.72473
38261.64697
40449.27208
48017.48785
40281.17321
38710.43356
36857.92465
34660.47391
29721.07142
41639.09283
40384.69258
39310.94807
41212.27378
48210.95246
43291.53206
41453.70127
37607.26394
31711.60103
22930.05588
48496.73475
50187.26606
51580.93624
53194.45458
55592.9856
52538.62211
56092.50824
59879.77409
63717.48559
67216.19343
39876.1958
38560.2596
38090.15831
39348.09634
41821.50461
40080.9851
39120.06377
39274.50168
41941.1363
46207.27035
40603.51191
40207.52656
41563.69389
45828.0285
52411.53776
40989.18595
41175.08143
43618.98379
49469.54606
58061.65055
40963.76123
41126.03434
44097.40639
51032.62847
63471.52741
40897.31609
40541.02284
42815.13196
48949.25164
61371.93818
41376.44053
40384.31856
41113.0853
44962.5384
55084.81485
42662.40853
41360.41724
40655.34468
41282.69927
43259.01252
45186.41405
43896.8877
43281.92498
45502.53432
53085.32177
49063.74114
47461.68874
44221.64981
39372.2456
32924.19812
56192.92004
58047.56261
59548.93274
60802.8644
61808.205
61412.1334
64408.29034
67003.70368
68982.11194
70169.86806
40684.62236
40221.97862
40850.3805
43220.25301
46710.70272
41140.19526
41145.08925
42615.4535
46591.37801
52210.12806
41691.58153
42252.47299
44792.59122
50248.89609
58137.95488
42150.24675
43099.21354
46593.26337
53492.23827
62818.40522
42523.85772
43409.26178
47211.03529
55034.1191
67448.73917
43141.88167
43547.06603
46725.27615
53983.11641
66357.84677
44413.16586
44158.97069
46086.50299
51659.77944
62871.40391
46655.82918
45823.32972
46379.41595
49272.98596
54554.70365
50210.22324
49012.2285
48824.91025
51551.79923
59551.95508
55369.53136
53762.51743
50881.79595
46878.88719
42007.57286
63107.88716
64281.78511
64974.14055
65236.45323
65074.23168
68692.09637
70428.08437
71598.52838
72216.59245
72397.65843
42214.62827
42431.28817
44026.70894
47282.28831
51553.02104
42945.23318
43677.54635
46140.09592
51063.60547
57437.02206
43757.89549
45035.52808
48439.35285
54675.10712
62948.16553
44594.66837
46201.71284
50463.84962
57917.50063
66912.75139
45538.0443
47085.85559
51600.20162
59818.61934
71321.18361
46833.73164
47930.63076
51932.02836
59703.54659
70990.87022
48767.60566
49157.28762
52057.88063
58526.95658
69419.35175
51595.59009
51170.95666
52581.07638
56539.32929
62391.59264
55594.53945
54419.92686
54499.88748
57558.76933
65782.08969
61039.05949
59164.16943
56292.34119
52545.67003
48033.42189
68508.11691
68753.9217
68570.31514
68008.81829
67091.43962
74050.13638
74628.88687
74825.55614
74783.98625
74687.58352
44587.1214
45306.73647
47636.2273
51487.40667
56146.5788
45669.91219
46932.4011
50079.47907
55546.99105
62046.00063
46870.2916
48680.79302
52649.16866
59212.82996
67112.2137
48164.26541
50289.10974
55027.63684
62531.62314
70555.9695
49616.68316
51687.55362
56638.40383
64727.60689
74891.05848
51382.9588
53002.67813
57488.10573
65157.24404
74917.27502
53654.45645
54492.02689
57932.03274
64541.44353
74455.10429
56610.89359
56433.44634
58280.84258
62523.07181
67900.33409
60500.14427
59269.7078
59501.13065
62800.38287
71277.14655
65604.27726
63362.66606
60354.05004
56645.53897
52272.97332
72493.49482
71937.53874
71095.68434
69988.89366
68600.11357
77894.9449
77677.03498
77330.00504
77001.99663
76824.99149
)
;

boundaryField
{
    walls
    {
        type            greyDiffusiveRadiationFvDOMP;
        refValue        nonuniform List<scalar> 
768
(
142.3417082
142.344249
142.3568421
142.343993
142.3411306
142.3408435
142.3408435
142.3408435
142.3408435
142.3408435
142.3408435
142.3439414
142.3408435
142.3408435
142.3543381
142.3408435
142.3408435
142.3408435
142.3408435
142.3408435
142.3408435
142.3408435
142.3408435
142.3408435
142.3408435
142.3408435
142.3408435
142.3408435
142.3408435
142.3408435
142.3408435
142.3408435
142.3408435
142.3408435
142.3408435
142.3408435
142.3408435
142.3408435
142.3408435
142.3408435
142.3408435
142.3408435
142.3408435
142.3408435
142.3408435
142.3408435
142.3408435
142.3408435
142.3408435
142.3408435
142.3408435
142.3408435
142.3408435
142.3408435
142.3408435
142.3408435
142.3408435
142.3408435
142.3408435
142.3408435
142.3408435
142.3408435
142.3408435
142.3408435
142.3408435
142.3408435
142.3408435
143.7359213
142.3408435
142.3408435
142.3408435
142.3408435
146.6745751
171.3076019
164.7280262
142.3408435
142.3408435
152.3588406
142.3408435
195.1196427
163.4938215
171.7704906
142.3408435
195.7609632
549.3819224
607.6921088
819.0721037
407.9943216
372.74912
711.0509841
410.1149743
872.453068
750.9658215
561.2199987
454.6245983
1305.62242
3897.528627
3293.853175
8020.958922
2906.712974
2222.005287
6916.962625
2384.992315
6299.454511
4136.599879
4126.381615
4751.906958
10316.91729
49803.84883
14945.5037
54790.13492
57645.07169
7656.085118
51599.46921
10796.18052
52673.34563
9430.371771
9901.7014
44943.8827
70065.91429
69760.22085
68038.69709
71967.47711
73864.77488
76279.59402
63956.2758
58372.61633
68144.76307
12109.70651
13950.13049
69492.25175
86638.5606
73890.0743
91117.95927
76667.44306
78446.92904
108023.9671
68377.95087
82225.67987
71002.24171
14363.27603
38126.34111
77699.53665
92575.59295
75528.96466
99817.764
78242.66598
79826.58097
112739.1033
71090.33662
93209.07206
74222.88277
16937.588
47326.88197
81583.71832
95342.12104
76836.75392
103768.9454
79245.13392
80687.0789
112064.587
73849.98497
99902.35296
79383.52581
43302.05112
51134.09561
83932.52406
97714.65915
78305.48672
106105.8077
80191.88804
81455.35303
110086.5245
76701.77048
104566.6711
83874.61758
52012.48529
53333.52539
85312.38387
100647.8493
79736.75807
107523.8185
81121.33322
82152.48298
108169.7795
79288.49646
108095.3506
87233.41809
55063.45501
54972.75007
86082.40591
102163.5767
0
0
0
142.3408435
142.3408435
142.3408435
142.3408435
142.3408435
142.3408435
142.3411424
142.3408435
142.3432142
0
0
0
142.3408435
142.3408435
142.3408435
142.3408435
142.3408435
142.3408435
142.3408435
142.3408435
142.3408435
0
0
0
142.3408435
142.3408435
142.3408435
142.3408435
142.3408435
142.3408435
142.3408435
142.3408435
142.3408435
0
0
0
142.3408435
142.3408435
142.3408435
142.3408435
142.3408435
142.3408435
142.3408435
142.3408435
142.3408435
0
0
0
142.3408435
142.3408435
142.3408435
142.3408435
142.3408435
142.3408435
142.3408435
142.3408435
142.3408435
0
0
0
142.3408435
142.3408435
143.0032025
142.3408435
142.3408435
142.3408435
142.3408435
144.0084048
142.3408435
0
0
0
146.3759013
142.3408435
168.3492671
146.6810275
142.3408435
172.4288478
148.2449169
184.5233811
162.0025325
0
0
0
460.1189362
335.4326622
484.3311507
489.4044681
424.1695756
659.9055984
377.4660493
662.1172337
729.6858314
0
0
0
3156.155103
3114.928761
4625.083664
4851.931244
2985.462531
7870.667339
1487.929179
4156.773599
6259.671645
0
0
0
10642.16743
56219.2708
56525.78064
51552.95392
8772.811772
53569.97
4981.898109
12340.78575
54675.23869
0
0
0
37602.96222
78030.82255
75432.31481
70831.71264
11987.84182
67643.60748
7556.610714
45314.26555
66851.44358
0
0
0
49845.77098
81543.50062
79716.62068
73344.55286
14032.74855
65235.89828
9525.442982
58662.46918
69675.08761
0
0
0
54158.34514
81022.24479
80469.66193
78129.67007
46728.86738
69736.16078
25468.54617
62277.25301
70501.98087
0
0
0
55991.55142
81196.13122
80830.82769
82454.35481
60384.23059
75699.20752
36753.44912
64435.6891
72358.78139
0
0
0
57143.1687
82412.00487
81379.88659
85927.06219
66504.81413
81885.53681
42828.6832
65780.95242
74729.22834
0
0
0
58047.86718
84044.03813
82106.90239
88585.55731
69897.11489
87664.91665
47273.28722
66864.0587
76897.47211
0
0
0
0
0
0
0
0
0
0
0
0
0
0
0
0
0
0
0
0
0
0
0
0
0
0
0
0
0
0
0
0
0
0
0
0
0
0
0
0
0
0
0
0
0
0
0
0
0
0
0
0
0
0
0
0
0
0
0
0
0
0
0
0
0
0
0
0
0
0
0
0
0
0
0
0
0
0
0
0
0
0
0
0
0
0
0
0
0
0
0
0
0
0
0
0
0
0
0
0
0
0
0
0
0
0
0
0
0
0
0
0
0
0
0
0
0
0
0
0
0
0
0
0
0
0
0
0
0
0
0
0
0
0
0
0
0
0
0
0
0
0
0
0
0
0
0
0
0
0
0
0
0
0
0
0
0
0
0
0
0
0
0
0
0
0
0
0
0
0
0
0
0
0
0
0
0
0
0
0
0
0
0
0
0
0
0
0
0
0
0
0
142.3489362
142.3408435
142.3408435
0
0
0
0
0
0
0
0
0
142.345893
142.3408435
142.3408435
0
0
0
0
0
0
0
0
0
142.3408435
142.3408435
142.3408435
0
0
0
0
0
0
0
0
0
142.3408435
142.3408435
142.3408435
0
0
0
0
0
0
0
0
0
142.3408435
142.3408435
142.3408435
0
0
0
0
0
0
0
0
0
142.3408435
142.3408435
142.3408435
0
0
0
0
0
0
0
0
0
160.6549396
146.1290417
149.9888447
0
0
0
0
0
0
0
0
0
392.5703452
305.925111
417.0024809
0
0
0
0
0
0
0
0
0
2072.317282
1656.326661
3187.507971
0
0
0
0
0
0
0
0
0
11715.87601
15163.42899
10504.38745
0
0
0
0
0
0
0
0
0
87653.98188
88311.65798
85374.33599
0
0
0
0
0
0
0
0
0
120831.0398
112247.8342
128307.7609
0
0
0
0
0
0
0
0
0
130255.4405
121528.0663
142549.8773
0
0
0
0
0
0
0
0
0
132699.2489
128033.7374
147772.4557
0
0
0
0
0
0
0
0
0
132984.0323
133378.9504
152761.809
0
0
0
0
0
0
0
0
0
132590.922
137385.0294
157266.8749
0
0
0
0
0
0
0
0
0
)
;
        refGradient     uniform 0;
        valueFraction   nonuniform List<scalar> 
768
(
1
1
1
1
1
1
1
1
1
1
1
1
1
1
1
1
1
1
1
1
1
1
1
1
1
1
1
1
1
1
1
1
1
1
1
1
1
1
1
1
1
1
1
1
1
1
1
1
1
1
1
1
1
1
1
1
1
1
1
1
1
1
1
1
1
1
1
1
1
1
1
1
1
1
1
1
1
1
1
1
1
1
1
1
1
1
1
1
1
1
1
1
1
1
1
1
1
1
1
1
1
1
1
1
1
1
1
1
1
1
1
1
1
1
1
1
1
1
1
1
1
1
1
1
1
1
1
1
1
1
1
1
1
1
1
1
1
1
1
1
1
1
1
1
1
1
1
1
1
1
1
1
1
1
1
1
1
1
1
1
1
1
1
1
1
1
1
1
1
1
1
1
1
1
1
1
1
1
1
1
1
1
1
1
1
1
1
1
1
1
1
1
0
0
0
1
1
1
1
1
1
1
1
1
0
0
0
1
1
1
1
1
1
1
1
1
0
0
0
1
1
1
1
1
1
1
1
1
0
0
0
1
1
1
1
1
1
1
1
1
0
0
0
1
1
1
1
1
1
1
1
1
0
0
0
1
1
1
1
1
1
1
1
1
0
0
0
1
1
1
1
1
1
1
1
1
0
0
0
1
1
1
1
1
1
1
1
1
0
0
0
1
1
1
1
1
1
1
1
1
0
0
0
1
1
1
1
1
1
1
1
1
0
0
0
1
1
1
1
1
1
1
1
1
0
0
0
1
1
1
1
1
1
1
1
1
0
0
0
1
1
1
1
1
1
1
1
1
0
0
0
1
1
1
1
1
1
1
1
1
0
0
0
1
1
1
1
1
1
1
1
1
0
0
0
1
1
1
1
1
1
1
1
1
0
0
0
0
0
0
0
0
0
0
0
0
0
0
0
0
0
0
0
0
0
0
0
0
0
0
0
0
0
0
0
0
0
0
0
0
0
0
0
0
0
0
0
0
0
0
0
0
0
0
0
0
0
0
0
0
0
0
0
0
0
0
0
0
0
0
0
0
0
0
0
0
0
0
0
0
0
0
0
0
0
0
0
0
0
0
0
0
0
0
0
0
0
0
0
0
0
0
0
0
0
0
0
0
0
0
0
0
0
0
0
0
0
0
0
0
0
0
0
0
0
0
0
0
0
0
0
0
0
0
0
0
0
0
0
0
0
0
0
0
0
0
0
0
0
0
0
0
0
0
0
0
0
0
0
0
0
0
0
0
0
0
0
0
0
0
0
0
0
0
0
0
0
0
0
0
0
0
0
0
0
0
0
0
0
0
0
0
0
0
0
0
1
1
1
0
0
0
0
0
0
0
0
0
1
1
1
0
0
0
0
0
0
0
0
0
1
1
1
0
0
0
0
0
0
0
0
0
1
1
1
0
0
0
0
0
0
0
0
0
1
1
1
0
0
0
0
0
0
0
0
0
1
1
1
0
0
0
0
0
0
0
0
0
1
1
1
0
0
0
0
0
0
0
0
0
1
1
1
0
0
0
0
0
0
0
0
0
1
1
1
0
0
0
0
0
0
0
0
0
1
1
1
0
0
0
0
0
0
0
0
0
1
1
1
0
0
0
0
0
0
0
0
0
1
1
1
0
0
0
0
0
0
0
0
0
1
1
1
0
0
0
0
0
0
0
0
0
1
1
1
0
0
0
0
0
0
0
0
0
1
1
1
0
0
0
0
0
0
0
0
0
1
1
1
0
0
0
0
0
0
0
0
0
)
;
        emissivityMode  lookup;
        emissivity      uniform 1;
        value           nonuniform List<scalar> 
768
(
142.3417082
142.344249
142.3568421
142.343993
142.3411306
142.3408435
142.3408435
142.3408435
142.3408435
142.3408435
142.3408435
142.3439414
142.3408435
142.3408435
142.3543381
142.3408435
142.3408435
142.3408435
142.3408435
142.3408435
142.3408435
142.3408435
142.3408435
142.3408435
142.3408435
142.3408435
142.3408435
142.3408435
142.3408435
142.3408435
142.3408435
142.3408435
142.3408435
142.3408435
142.3408435
142.3408435
142.3408435
142.3408435
142.3408435
142.3408435
142.3408435
142.3408435
142.3408435
142.3408435
142.3408435
142.3408435
142.3408435
142.3408435
142.3408435
142.3408435
142.3408435
142.3408435
142.3408435
142.3408435
142.3408435
142.3408435
142.3408435
142.3408435
142.3408435
142.3408435
142.3408435
142.3408435
142.3408435
142.3408435
142.3408435
142.3408435
142.3408435
143.7359213
142.3408435
142.3408435
142.3408435
142.3408435
146.6745751
171.3076019
164.7280262
142.3408435
142.3408435
152.3588406
142.3408435
195.1196427
163.4938215
171.7704906
142.3408435
195.7609632
549.3819224
607.6921088
819.0721037
407.9943216
372.74912
711.0509841
410.1149743
872.453068
750.9658215
561.2199987
454.6245983
1305.62242
3897.528627
3293.853175
8020.958922
2906.712974
2222.005287
6916.962625
2384.992315
6299.454511
4136.599879
4126.381615
4751.906958
10316.91729
49803.84883
14945.5037
54790.13492
57645.07169
7656.085118
51599.46921
10796.18052
52673.34563
9430.371771
9901.7014
44943.8827
70065.91429
69760.22085
68038.69709
71967.47711
73864.77488
76279.59402
63956.2758
58372.61633
68144.76307
12109.70651
13950.13049
69492.25175
86638.5606
73890.0743
91117.95927
76667.44306
78446.92904
108023.9671
68377.95087
82225.67987
71002.24171
14363.27603
38126.34111
77699.53665
92575.59295
75528.96466
99817.764
78242.66598
79826.58097
112739.1033
71090.33662
93209.07206
74222.88277
16937.588
47326.88197
81583.71832
95342.12104
76836.75392
103768.9454
79245.13392
80687.0789
112064.587
73849.98497
99902.35296
79383.52581
43302.05112
51134.09561
83932.52406
97714.65915
78305.48672
106105.8077
80191.88804
81455.35303
110086.5245
76701.77048
104566.6711
83874.61758
52012.48529
53333.52539
85312.38387
100647.8493
79736.75807
107523.8185
81121.33322
82152.48298
108169.7795
79288.49646
108095.3506
87233.41809
55063.45501
54972.75007
86082.40591
102163.5767
142.3443705
142.3447039
142.3443422
142.3408435
142.3408435
142.3408435
142.3408435
142.3408435
142.3408435
142.3411424
142.3408435
142.3432142
142.3753281
142.3792136
142.3764393
142.3408435
142.3408435
142.3408435
142.3408435
142.3408435
142.3408435
142.3408435
142.3408435
142.3408435
142.7360459
142.6944775
142.6373116
142.3408435
142.3408435
142.3408435
142.3408435
142.3408435
142.3408435
142.3408435
142.3408435
142.3408435
145.7299039
145.4333055
144.7395961
142.3408435
142.3408435
142.3408435
142.3408435
142.3408435
142.3408435
142.3408435
142.3408435
142.3408435
168.2193296
163.1817054
160.2661172
142.3408435
142.3408435
142.3408435
142.3408435
142.3408435
142.3408435
142.3408435
142.3408435
142.3408435
322.6367189
320.5193278
277.2908643
142.3408435
142.3408435
143.0032025
142.3408435
142.3408435
142.3408435
142.3408435
144.0084048
142.3408435
1177.887422
1263.3925
1161.341274
146.3759013
142.3408435
168.3492671
146.6810275
142.3408435
172.4288478
148.2449169
184.5233811
162.0025325
5149.554167
5357.61818
4787.784124
460.1189362
335.4326622
484.3311507
489.4044681
424.1695756
659.9055984
377.4660493
662.1172337
729.6858314
18117.10501
17697.18199
16780.44278
3156.155103
3114.928761
4625.083664
4851.931244
2985.462531
7870.667339
1487.929179
4156.773599
6259.671645
30537.49111
25916.37288
27835.42314
10642.16743
56219.2708
56525.78064
51552.95392
8772.811772
53569.97
4981.898109
12340.78575
54675.23869
34596.55177
32497.5031
37270.62029
37602.96222
78030.82255
75432.31481
70831.71264
11987.84182
67643.60748
7556.610714
45314.26555
66851.44358
37534.28407
39445.19406
45459.4459
49845.77098
81543.50062
79716.62068
73344.55286
14032.74855
65235.89828
9525.442982
58662.46918
69675.08761
41821.50461
46207.27035
52411.53776
54158.34514
81022.24479
80469.66193
78129.67007
46728.86738
69736.16078
25468.54617
62277.25301
70501.98087
46710.70272
52210.12806
58137.95488
55991.55142
81196.13122
80830.82769
82454.35481
60384.23059
75699.20752
36753.44912
64435.6891
72358.78139
51553.02104
57437.02206
62948.16553
57143.1687
82412.00487
81379.88659
85927.06219
66504.81413
81885.53681
42828.6832
65780.95242
74729.22834
56146.5788
62046.00063
67112.2137
58047.86718
84044.03813
82106.90239
88585.55731
69897.11489
87664.91665
47273.28722
66864.0587
76897.47211
142.347941
142.3513356
142.3494593
142.3485909
142.3472223
142.3489207
142.3487143
142.3461069
142.3440144
142.3441012
142.3444329
142.3444047
142.3819343
142.379056
142.3782948
142.3805283
142.387239
142.3968183
142.3910518
142.3879099
142.3764181
142.3778145
142.3781963
142.3793482
142.7093198
142.6660805
142.6861281
142.7225905
142.6846413
142.7731347
142.7240096
142.7071946
142.625552
142.6435709
142.7001715
142.7212842
145.091269
145.1533942
145.6288666
145.255099
144.8134387
145.0350264
145.7570476
145.5854381
144.9869517
145.076293
145.5635154
145.7040916
162.80901
165.0202934
166.4378902
164.2114821
161.474328
165.0988264
172.5821126
170.3267292
163.8146766
162.3786933
166.9727993
165.8229451
273.0275135
296.2664092
339.5472725
300.2362951
274.4303862
288.6464791
330.2466044
346.251201
304.2637838
281.2373138
313.4399188
298.4492684
886.2861595
1119.733226
1321.51128
1167.381224
1068.63759
1103.803575
1276.786679
1520.232346
1025.821156
1003.891552
1236.6738
1186.612704
3999.489599
4802.754577
6142.333581
5887.781762
5564.085122
5186.831657
5896.370314
7358.886494
4661.617402
5105.103694
5527.325896
4956.58428
16098.89008
17956.98216
19600.87599
20621.35566
18713.85833
19004.67021
19916.96567
21892.15394
16652.5636
18104.73987
19444.26773
18045.69604
33860.90578
34871.3326
32158.75081
40530.80579
39707.48783
38119.10186
34255.62706
34694.66136
26761.38267
30675.88769
34865.11771
35232.9251
43753.40652
43588.26735
41168.89459
46707.36604
45434.82534
43289.62751
39818.27554
37535.71853
32944.83249
36439.90085
40261.0239
39378.08095
46843.72131
46569.0874
45209.75395
47459.295
45701.67304
43828.40195
41311.59368
38960.76315
37283.81714
39300.42482
40728.40091
39233.12144
47170.49379
46797.93933
46138.99413
46603.92596
44975.22528
43671.38814
42039.59228
40545.96576
40009.90773
40663.79658
40712.2603
40164.6779
46355.88544
45808.67545
45467.94851
45333.65451
44199.76414
43480.51321
42588.72227
41815.11233
41527.17213
41486.4573
41457.05124
42487.90249
45157.66584
44484.26421
44278.7937
44141.67856
43560.37714
43325.24174
42984.35064
42650.87511
42430.0803
42349.36378
42978.4269
45572.89631
44130.79392
43423.58114
43303.83682
43360.18977
43230.59004
43344.86763
43372.00269
43311.31884
43252.36277
43563.73486
45121.60171
49034.03399
142.3489362
142.3408435
142.3408435
142.3436502
142.343938
142.3438234
142.3440972
142.3438341
142.3452043
142.3474394
142.3514488
142.349139
142.345893
142.3408435
142.3408435
142.3685534
142.3750386
142.3715466
142.3772073
142.3796353
142.3853877
142.3864088
142.3862422
142.3806121
142.3408435
142.3408435
142.3408435
142.6475583
142.6491699
142.6300909
142.6378815
142.6685809
142.7372669
142.7744076
142.7190101
142.6734237
142.3408435
142.3408435
142.3408435
145.4256841
145.0571073
144.5804667
144.7048544
145.1062255
146.125558
146.028612
145.6851955
145.2197129
142.3408435
142.3408435
142.3408435
165.8683599
162.7078837
158.4834121
160.6341582
162.7005667
168.0927441
169.571176
168.1112564
165.871453
142.3408435
142.3408435
142.3408435
317.6528216
292.5594072
262.065749
283.5138966
295.1562255
329.0024864
334.3712431
326.8409446
290.9999584
160.6549396
146.1290417
149.9888447
1067.681215
1025.971418
868.4191307
960.601795
1122.846547
1415.721882
1436.949869
1445.837128
1034.004771
392.5703452
305.925111
417.0024809
4780.671798
4543.982917
3864.729455
4367.498945
5533.573568
5879.254301
6551.640926
5766.715825
4374.204876
2072.317282
1656.326661
3187.507971
15814.06829
16053.92338
14960.16873
17507.8561
20422.7114
21901.05908
22206.92192
20037.676
16855.22751
11715.87601
15163.42899
10504.38745
22597.91153
23565.15607
26675.15144
36974.75862
41580.4182
42863.25905
42554.26719
38232.84978
32844.12134
87653.98188
88311.65798
85374.33599
33822.44846
30538.01044
34651.89538
41862.23186
46631.70691
48652.15207
48634.36241
45228.82552
42429.30548
120831.0398
112247.8342
128307.7609
49922.33885
41010.30239
39806.34777
42727.6232
46222.30391
48618.3153
49362.49951
47721.93065
46236.41973
130255.4405
121528.0663
142549.8773
66919.10544
53465.66012
46585.46043
44956.93181
46033.76958
47751.73156
48780.39503
48290.53618
47365.28514
132699.2489
128033.7374
147772.4557
81789.96437
66054.37904
54973.47327
49151.07208
47236.77074
47379.53241
47943.74088
47815.69831
47111.30051
132984.0323
133378.9504
152761.809
93589.04903
77361.58544
63726.41243
54563.29284
49681.78418
47787.11939
47302.06302
46931.8694
46208.62934
132590.922
137385.0294
157266.8749
102433.3521
86780.03446
71926.87781
60428.51787
53009.74644
49030.92324
47200.8387
46215.68053
45292.06073
)
;
    }
    inlet
    {
        type            greyDiffusiveRadiationFvDOMP;
        refValue        uniform 142.3408435;
        refGradient     uniform 0;
        valueFraction   uniform 1;
        emissivityMode  lookup;
        emissivity      uniform 1;
        value           uniform 142.3408435;
    }
    outlet
    {
        type            greyDiffusiveRadiationFvDOMP;
        refValue        uniform 0;
        refGradient     uniform 0;
        valueFraction   uniform 0;
        emissivityMode  lookup;
        emissivity      uniform 1;
        value           nonuniform List<scalar> 
384
(
44289.00678
44935.18379
45518.6573
45443.54619
44754.64439
43972.25488
43377.64312
42933.46546
42513.26598
42013.32682
41764.36825
42089.53899
45261.82729
45826.09195
46296.14714
46119.35451
45384.76982
44600.20147
44012.32124
43526.45654
42962.50399
42275.01364
41936.4769
42260.69452
46466.75327
47055.15221
47477.97888
47247.20156
46525.0851
45774.67734
45177.08488
44590.13844
43822.41792
42921.65763
42451.37041
42673.94617
47985.53315
48767.20265
49232.76892
48984.97292
48312.6783
47600.45059
46940.81235
46175.70282
45149.0962
44000.42541
43309.77807
43295.053
49957.72167
51113.81747
51687.9229
51419.50376
50801.84932
50105.96101
49317.06853
48303.54063
46972.4416
45510.68127
44462.58231
44075.37054
52538.33927
54219.62333
54895.84626
54530.16046
53949.02813
53246.72558
52276.75288
50982.88722
49312.03721
47420.59711
45842.44568
44992.81424
55857.81504
58157.66896
58811.09629
58193.91379
57654.16313
56937.33336
55765.37341
54210.48461
52135.23221
49639.31975
47350.61098
46036.0908
59946.98651
62901.38098
63278.38072
62185.01833
61776.54433
61088.8409
59730.78479
57947.57947
55375.47378
52042.76848
48913.24877
47257.39996
64776.35112
68381.19692
68029.69339
66230.71781
66240.81775
65627.87688
64106.81536
62121.59615
58891.26952
54498.70963
50524.31984
48772.73949
70160.49754
74477.07795
72657.15914
70013.98974
71046.77276
70464.95454
68788.34705
66633.60703
62562.0681
56946.8646
52280.11464
50759.19015
75698.16975
81110.971
76515.69919
73194.56052
76330.30392
75439.94383
73640.67514
71367.38786
66239.51127
59358.07615
54309.08017
53371.64921
80444.66085
88338.93874
78517.28798
75498.5483
82424.72271
80170.74908
78450.03032
76150.9345
69726.857
61701.08741
56718.9066
56677.18813
84642.296
96796.40434
76811.70486
77094.90949
89970.93094
83822.12285
83018.8875
80755.03874
72747.73848
63895.80476
59563.15229
60641.18651
84476.01026
99780.76122
78190.14124
78776.15527
94824.54177
85449.27177
86647.07597
83906.82264
72817.56012
62562.87827
59977.28108
63719.23781
83847.02148
102350.3289
79265.41603
80078.93817
99181.72546
85766.86901
90564.48409
86602.3751
71517.24634
60630.5237
61637.0181
68904.41822
82795.33316
104472.583
80067.44571
81026.66479
102894.9652
84747.43812
95122.00309
88467.08608
68447.14689
58358.68359
65513.63443
76821.75688
81394.52202
106172.4861
80658.81049
81684.00371
105865.5259
82492.40543
100792.3402
88942.00696
63165.50084
56228.82131
72998.13274
87953.11576
56831.65282
53505.12832
50723.81202
48524.68385
46866.8701
45683.39562
44845.41119
44226.29177
43722.19786
43256.32108
42839.32065
42541.39802
60102.11153
55963.84552
52430.6386
49585.45987
47440.55138
46003.58015
45157.02162
44703.99445
44416.36751
44090.33022
43654.12053
43181.78958
71081.26243
68316.98721
62515.03352
56950.82809
52311.40955
48939.49065
46844.61138
45777.30394
45301.49968
44978.62484
44522.1317
43898.67687
87537.45801
90049.93834
83767.69325
74244.77674
64719.42009
56853.92872
51383.50345
48197.4367
46658.20229
45945.06172
45365.1451
44613.48442
108784.9193
115086.1147
114824.5572
102433.3521
86780.03446
71926.87781
60428.51787
53009.74644
49030.92324
47200.8387
46215.68053
45292.06073
42255.0708
41821.99415
41926.73004
42336.93053
42683.80226
43161.99544
43802.96097
44529.07807
44989.43135
44833.02168
44283.65333
43997.56159
42580.83173
42056.58871
42072.77209
42395.84454
42675.00955
43170.29188
43771.66857
44340.97394
44549.30237
44231.202
43803.8184
43962.40559
43032.94986
42431.1803
42397.45514
42625.93084
42812.7753
43263.82725
43740.82659
44096.45677
44096.19317
43751.27841
43655.53834
44645.33058
43565.38434
42903.05765
42831.00876
42965.17966
43016.63855
43341.31154
43622.5112
43752.13325
43644.97028
43491.93989
44053.1551
46354.20775
44130.79392
43423.58114
43303.83682
43360.18977
43230.59004
43344.86763
43372.00269
43311.31884
43252.36277
43563.73486
45121.60171
49034.03399
44587.1214
45669.91219
46870.2916
48164.26541
49616.68316
51382.9588
53654.45645
56610.89359
60500.14427
65604.27726
72493.49482
77894.9449
45306.73647
46932.4011
48680.79302
50289.10974
51687.55362
53002.67813
54492.02689
56433.44634
59269.7078
63362.66606
71937.53874
77677.03498
47636.2273
50079.47907
52649.16866
55027.63684
56638.40383
57488.10573
57932.03274
58280.84258
59501.13065
60354.05004
71095.68434
77330.00504
51487.40667
55546.99105
59212.82996
62531.62314
64727.60689
65157.24404
64541.44353
62523.07181
62800.38287
56645.53897
69988.89366
77001.99663
56146.5788
62046.00063
67112.2137
70555.9695
74891.05848
74917.27502
74455.10429
67900.33409
71277.14655
52272.97332
68600.11357
76824.99149
)
;
    }
}


// ************************************************************************* //
