/*--------------------------------*- C++ -*----------------------------------*\
  =========                 |
  \\      /  F ield         | OpenFOAM: The Open Source CFD Toolbox
   \\    /   O peration     | Website:  https://openfoam.org
    \\  /    A nd           | Version:  7
     \\/     M anipulation  |
\*---------------------------------------------------------------------------*/
FoamFile
{
    version     2.0;
    format      ascii;
    class       volScalarField;
    location    "2";
    object      O2avg;
}
// * * * * * * * * * * * * * * * * * * * * * * * * * * * * * * * * * * * * * //

dimensions      [0 0 0 0 0 0 0];

internalField   nonuniform List<scalar> 
6144
(
0.2299996303
0.2299996303
0.2299997517
0.2299997517
0.2299997025
0.2299997025
0.229999682
0.229999682
0.2299997519
0.2299997519
0.2299997057
0.2299997057
0.2299996303
0.2299996303
0.2299997517
0.2299997517
0.2299997025
0.2299997025
0.229999682
0.229999682
0.2299997519
0.2299997519
0.2299997057
0.2299997057
0.2299997301
0.2299997301
0.2299997625
0.2299997625
0.2299996958
0.2299996958
0.2299997562
0.2299997562
0.2299996891
0.2299996891
0.2299996678
0.2299996678
0.2299997301
0.2299997301
0.2299997625
0.2299997625
0.2299996958
0.2299996958
0.2299997562
0.2299997562
0.2299996891
0.2299996891
0.2299996678
0.2299996678
0.2299997008
0.2299997008
0.2299997409
0.2299997409
0.2299996545
0.2299996545
0.2299996911
0.2299996911
0.229999802
0.229999802
0.2299997195
0.2299997195
0.2299997008
0.2299997008
0.2299997409
0.2299997409
0.2299996545
0.2299996545
0.2299996911
0.2299996911
0.229999802
0.229999802
0.2299997195
0.2299997195
0.229999825
0.229999825
0.2299997028
0.2299997028
0.2299996778
0.2299996778
0.2299997881
0.2299997881
0.2299996779
0.2299996779
0.2299995934
0.2299995934
0.229999825
0.229999825
0.2299997028
0.2299997028
0.2299996778
0.2299996778
0.2299997881
0.2299997881
0.2299996779
0.2299996779
0.2299995934
0.2299995934
0.229999725
0.229999725
0.2299997142
0.2299997142
0.2299996691
0.2299996691
0.2299995162
0.2299995162
0.2299996843
0.2299996843
0.2299995955
0.2299995955
0.229999725
0.229999725
0.2299997142
0.2299997142
0.2299996691
0.2299996691
0.2299995162
0.2299995162
0.2299996843
0.2299996843
0.2299995955
0.2299995955
0.2299996527
0.2299996527
0.2299996862
0.2299996862
0.2299995792
0.2299995792
0.2299996536
0.2299996536
0.2299996593
0.2299996593
0.2299995881
0.2299995881
0.2299996527
0.2299996527
0.2299996862
0.2299996862
0.2299995792
0.2299995792
0.2299996536
0.2299996536
0.2299996593
0.2299996593
0.2299995881
0.2299995881
0.2299996303
0.2299996303
0.2299997517
0.2299997517
0.2299997025
0.2299997025
0.229999682
0.229999682
0.2299997519
0.2299997519
0.2299997057
0.2299997057
0.2299996303
0.2299996303
0.2299997517
0.2299997517
0.2299997025
0.2299997025
0.229999682
0.229999682
0.2299997519
0.2299997519
0.2299997057
0.2299997057
0.2299997301
0.2299997301
0.2299997625
0.2299997625
0.2299996958
0.2299996958
0.2299997562
0.2299997562
0.2299996891
0.2299996891
0.2299996678
0.2299996678
0.2299997301
0.2299997301
0.2299997625
0.2299997625
0.2299996958
0.2299996958
0.2299997562
0.2299997562
0.2299996891
0.2299996891
0.2299996678
0.2299996678
0.2299997008
0.2299997008
0.2299997409
0.2299997409
0.2299996545
0.2299996545
0.2299996911
0.2299996911
0.229999802
0.229999802
0.2299997195
0.2299997195
0.2299997008
0.2299997008
0.2299997409
0.2299997409
0.2299996545
0.2299996545
0.2299996911
0.2299996911
0.229999802
0.229999802
0.2299997195
0.2299997195
0.229999825
0.229999825
0.2299997028
0.2299997028
0.2299996778
0.2299996778
0.2299997881
0.2299997881
0.2299996779
0.2299996779
0.2299995934
0.2299995934
0.229999825
0.229999825
0.2299997028
0.2299997028
0.2299996778
0.2299996778
0.2299997881
0.2299997881
0.2299996779
0.2299996779
0.2299995934
0.2299995934
0.229999725
0.229999725
0.2299997142
0.2299997142
0.2299996691
0.2299996691
0.2299995162
0.2299995162
0.2299996843
0.2299996843
0.2299995955
0.2299995955
0.229999725
0.229999725
0.2299997142
0.2299997142
0.2299996691
0.2299996691
0.2299995162
0.2299995162
0.2299996843
0.2299996843
0.2299995955
0.2299995955
0.2299996527
0.2299996527
0.2299996862
0.2299996862
0.2299995792
0.2299995792
0.2299996536
0.2299996536
0.2299996593
0.2299996593
0.2299995881
0.2299995881
0.2299996527
0.2299996527
0.2299996862
0.2299996862
0.2299995792
0.2299995792
0.2299996536
0.2299996536
0.2299996593
0.2299996593
0.2299995881
0.2299995881
0.2299751984
0.2299751984
0.2299724363
0.2299724363
0.2299749246
0.2299749246
0.2299800388
0.2299800388
0.229978743
0.229978743
0.2299784202
0.2299784202
0.2299751984
0.2299751984
0.2299724363
0.2299724363
0.2299749246
0.2299749246
0.2299800388
0.2299800388
0.229978743
0.229978743
0.2299784202
0.2299784202
0.2299783976
0.2299783976
0.2299817745
0.2299817745
0.2299772976
0.2299772976
0.2299824142
0.2299824142
0.2299751198
0.2299751198
0.2299775374
0.2299775374
0.2299783976
0.2299783976
0.2299817745
0.2299817745
0.2299772976
0.2299772976
0.2299824142
0.2299824142
0.2299751198
0.2299751198
0.2299775374
0.2299775374
0.2299809449
0.2299809449
0.2299842335
0.2299842335
0.2299843393
0.2299843393
0.2299811976
0.2299811976
0.2299868255
0.2299868255
0.2299743265
0.2299743265
0.2299809449
0.2299809449
0.2299842335
0.2299842335
0.2299843393
0.2299843393
0.2299811976
0.2299811976
0.2299868255
0.2299868255
0.2299743265
0.2299743265
0.2299869946
0.2299869946
0.2299774117
0.2299774117
0.2299791971
0.2299791971
0.2299772394
0.2299772394
0.2299797733
0.2299797733
0.2299792061
0.2299792061
0.2299869946
0.2299869946
0.2299774117
0.2299774117
0.2299791971
0.2299791971
0.2299772394
0.2299772394
0.2299797733
0.2299797733
0.2299792061
0.2299792061
0.2299758109
0.2299758109
0.2299714466
0.2299714466
0.2299722606
0.2299722606
0.2299835894
0.2299835894
0.2299790367
0.2299790367
0.2299770361
0.2299770361
0.2299758109
0.2299758109
0.2299714466
0.2299714466
0.2299722606
0.2299722606
0.2299835894
0.2299835894
0.2299790367
0.2299790367
0.2299770361
0.2299770361
0.2299762438
0.2299762438
0.2299872705
0.2299872705
0.2299717658
0.2299717658
0.2299741379
0.2299741379
0.2299799737
0.2299799737
0.2299690756
0.2299690756
0.2299762438
0.2299762438
0.2299872705
0.2299872705
0.2299717658
0.2299717658
0.2299741379
0.2299741379
0.2299799737
0.2299799737
0.2299690756
0.2299690756
0.2299751984
0.2299751984
0.2299724363
0.2299724363
0.2299749246
0.2299749246
0.2299800388
0.2299800388
0.229978743
0.229978743
0.2299784202
0.2299784202
0.2299751984
0.2299751984
0.2299724363
0.2299724363
0.2299749246
0.2299749246
0.2299800388
0.2299800388
0.229978743
0.229978743
0.2299784202
0.2299784202
0.2299783976
0.2299783976
0.2299817745
0.2299817745
0.2299772976
0.2299772976
0.2299824142
0.2299824142
0.2299751198
0.2299751198
0.2299775374
0.2299775374
0.2299783976
0.2299783976
0.2299817745
0.2299817745
0.2299772976
0.2299772976
0.2299824142
0.2299824142
0.2299751198
0.2299751198
0.2299775374
0.2299775374
0.2299809449
0.2299809449
0.2299842335
0.2299842335
0.2299843393
0.2299843393
0.2299811976
0.2299811976
0.2299868255
0.2299868255
0.2299743265
0.2299743265
0.2299809449
0.2299809449
0.2299842335
0.2299842335
0.2299843393
0.2299843393
0.2299811976
0.2299811976
0.2299868255
0.2299868255
0.2299743265
0.2299743265
0.2299869946
0.2299869946
0.2299774117
0.2299774117
0.2299791971
0.2299791971
0.2299772394
0.2299772394
0.2299797733
0.2299797733
0.2299792061
0.2299792061
0.2299869946
0.2299869946
0.2299774117
0.2299774117
0.2299791971
0.2299791971
0.2299772394
0.2299772394
0.2299797733
0.2299797733
0.2299792061
0.2299792061
0.2299758109
0.2299758109
0.2299714466
0.2299714466
0.2299722606
0.2299722606
0.2299835894
0.2299835894
0.2299790367
0.2299790367
0.2299770361
0.2299770361
0.2299758109
0.2299758109
0.2299714466
0.2299714466
0.2299722606
0.2299722606
0.2299835894
0.2299835894
0.2299790367
0.2299790367
0.2299770361
0.2299770361
0.2299762438
0.2299762438
0.2299872705
0.2299872705
0.2299717658
0.2299717658
0.2299741379
0.2299741379
0.2299799737
0.2299799737
0.2299690756
0.2299690756
0.2299762438
0.2299762438
0.2299872705
0.2299872705
0.2299717658
0.2299717658
0.2299741379
0.2299741379
0.2299799737
0.2299799737
0.2299690756
0.2299690756
0.2288459012
0.2288459012
0.2291357326
0.2291357326
0.2290462967
0.2290462967
0.2288050214
0.2288050214
0.2291567262
0.2291567262
0.2289048286
0.2289048286
0.2288459012
0.2288459012
0.2291357326
0.2291357326
0.2290462967
0.2290462967
0.2288050214
0.2288050214
0.2291567262
0.2291567262
0.2289048286
0.2289048286
0.2291427652
0.2291427652
0.2293714097
0.2293714097
0.2288680344
0.2288680344
0.2292412009
0.2292412009
0.229036127
0.229036127
0.2288907379
0.2288907379
0.2291427652
0.2291427652
0.2293714097
0.2293714097
0.2288680344
0.2288680344
0.2292412009
0.2292412009
0.229036127
0.229036127
0.2288907379
0.2288907379
0.2291287782
0.2291287782
0.2293217917
0.2293217917
0.2292325584
0.2292325584
0.2292601466
0.2292601466
0.2291415903
0.2291415903
0.2290100399
0.2290100399
0.2291287782
0.2291287782
0.2293217917
0.2293217917
0.2292325584
0.2292325584
0.2292601466
0.2292601466
0.2291415903
0.2291415903
0.2290100399
0.2290100399
0.2291212175
0.2291212175
0.2287670544
0.2287670544
0.2292882505
0.2292882505
0.2286195501
0.2286195501
0.2290938775
0.2290938775
0.2290688198
0.2290688198
0.2291212175
0.2291212175
0.2287670544
0.2287670544
0.2292882505
0.2292882505
0.2286195501
0.2286195501
0.2290938775
0.2290938775
0.2290688198
0.2290688198
0.2294436609
0.2294436609
0.2288469415
0.2288469415
0.2286519662
0.2286519662
0.2288776201
0.2288776201
0.228792347
0.228792347
0.2289362232
0.2289362232
0.2294436609
0.2294436609
0.2288469415
0.2288469415
0.2286519662
0.2286519662
0.2288776201
0.2288776201
0.228792347
0.228792347
0.2289362232
0.2289362232
0.2290740306
0.2290740306
0.2289588871
0.2289588871
0.2292517796
0.2292517796
0.2287943428
0.2287943428
0.2286661101
0.2286661101
0.2284832646
0.2284832646
0.2290740306
0.2290740306
0.2289588871
0.2289588871
0.2292517796
0.2292517796
0.2287943428
0.2287943428
0.2286661101
0.2286661101
0.2284832646
0.2284832646
0.2288459012
0.2288459012
0.2291357326
0.2291357326
0.2290462967
0.2290462967
0.2288050214
0.2288050214
0.2291567262
0.2291567262
0.2289048286
0.2289048286
0.2288459012
0.2288459012
0.2291357326
0.2291357326
0.2290462967
0.2290462967
0.2288050214
0.2288050214
0.2291567262
0.2291567262
0.2289048286
0.2289048286
0.2291427652
0.2291427652
0.2293714097
0.2293714097
0.2288680344
0.2288680344
0.2292412009
0.2292412009
0.229036127
0.229036127
0.2288907379
0.2288907379
0.2291427652
0.2291427652
0.2293714097
0.2293714097
0.2288680344
0.2288680344
0.2292412009
0.2292412009
0.229036127
0.229036127
0.2288907379
0.2288907379
0.2291287782
0.2291287782
0.2293217917
0.2293217917
0.2292325584
0.2292325584
0.2292601466
0.2292601466
0.2291415903
0.2291415903
0.2290100399
0.2290100399
0.2291287782
0.2291287782
0.2293217917
0.2293217917
0.2292325584
0.2292325584
0.2292601466
0.2292601466
0.2291415903
0.2291415903
0.2290100399
0.2290100399
0.2291212175
0.2291212175
0.2287670544
0.2287670544
0.2292882505
0.2292882505
0.2286195501
0.2286195501
0.2290938775
0.2290938775
0.2290688198
0.2290688198
0.2291212175
0.2291212175
0.2287670544
0.2287670544
0.2292882505
0.2292882505
0.2286195501
0.2286195501
0.2290938775
0.2290938775
0.2290688198
0.2290688198
0.2294436609
0.2294436609
0.2288469415
0.2288469415
0.2286519662
0.2286519662
0.2288776201
0.2288776201
0.228792347
0.228792347
0.2289362232
0.2289362232
0.2294436609
0.2294436609
0.2288469415
0.2288469415
0.2286519662
0.2286519662
0.2288776201
0.2288776201
0.228792347
0.228792347
0.2289362232
0.2289362232
0.2290740306
0.2290740306
0.2289588871
0.2289588871
0.2292517796
0.2292517796
0.2287943428
0.2287943428
0.2286661101
0.2286661101
0.2284832646
0.2284832646
0.2290740306
0.2290740306
0.2289588871
0.2289588871
0.2292517796
0.2292517796
0.2287943428
0.2287943428
0.2286661101
0.2286661101
0.2284832646
0.2284832646
0.2060898186
0.2060898186
0.2105161174
0.2105161174
0.2038940596
0.2038940596
0.2057740823
0.2057740823
0.2086832774
0.2086832774
0.2059758295
0.2059758295
0.2060898186
0.2060898186
0.2105161174
0.2105161174
0.2038940596
0.2038940596
0.2057740823
0.2057740823
0.2086832774
0.2086832774
0.2059758295
0.2059758295
0.2114147755
0.2114147755
0.2119609316
0.2119609316
0.2095082259
0.2095082259
0.2159550686
0.2159550686
0.2076891672
0.2076891672
0.2027527497
0.2027527497
0.2114147755
0.2114147755
0.2119609316
0.2119609316
0.2095082259
0.2095082259
0.2159550686
0.2159550686
0.2076891672
0.2076891672
0.2027527497
0.2027527497
0.2130686227
0.2130686227
0.2080452364
0.2080452364
0.2113523426
0.2113523426
0.2083448142
0.2083448142
0.2057311762
0.2057311762
0.2092224262
0.2092224262
0.2130686227
0.2130686227
0.2080452364
0.2080452364
0.2113523426
0.2113523426
0.2083448142
0.2083448142
0.2057311762
0.2057311762
0.2092224262
0.2092224262
0.2117358932
0.2117358932
0.2021687939
0.2021687939
0.2114981774
0.2114981774
0.210837889
0.210837889
0.2133828181
0.2133828181
0.2075947667
0.2075947667
0.2117358932
0.2117358932
0.2021687939
0.2021687939
0.2114981774
0.2114981774
0.210837889
0.210837889
0.2133828181
0.2133828181
0.2075947667
0.2075947667
0.2109900041
0.2109900041
0.20740379
0.20740379
0.2062037356
0.2062037356
0.205315328
0.205315328
0.2107352974
0.2107352974
0.2074544845
0.2074544845
0.2109900041
0.2109900041
0.20740379
0.20740379
0.2062037356
0.2062037356
0.205315328
0.205315328
0.2107352974
0.2107352974
0.2074544845
0.2074544845
0.2083110699
0.2083110699
0.2105078856
0.2105078856
0.2072732112
0.2072732112
0.2076796608
0.2076796608
0.2094023479
0.2094023479
0.1988128459
0.1988128459
0.2083110699
0.2083110699
0.2105078856
0.2105078856
0.2072732112
0.2072732112
0.2076796608
0.2076796608
0.2094023479
0.2094023479
0.1988128459
0.1988128459
0.2060898186
0.2060898186
0.2105161174
0.2105161174
0.2038940596
0.2038940596
0.2057740823
0.2057740823
0.2086832774
0.2086832774
0.2059758295
0.2059758295
0.2060898186
0.2060898186
0.2105161174
0.2105161174
0.2038940596
0.2038940596
0.2057740823
0.2057740823
0.2086832774
0.2086832774
0.2059758295
0.2059758295
0.2114147755
0.2114147755
0.2119609316
0.2119609316
0.2095082259
0.2095082259
0.2159550686
0.2159550686
0.2076891672
0.2076891672
0.2027527497
0.2027527497
0.2114147755
0.2114147755
0.2119609316
0.2119609316
0.2095082259
0.2095082259
0.2159550686
0.2159550686
0.2076891672
0.2076891672
0.2027527497
0.2027527497
0.2130686227
0.2130686227
0.2080452364
0.2080452364
0.2113523426
0.2113523426
0.2083448142
0.2083448142
0.2057311762
0.2057311762
0.2092224262
0.2092224262
0.2130686227
0.2130686227
0.2080452364
0.2080452364
0.2113523426
0.2113523426
0.2083448142
0.2083448142
0.2057311762
0.2057311762
0.2092224262
0.2092224262
0.2117358932
0.2117358932
0.2021687939
0.2021687939
0.2114981774
0.2114981774
0.210837889
0.210837889
0.2133828181
0.2133828181
0.2075947667
0.2075947667
0.2117358932
0.2117358932
0.2021687939
0.2021687939
0.2114981774
0.2114981774
0.210837889
0.210837889
0.2133828181
0.2133828181
0.2075947667
0.2075947667
0.2109900041
0.2109900041
0.20740379
0.20740379
0.2062037356
0.2062037356
0.205315328
0.205315328
0.2107352974
0.2107352974
0.2074544845
0.2074544845
0.2109900041
0.2109900041
0.20740379
0.20740379
0.2062037356
0.2062037356
0.205315328
0.205315328
0.2107352974
0.2107352974
0.2074544845
0.2074544845
0.2083110699
0.2083110699
0.2105078856
0.2105078856
0.2072732112
0.2072732112
0.2076796608
0.2076796608
0.2094023479
0.2094023479
0.1988128459
0.1988128459
0.2083110699
0.2083110699
0.2105078856
0.2105078856
0.2072732112
0.2072732112
0.2076796608
0.2076796608
0.2094023479
0.2094023479
0.1988128459
0.1988128459
0.0789336611
0.0789336611
0.07190944507
0.07190944507
0.08434059803
0.08434059803
0.09095700461
0.09095700461
0.09244116881
0.09244116881
0.09572473083
0.09572473083
0.0789336611
0.0789336611
0.07190944507
0.07190944507
0.08434059803
0.08434059803
0.09095700461
0.09095700461
0.09244116881
0.09244116881
0.09572473083
0.09572473083
0.07152944095
0.07152944095
0.1007648114
0.1007648114
0.07694099607
0.07694099607
0.1230418492
0.1230418492
0.1042222772
0.1042222772
0.06318798741
0.06318798741
0.07152944095
0.07152944095
0.1007648114
0.1007648114
0.07694099607
0.07694099607
0.1230418492
0.1230418492
0.1042222772
0.1042222772
0.06318798741
0.06318798741
0.07496443172
0.07496443172
0.08327993159
0.08327993159
0.08646217697
0.08646217697
0.09452399563
0.09452399563
0.1192007534
0.1192007534
0.09083689277
0.09083689277
0.07496443172
0.07496443172
0.08327993159
0.08327993159
0.08646217697
0.08646217697
0.09452399563
0.09452399563
0.1192007534
0.1192007534
0.09083689277
0.09083689277
0.06066897028
0.06066897028
0.04440093059
0.04440093059
0.07990552101
0.07990552101
0.09787916196
0.09787916196
0.09539661928
0.09539661928
0.09954555982
0.09954555982
0.06066897028
0.06066897028
0.04440093059
0.04440093059
0.07990552101
0.07990552101
0.09787916196
0.09787916196
0.09539661928
0.09539661928
0.09954555982
0.09954555982
0.07960216135
0.07960216135
0.07311151233
0.07311151233
0.094739124
0.094739124
0.1093278317
0.1093278317
0.10827172
0.10827172
0.07100721405
0.07100721405
0.07960216135
0.07960216135
0.07311151233
0.07311151233
0.094739124
0.094739124
0.1093278317
0.1093278317
0.10827172
0.10827172
0.07100721405
0.07100721405
0.08035207466
0.08035207466
0.07732715735
0.07732715735
0.0612985778
0.0612985778
0.07883631236
0.07883631236
0.0890893419
0.0890893419
0.06957196512
0.06957196512
0.08035207466
0.08035207466
0.07732715735
0.07732715735
0.0612985778
0.0612985778
0.07883631236
0.07883631236
0.0890893419
0.0890893419
0.06957196512
0.06957196512
0.0789336611
0.0789336611
0.07190944507
0.07190944507
0.08434059803
0.08434059803
0.09095700461
0.09095700461
0.09244116881
0.09244116881
0.09572473083
0.09572473083
0.0789336611
0.0789336611
0.07190944507
0.07190944507
0.08434059803
0.08434059803
0.09095700461
0.09095700461
0.09244116881
0.09244116881
0.09572473083
0.09572473083
0.07152944095
0.07152944095
0.1007648114
0.1007648114
0.07694099607
0.07694099607
0.1230418492
0.1230418492
0.1042222772
0.1042222772
0.06318798741
0.06318798741
0.07152944095
0.07152944095
0.1007648114
0.1007648114
0.07694099607
0.07694099607
0.1230418492
0.1230418492
0.1042222772
0.1042222772
0.06318798741
0.06318798741
0.07496443172
0.07496443172
0.08327993159
0.08327993159
0.08646217697
0.08646217697
0.09452399563
0.09452399563
0.1192007534
0.1192007534
0.09083689277
0.09083689277
0.07496443172
0.07496443172
0.08327993159
0.08327993159
0.08646217697
0.08646217697
0.09452399563
0.09452399563
0.1192007534
0.1192007534
0.09083689277
0.09083689277
0.06066897028
0.06066897028
0.04440093059
0.04440093059
0.07990552101
0.07990552101
0.09787916196
0.09787916196
0.09539661928
0.09539661928
0.09954555982
0.09954555982
0.06066897028
0.06066897028
0.04440093059
0.04440093059
0.07990552101
0.07990552101
0.09787916196
0.09787916196
0.09539661928
0.09539661928
0.09954555982
0.09954555982
0.07960216135
0.07960216135
0.07311151233
0.07311151233
0.094739124
0.094739124
0.1093278317
0.1093278317
0.10827172
0.10827172
0.07100721405
0.07100721405
0.07960216135
0.07960216135
0.07311151233
0.07311151233
0.094739124
0.094739124
0.1093278317
0.1093278317
0.10827172
0.10827172
0.07100721405
0.07100721405
0.08035207466
0.08035207466
0.07732715735
0.07732715735
0.0612985778
0.0612985778
0.07883631236
0.07883631236
0.0890893419
0.0890893419
0.06957196512
0.06957196512
0.08035207466
0.08035207466
0.07732715735
0.07732715735
0.0612985778
0.0612985778
0.07883631236
0.07883631236
0.0890893419
0.0890893419
0.06957196512
0.06957196512
0.01027873085
0.01027873085
0.006830876891
0.006830876891
0
0
0.02395448954
0.02395448954
0.008861686675
0.008861686675
0.03098739367
0.03098739367
0.01027873085
0.01027873085
0.006830876891
0.006830876891
0
0
0.02395448954
0.02395448954
0.008861686675
0.008861686675
0.03098739367
0.03098739367
0.003286984946
0.003286984946
8.930725456e-06
8.930725456e-06
0.005806654267
0.005806654267
0.03613639166
0.03613639166
0.0274881946
0.0274881946
0.006920414646
0.006920414646
0.003286984946
0.003286984946
8.930725456e-06
8.930725456e-06
0.005806654267
0.005806654267
0.03613639166
0.03613639166
0.0274881946
0.0274881946
0.006920414646
0.006920414646
0.0003619522509
0.0003619522509
0
0
0.0004931645464
0.0004931645464
0.008954964055
0.008954964055
0.0327330322
0.0327330322
0.02077947055
0.02077947055
0.0003619522509
0.0003619522509
0
0
0.0004931645464
0.0004931645464
0.008954964055
0.008954964055
0.0327330322
0.0327330322
0.02077947055
0.02077947055
0.003675058381
0.003675058381
0.0005784665393
0.0005784665393
0.002938686066
0.002938686066
0.03050162034
0.03050162034
0.03328717802
0.03328717802
0.03439094653
0.03439094653
0.003675058381
0.003675058381
0.0005784665393
0.0005784665393
0.002938686066
0.002938686066
0.03050162034
0.03050162034
0.03328717802
0.03328717802
0.03439094653
0.03439094653
0
0
0.004120547782
0.004120547782
0.02042847135
0.02042847135
0.0581646356
0.0581646356
0.03520314778
0.03520314778
0.007350677739
0.007350677739
0
0
0.004120547782
0.004120547782
0.02042847135
0.02042847135
0.0581646356
0.0581646356
0.03520314778
0.03520314778
0.007350677739
0.007350677739
0.00439862117
0.00439862117
0.002634140498
0.002634140498
0
0
0.009247706474
0.009247706474
0.00530631546
0.00530631546
0.007099176683
0.007099176683
0.00439862117
0.00439862117
0.002634140498
0.002634140498
0
0
0.009247706474
0.009247706474
0.00530631546
0.00530631546
0.007099176683
0.007099176683
0.01027873085
0.01027873085
0.006830876891
0.006830876891
0
0
0.02395448954
0.02395448954
0.008861686675
0.008861686675
0.03098739367
0.03098739367
0.01027873085
0.01027873085
0.006830876891
0.006830876891
0
0
0.02395448954
0.02395448954
0.008861686675
0.008861686675
0.03098739367
0.03098739367
0.003286984946
0.003286984946
8.930725456e-06
8.930725456e-06
0.005806654267
0.005806654267
0.03613639166
0.03613639166
0.0274881946
0.0274881946
0.006920414646
0.006920414646
0.003286984946
0.003286984946
8.930725456e-06
8.930725456e-06
0.005806654267
0.005806654267
0.03613639166
0.03613639166
0.0274881946
0.0274881946
0.006920414646
0.006920414646
0.0003619522509
0.0003619522509
0
0
0.0004931645464
0.0004931645464
0.008954964055
0.008954964055
0.0327330322
0.0327330322
0.02077947055
0.02077947055
0.0003619522509
0.0003619522509
0
0
0.0004931645464
0.0004931645464
0.008954964055
0.008954964055
0.0327330322
0.0327330322
0.02077947055
0.02077947055
0.003675058381
0.003675058381
0.0005784665393
0.0005784665393
0.002938686066
0.002938686066
0.03050162034
0.03050162034
0.03328717802
0.03328717802
0.03439094653
0.03439094653
0.003675058381
0.003675058381
0.0005784665393
0.0005784665393
0.002938686066
0.002938686066
0.03050162034
0.03050162034
0.03328717802
0.03328717802
0.03439094653
0.03439094653
0
0
0.004120547782
0.004120547782
0.02042847135
0.02042847135
0.0581646356
0.0581646356
0.03520314778
0.03520314778
0.007350677739
0.007350677739
0
0
0.004120547782
0.004120547782
0.02042847135
0.02042847135
0.0581646356
0.0581646356
0.03520314778
0.03520314778
0.007350677739
0.007350677739
0.00439862117
0.00439862117
0.002634140498
0.002634140498
0
0
0.009247706474
0.009247706474
0.00530631546
0.00530631546
0.007099176683
0.007099176683
0.00439862117
0.00439862117
0.002634140498
0.002634140498
0
0
0.009247706474
0.009247706474
0.00530631546
0.00530631546
0.007099176683
0.007099176683
0.004952142015
0.004952142015
0.004389130737
0.004389130737
2.154183909e-05
2.154183909e-05
0.01713462428
0.01713462428
0.004584072559
0.004584072559
0.01842535981
0.01842535981
0.004952142015
0.004952142015
0.004389130737
0.004389130737
2.154183909e-05
2.154183909e-05
0.01713462428
0.01713462428
0.004584072559
0.004584072559
0.01842535981
0.01842535981
0.0004690483675
0.0004690483675
0
0
0.003231807522
0.003231807522
0.02196683165
0.02196683165
0.004093102285
0.004093102285
0.003275896296
0.003275896296
0.0004690483675
0.0004690483675
0
0
0.003231807522
0.003231807522
0.02196683165
0.02196683165
0.004093102285
0.004093102285
0.003275896296
0.003275896296
0
0
0
0
2.316074376e-05
2.316074376e-05
0.0009102684222
0.0009102684222
0.008727036681
0.008727036681
0.01407748234
0.01407748234
0
0
0
0
2.316074376e-05
2.316074376e-05
0.0009102684222
0.0009102684222
0.008727036681
0.008727036681
0.01407748234
0.01407748234
0.0006438061667
0.0006438061667
4.394267841e-05
4.394267841e-05
0.0007302150045
0.0007302150045
0.02223254822
0.02223254822
0.0251386902
0.0251386902
0.02700143724
0.02700143724
0.0006438061667
0.0006438061667
4.394267841e-05
4.394267841e-05
0.0007302150045
0.0007302150045
0.02223254822
0.02223254822
0.0251386902
0.0251386902
0.02700143724
0.02700143724
0
0
0.001680909242
0.001680909242
0.01422665929
0.01422665929
0.04669828597
0.04669828597
0.02637929751
0.02637929751
0.002569533688
0.002569533688
0
0
0.001680909242
0.001680909242
0.01422665929
0.01422665929
0.04669828597
0.04669828597
0.02637929751
0.02637929751
0.002569533688
0.002569533688
0.0007995199455
0.0007995199455
0.000239234192
0.000239234192
5.314994051e-05
5.314994051e-05
0.004471526453
0.004471526453
0.001663974226
0.001663974226
0.002422690956
0.002422690956
0.0007995199455
0.0007995199455
0.000239234192
0.000239234192
5.314994051e-05
5.314994051e-05
0.004471526453
0.004471526453
0.001663974226
0.001663974226
0.002422690956
0.002422690956
0.004952142015
0.004952142015
0.004389130737
0.004389130737
2.154183909e-05
2.154183909e-05
0.01713462428
0.01713462428
0.004584072559
0.004584072559
0.01842535981
0.01842535981
0.004952142015
0.004952142015
0.004389130737
0.004389130737
2.154183909e-05
2.154183909e-05
0.01713462428
0.01713462428
0.004584072559
0.004584072559
0.01842535981
0.01842535981
0.0004690483675
0.0004690483675
0
0
0.003231807522
0.003231807522
0.02196683165
0.02196683165
0.004093102285
0.004093102285
0.003275896296
0.003275896296
0.0004690483675
0.0004690483675
0
0
0.003231807522
0.003231807522
0.02196683165
0.02196683165
0.004093102285
0.004093102285
0.003275896296
0.003275896296
0
0
0
0
2.316074376e-05
2.316074376e-05
0.0009102684222
0.0009102684222
0.008727036681
0.008727036681
0.01407748234
0.01407748234
0
0
0
0
2.316074376e-05
2.316074376e-05
0.0009102684222
0.0009102684222
0.008727036681
0.008727036681
0.01407748234
0.01407748234
0.0006438061667
0.0006438061667
4.394267841e-05
4.394267841e-05
0.0007302150045
0.0007302150045
0.02223254822
0.02223254822
0.0251386902
0.0251386902
0.02700143724
0.02700143724
0.0006438061667
0.0006438061667
4.394267841e-05
4.394267841e-05
0.0007302150045
0.0007302150045
0.02223254822
0.02223254822
0.0251386902
0.0251386902
0.02700143724
0.02700143724
0
0
0.001680909242
0.001680909242
0.01422665929
0.01422665929
0.04669828597
0.04669828597
0.02637929751
0.02637929751
0.002569533688
0.002569533688
0
0
0.001680909242
0.001680909242
0.01422665929
0.01422665929
0.04669828597
0.04669828597
0.02637929751
0.02637929751
0.002569533688
0.002569533688
0.0007995199455
0.0007995199455
0.000239234192
0.000239234192
5.314994051e-05
5.314994051e-05
0.004471526453
0.004471526453
0.001663974226
0.001663974226
0.002422690956
0.002422690956
0.0007995199455
0.0007995199455
0.000239234192
0.000239234192
5.314994051e-05
5.314994051e-05
0.004471526453
0.004471526453
0.001663974226
0.001663974226
0.002422690956
0.002422690956
0.003654253697
0.003654253697
0.004078685867
0.004078685867
9.942739501e-05
9.942739501e-05
0.01445794045
0.01445794045
0.003360355452
0.003360355452
0.01258087753
0.01258087753
0.003654253697
0.003654253697
0.004078685867
0.004078685867
9.942739501e-05
9.942739501e-05
0.01445794045
0.01445794045
0.003360355452
0.003360355452
0.01258087753
0.01258087753
0.0002554630447
0.0002554630447
2.982278647e-06
2.982278647e-06
0.002286069526
0.002286069526
0.0163396998
0.0163396998
0.00128484848
0.00128484848
0.00230420949
0.00230420949
0.0002554630447
0.0002554630447
2.982278647e-06
2.982278647e-06
0.002286069526
0.002286069526
0.0163396998
0.0163396998
0.00128484848
0.00128484848
0.00230420949
0.00230420949
1.372225028e-05
1.372225028e-05
0
0
1.058350964e-05
1.058350964e-05
0.0002547976561
0.0002547976561
0.005565610668
0.005565610668
0.01182070567
0.01182070567
1.372225028e-05
1.372225028e-05
0
0
1.058350964e-05
1.058350964e-05
0.0002547976561
0.0002547976561
0.005565610668
0.005565610668
0.01182070567
0.01182070567
0.0002030461284
0.0002030461284
2.050179984e-05
2.050179984e-05
0.0004286503277
0.0004286503277
0.0195326046
0.0195326046
0.02388883256
0.02388883256
0.02500734333
0.02500734333
0.0002030461284
0.0002030461284
2.050179984e-05
2.050179984e-05
0.0004286503277
0.0004286503277
0.0195326046
0.0195326046
0.02388883256
0.02388883256
0.02500734333
0.02500734333
1.63275214e-06
1.63275214e-06
0.001013810701
0.001013810701
0.01261118124
0.01261118124
0.04304841931
0.04304841931
0.02227308077
0.02227308077
0.001421989451
0.001421989451
1.63275214e-06
1.63275214e-06
0.001013810701
0.001013810701
0.01261118124
0.01261118124
0.04304841931
0.04304841931
0.02227308077
0.02227308077
0.001421989451
0.001421989451
0.0001831311152
0.0001831311152
0.0001171005055
0.0001171005055
0.00012894208
0.00012894208
0.002755930413
0.002755930413
0.0009266339419
0.0009266339419
0.001053687043
0.001053687043
0.0001831311152
0.0001831311152
0.0001171005055
0.0001171005055
0.00012894208
0.00012894208
0.002755930413
0.002755930413
0.0009266339419
0.0009266339419
0.001053687043
0.001053687043
0.003654253697
0.003654253697
0.004078685867
0.004078685867
9.942739501e-05
9.942739501e-05
0.01445794045
0.01445794045
0.003360355452
0.003360355452
0.01258087753
0.01258087753
0.003654253697
0.003654253697
0.004078685867
0.004078685867
9.942739501e-05
9.942739501e-05
0.01445794045
0.01445794045
0.003360355452
0.003360355452
0.01258087753
0.01258087753
0.0002554630447
0.0002554630447
2.982278647e-06
2.982278647e-06
0.002286069526
0.002286069526
0.0163396998
0.0163396998
0.00128484848
0.00128484848
0.00230420949
0.00230420949
0.0002554630447
0.0002554630447
2.982278647e-06
2.982278647e-06
0.002286069526
0.002286069526
0.0163396998
0.0163396998
0.00128484848
0.00128484848
0.00230420949
0.00230420949
1.372225028e-05
1.372225028e-05
0
0
1.058350964e-05
1.058350964e-05
0.0002547976561
0.0002547976561
0.005565610668
0.005565610668
0.01182070567
0.01182070567
1.372225028e-05
1.372225028e-05
0
0
1.058350964e-05
1.058350964e-05
0.0002547976561
0.0002547976561
0.005565610668
0.005565610668
0.01182070567
0.01182070567
0.0002030461284
0.0002030461284
2.050179984e-05
2.050179984e-05
0.0004286503277
0.0004286503277
0.0195326046
0.0195326046
0.02388883256
0.02388883256
0.02500734333
0.02500734333
0.0002030461284
0.0002030461284
2.050179984e-05
2.050179984e-05
0.0004286503277
0.0004286503277
0.0195326046
0.0195326046
0.02388883256
0.02388883256
0.02500734333
0.02500734333
1.63275214e-06
1.63275214e-06
0.001013810701
0.001013810701
0.01261118124
0.01261118124
0.04304841931
0.04304841931
0.02227308077
0.02227308077
0.001421989451
0.001421989451
1.63275214e-06
1.63275214e-06
0.001013810701
0.001013810701
0.01261118124
0.01261118124
0.04304841931
0.04304841931
0.02227308077
0.02227308077
0.001421989451
0.001421989451
0.0001831311152
0.0001831311152
0.0001171005055
0.0001171005055
0.00012894208
0.00012894208
0.002755930413
0.002755930413
0.0009266339419
0.0009266339419
0.001053687043
0.001053687043
0.0001831311152
0.0001831311152
0.0001171005055
0.0001171005055
0.00012894208
0.00012894208
0.002755930413
0.002755930413
0.0009266339419
0.0009266339419
0.001053687043
0.001053687043
0.2299997057
0.229999698
0.229999698
0.2299997243
0.2299997243
0.2299997057
0.229999698
0.229999698
0.229999698
0.2299997611
0.2299997263
0.2299997263
0.2299997263
0.229999698
0.2299997611
0.2299997263
0.2299997263
0.2299997263
0.2299997462
0.2299997462
0.2299997518
0.2299997518
0.2299997518
0.2299997706
0.2299997706
0.2299997518
0.2299997518
0.2299997518
0.2299997706
0.2299997706
0.2299995779
0.2299995779
0.2299995779
0.2299997618
0.2299997618
0.2299995779
0.2299995779
0.2299995779
0.2299997618
0.2299997618
0.2299997081
0.2299997081
0.2299997081
0.2299997307
0.2299997307
0.2299997081
0.2299997081
0.2299997081
0.2299996763
0.2299998568
0.2299995881
0.2299996763
0.2299996763
0.2299996763
0.2299998568
0.2299995881
0.2299996763
0.2299996763
0.229999768
0.229999768
0.2299997057
0.229999698
0.229999698
0.2299997243
0.2299997243
0.2299997057
0.229999698
0.229999698
0.229999698
0.2299997611
0.2299997263
0.2299997263
0.2299997263
0.229999698
0.2299997611
0.2299997263
0.2299997263
0.2299997263
0.2299997462
0.2299997462
0.2299997518
0.2299997518
0.2299997518
0.2299997706
0.2299997706
0.2299997518
0.2299997518
0.2299997518
0.2299997706
0.2299997706
0.2299995779
0.2299995779
0.2299995779
0.2299997618
0.2299997618
0.2299995779
0.2299995779
0.2299995779
0.2299997618
0.2299997618
0.2299997081
0.2299997081
0.2299997081
0.2299997307
0.2299997307
0.2299997081
0.2299997081
0.2299997081
0.2299996763
0.2299998568
0.2299995881
0.2299996763
0.2299996763
0.2299996763
0.2299998568
0.2299995881
0.2299996763
0.2299996763
0.229999768
0.229999768
0.2299784202
0.2299807833
0.2299807833
0.2299807266
0.2299807266
0.2299784202
0.2299807833
0.2299807833
0.2299807833
0.2299809537
0.2299834461
0.2299834461
0.2299834461
0.2299807833
0.2299809537
0.2299834461
0.2299834461
0.2299834461
0.2299842638
0.2299842638
0.2299846694
0.2299846694
0.2299846694
0.2299850018
0.2299850018
0.2299846694
0.2299846694
0.2299846694
0.2299850018
0.2299850018
0.2299790868
0.2299790868
0.2299790868
0.229984192
0.229984192
0.2299790868
0.2299790868
0.2299790868
0.229984192
0.229984192
0.2299783845
0.2299783845
0.2299783845
0.2299787154
0.2299787154
0.2299783845
0.2299783845
0.2299783845
0.2299752243
0.2299812914
0.2299690756
0.2299752243
0.2299752243
0.2299752243
0.2299812914
0.2299690756
0.2299752243
0.2299752243
0.2299872577
0.2299872577
0.2299784202
0.2299807833
0.2299807833
0.2299807266
0.2299807266
0.2299784202
0.2299807833
0.2299807833
0.2299807833
0.2299809537
0.2299834461
0.2299834461
0.2299834461
0.2299807833
0.2299809537
0.2299834461
0.2299834461
0.2299834461
0.2299842638
0.2299842638
0.2299846694
0.2299846694
0.2299846694
0.2299850018
0.2299850018
0.2299846694
0.2299846694
0.2299846694
0.2299850018
0.2299850018
0.2299790868
0.2299790868
0.2299790868
0.229984192
0.229984192
0.2299790868
0.2299790868
0.2299790868
0.229984192
0.229984192
0.2299783845
0.2299783845
0.2299783845
0.2299787154
0.2299787154
0.2299783845
0.2299783845
0.2299783845
0.2299752243
0.2299812914
0.2299690756
0.2299752243
0.2299752243
0.2299752243
0.2299812914
0.2299690756
0.2299752243
0.2299752243
0.2299872577
0.2299872577
0.2289048286
0.2291377797
0.2291377797
0.2289752984
0.2289752984
0.2289048286
0.2291377797
0.2291377797
0.2291377797
0.2287627958
0.2290380224
0.2290380224
0.2290380224
0.2291377797
0.2287627958
0.2290380224
0.2290380224
0.2290380224
0.2293404556
0.2293404556
0.2291889407
0.2291889407
0.2291889407
0.2292169211
0.2292169211
0.2291889407
0.2291889407
0.2291889407
0.2292169211
0.2292169211
0.2288265196
0.2288265196
0.2288265196
0.2291618053
0.2291618053
0.2288265196
0.2288265196
0.2288265196
0.2291618053
0.2291618053
0.2288510913
0.2288510913
0.2288510913
0.2290941515
0.2290941515
0.2288510913
0.2288510913
0.2288510913
0.2289428984
0.2293694531
0.2284832646
0.2289428984
0.2289428984
0.2289428984
0.2293694531
0.2284832646
0.2289428984
0.2289428984
0.2292149397
0.2292149397
0.2289048286
0.2291377797
0.2291377797
0.2289752984
0.2289752984
0.2289048286
0.2291377797
0.2291377797
0.2291377797
0.2287627958
0.2290380224
0.2290380224
0.2290380224
0.2291377797
0.2287627958
0.2290380224
0.2290380224
0.2290380224
0.2293404556
0.2293404556
0.2291889407
0.2291889407
0.2291889407
0.2292169211
0.2292169211
0.2291889407
0.2291889407
0.2291889407
0.2292169211
0.2292169211
0.2288265196
0.2288265196
0.2288265196
0.2291618053
0.2291618053
0.2288265196
0.2288265196
0.2288265196
0.2291618053
0.2291618053
0.2288510913
0.2288510913
0.2288510913
0.2290941515
0.2290941515
0.2288510913
0.2288510913
0.2288510913
0.2289428984
0.2293694531
0.2284832646
0.2289428984
0.2289428984
0.2289428984
0.2293694531
0.2284832646
0.2289428984
0.2289428984
0.2292149397
0.2292149397
0.2059758295
0.2075008016
0.2075008016
0.2041849187
0.2041849187
0.2059758295
0.2075008016
0.2075008016
0.2075008016
0.2112325494
0.2108523291
0.2108523291
0.2108523291
0.2075008016
0.2112325494
0.2108523291
0.2108523291
0.2108523291
0.2098695189
0.2098695189
0.2133141656
0.2133141656
0.2133141656
0.2114586221
0.2114586221
0.2133141656
0.2133141656
0.2133141656
0.2114586221
0.2114586221
0.2080869531
0.2080869531
0.2080869531
0.2091327616
0.2091327616
0.2080869531
0.2080869531
0.2080869531
0.2091327616
0.2091327616
0.2009059169
0.2009059169
0.2009059169
0.2070063471
0.2070063471
0.2009059169
0.2009059169
0.2009059169
0.2073439292
0.2132068
0.1988128459
0.2073439292
0.2073439292
0.2073439292
0.2132068
0.1988128459
0.2073439292
0.2073439292
0.2136400176
0.2136400176
0.2059758295
0.2075008016
0.2075008016
0.2041849187
0.2041849187
0.2059758295
0.2075008016
0.2075008016
0.2075008016
0.2112325494
0.2108523291
0.2108523291
0.2108523291
0.2075008016
0.2112325494
0.2108523291
0.2108523291
0.2108523291
0.2098695189
0.2098695189
0.2133141656
0.2133141656
0.2133141656
0.2114586221
0.2114586221
0.2133141656
0.2133141656
0.2133141656
0.2114586221
0.2114586221
0.2080869531
0.2080869531
0.2080869531
0.2091327616
0.2091327616
0.2080869531
0.2080869531
0.2080869531
0.2091327616
0.2091327616
0.2009059169
0.2009059169
0.2009059169
0.2070063471
0.2070063471
0.2009059169
0.2009059169
0.2009059169
0.2073439292
0.2132068
0.1988128459
0.2073439292
0.2073439292
0.2073439292
0.2132068
0.1988128459
0.2073439292
0.2073439292
0.2136400176
0.2136400176
0.09572473083
0.0753900174
0.0753900174
0.07267747736
0.07267747736
0.09572473083
0.0753900174
0.0753900174
0.0753900174
0.1019695536
0.07469504021
0.07469504021
0.07469504021
0.0753900174
0.1019695536
0.07469504021
0.07469504021
0.07469504021
0.09698230062
0.09698230062
0.09862804849
0.09862804849
0.09862804849
0.07058821444
0.07058821444
0.09862804849
0.09862804849
0.09862804849
0.07058821444
0.07058821444
0.1030394723
0.1030394723
0.1030394723
0.08988841624
0.08988841624
0.1030394723
0.1030394723
0.1030394723
0.08988841624
0.08988841624
0.05668016579
0.05668016579
0.05668016579
0.1173057374
0.1173057374
0.05668016579
0.05668016579
0.05668016579
0.08876123075
0.1017356597
0.06957196512
0.08876123075
0.08876123075
0.08876123075
0.1017356597
0.06957196512
0.08876123075
0.08876123075
0.1089289544
0.1089289544
0.09572473083
0.0753900174
0.0753900174
0.07267747736
0.07267747736
0.09572473083
0.0753900174
0.0753900174
0.0753900174
0.1019695536
0.07469504021
0.07469504021
0.07469504021
0.0753900174
0.1019695536
0.07469504021
0.07469504021
0.07469504021
0.09698230062
0.09698230062
0.09862804849
0.09862804849
0.09862804849
0.07058821444
0.07058821444
0.09862804849
0.09862804849
0.09862804849
0.07058821444
0.07058821444
0.1030394723
0.1030394723
0.1030394723
0.08988841624
0.08988841624
0.1030394723
0.1030394723
0.1030394723
0.08988841624
0.08988841624
0.05668016579
0.05668016579
0.05668016579
0.1173057374
0.1173057374
0.05668016579
0.05668016579
0.05668016579
0.08876123075
0.1017356597
0.06957196512
0.08876123075
0.08876123075
0.08876123075
0.1017356597
0.06957196512
0.08876123075
0.08876123075
0.1089289544
0.1089289544
0.03098739367
0.008713191595
0.008713191595
0.0009689570249
0.0009689570249
0.03098739367
0.008713191595
0.008713191595
0.008713191595
0.00697420243
0.000328738816
0.000328738816
0.000328738816
0.008713191595
0.00697420243
0.000328738816
0.000328738816
0.000328738816
0
0
0.008678965938
0.008678965938
0.008678965938
0.003597930513
0.003597930513
0.008678965938
0.008678965938
0.008678965938
0.003597930513
0.003597930513
0.03078172911
0.03078172911
0.03078172911
0.01265841329
0.01265841329
0.03078172911
0.03078172911
0.03078172911
0.01265841329
0.01265841329
0.008425559026
0.008425559026
0.008425559026
0.07751027002
0.07751027002
0.008425559026
0.008425559026
0.008425559026
0.02258009877
0.04363916404
0.007099176683
0.02258009877
0.02258009877
0.02258009877
0.04363916404
0.007099176683
0.02258009877
0.02258009877
0.0091064594
0.0091064594
0.03098739367
0.008713191595
0.008713191595
0.0009689570249
0.0009689570249
0.03098739367
0.008713191595
0.008713191595
0.008713191595
0.00697420243
0.000328738816
0.000328738816
0.000328738816
0.008713191595
0.00697420243
0.000328738816
0.000328738816
0.000328738816
0
0
0.008678965938
0.008678965938
0.008678965938
0.003597930513
0.003597930513
0.008678965938
0.008678965938
0.008678965938
0.003597930513
0.003597930513
0.03078172911
0.03078172911
0.03078172911
0.01265841329
0.01265841329
0.03078172911
0.03078172911
0.03078172911
0.01265841329
0.01265841329
0.008425559026
0.008425559026
0.008425559026
0.07751027002
0.07751027002
0.008425559026
0.008425559026
0.008425559026
0.02258009877
0.04363916404
0.007099176683
0.02258009877
0.02258009877
0.02258009877
0.04363916404
0.007099176683
0.02258009877
0.02258009877
0.0091064594
0.0091064594
0.01842535981
0.003410175989
0.003410175989
0.0001338794995
0.0001338794995
0.01842535981
0.003410175989
0.003410175989
0.003410175989
0.002149535559
9.220408622e-06
9.220408622e-06
9.220408622e-06
0.003410175989
0.002149535559
9.220408622e-06
9.220408622e-06
9.220408622e-06
0
0
0.001384437528
0.001384437528
0.001384437528
0.0001786646537
0.0001786646537
0.001384437528
0.001384437528
0.001384437528
0.0001786646537
0.0001786646537
0.02175580018
0.02175580018
0.02175580018
0.007285883494
0.007285883494
0.02175580018
0.02175580018
0.02175580018
0.007285883494
0.007285883494
0.007421680817
0.007421680817
0.007421680817
0.05868860784
0.05868860784
0.007421680817
0.007421680817
0.007421680817
0.01637371323
0.03304135435
0.002422690956
0.01637371323
0.01637371323
0.01637371323
0.03304135435
0.002422690956
0.01637371323
0.01637371323
0.00103571446
0.00103571446
0.01842535981
0.003410175989
0.003410175989
0.0001338794995
0.0001338794995
0.01842535981
0.003410175989
0.003410175989
0.003410175989
0.002149535559
9.220408622e-06
9.220408622e-06
9.220408622e-06
0.003410175989
0.002149535559
9.220408622e-06
9.220408622e-06
9.220408622e-06
0
0
0.001384437528
0.001384437528
0.001384437528
0.0001786646537
0.0001786646537
0.001384437528
0.001384437528
0.001384437528
0.0001786646537
0.0001786646537
0.02175580018
0.02175580018
0.02175580018
0.007285883494
0.007285883494
0.02175580018
0.02175580018
0.02175580018
0.007285883494
0.007285883494
0.007421680817
0.007421680817
0.007421680817
0.05868860784
0.05868860784
0.007421680817
0.007421680817
0.007421680817
0.01637371323
0.03304135435
0.002422690956
0.01637371323
0.01637371323
0.01637371323
0.03304135435
0.002422690956
0.01637371323
0.01637371323
0.00103571446
0.00103571446
0.01258087753
0.00174602567
0.00174602567
0.0002233772833
0.0002233772833
0.01258087753
0.00174602567
0.00174602567
0.00174602567
0.001109091719
2.957251436e-05
2.957251436e-05
2.957251436e-05
0.00174602567
0.001109091719
2.957251436e-05
2.957251436e-05
2.957251436e-05
2.009639456e-07
2.009639456e-07
0.000553965118
0.000553965118
0.000553965118
4.206641432e-05
4.206641432e-05
0.000553965118
0.000553965118
0.000553965118
4.206641432e-05
4.206641432e-05
0.01892694143
0.01892694143
0.01892694143
0.005604786637
0.005604786637
0.01892694143
0.01892694143
0.01892694143
0.005604786637
0.005604786637
0.007858433674
0.007858433674
0.007858433674
0.04816681016
0.04816681016
0.007858433674
0.007858433674
0.007858433674
0.01436917382
0.03225542492
0.001053687043
0.01436917382
0.01436917382
0.01436917382
0.03225542492
0.001053687043
0.01436917382
0.01436917382
0.0003132704056
0.0003132704056
0.01258087753
0.00174602567
0.00174602567
0.0002233772833
0.0002233772833
0.01258087753
0.00174602567
0.00174602567
0.00174602567
0.001109091719
2.957251436e-05
2.957251436e-05
2.957251436e-05
0.00174602567
0.001109091719
2.957251436e-05
2.957251436e-05
2.957251436e-05
2.009639456e-07
2.009639456e-07
0.000553965118
0.000553965118
0.000553965118
4.206641432e-05
4.206641432e-05
0.000553965118
0.000553965118
0.000553965118
4.206641432e-05
4.206641432e-05
0.01892694143
0.01892694143
0.01892694143
0.005604786637
0.005604786637
0.01892694143
0.01892694143
0.01892694143
0.005604786637
0.005604786637
0.007858433674
0.007858433674
0.007858433674
0.04816681016
0.04816681016
0.007858433674
0.007858433674
0.007858433674
0.01436917382
0.03225542492
0.001053687043
0.01436917382
0.01436917382
0.01436917382
0.03225542492
0.001053687043
0.01436917382
0.01436917382
0.0003132704056
0.0003132704056
0.2299995881
0.2299996872
0.2299996872
0.229999768
0.229999768
0.2299995881
0.2299996872
0.2299996872
0.2299996872
0.2299998354
0.2299997353
0.2299997353
0.2299997353
0.2299996872
0.2299998354
0.2299997353
0.2299997353
0.2299997353
0.2299997978
0.2299997978
0.229999728
0.229999728
0.229999728
0.2299997564
0.2299997564
0.229999728
0.229999728
0.229999728
0.2299997564
0.2299997564
0.2299997633
0.2299997633
0.2299997633
0.2299996979
0.2299996979
0.2299997633
0.2299997633
0.2299997633
0.2299996979
0.2299996979
0.2299997246
0.2299997246
0.2299997246
0.2299997957
0.2299997957
0.2299997246
0.2299997246
0.2299997246
0.229999739
0.2299997383
0.2299996527
0.229999739
0.229999739
0.229999739
0.2299997383
0.2299996527
0.229999739
0.229999739
0.2299997411
0.2299997411
0.2299995881
0.2299996872
0.2299996872
0.229999768
0.229999768
0.2299995881
0.2299996872
0.2299996872
0.2299996872
0.2299998354
0.2299997353
0.2299997353
0.2299997353
0.2299996872
0.2299998354
0.2299997353
0.2299997353
0.2299997353
0.2299997978
0.2299997978
0.229999728
0.229999728
0.229999728
0.2299997564
0.2299997564
0.229999728
0.229999728
0.229999728
0.2299997564
0.2299997564
0.2299997633
0.2299997633
0.2299997633
0.2299996979
0.2299996979
0.2299997633
0.2299997633
0.2299997633
0.2299996979
0.2299996979
0.2299997246
0.2299997246
0.2299997246
0.2299997957
0.2299997957
0.2299997246
0.2299997246
0.2299997246
0.229999739
0.2299997383
0.2299996527
0.229999739
0.229999739
0.229999739
0.2299997383
0.2299996527
0.229999739
0.229999739
0.2299997411
0.2299997411
0.2299690756
0.2299815754
0.2299815754
0.2299872577
0.2299872577
0.2299690756
0.2299815754
0.2299815754
0.2299815754
0.2299925078
0.2299797426
0.2299797426
0.2299797426
0.2299815754
0.2299925078
0.2299797426
0.2299797426
0.2299797426
0.2299836125
0.2299836125
0.2299819743
0.2299819743
0.2299819743
0.2299826987
0.2299826987
0.2299819743
0.2299819743
0.2299819743
0.2299826987
0.2299826987
0.2299759693
0.2299759693
0.2299759693
0.229982236
0.229982236
0.2299759693
0.2299759693
0.2299759693
0.229982236
0.229982236
0.2299820326
0.2299820326
0.2299820326
0.2299835308
0.2299835308
0.2299820326
0.2299820326
0.2299820326
0.2299767903
0.2299834288
0.2299762438
0.2299767903
0.2299767903
0.2299767903
0.2299834288
0.2299762438
0.2299767903
0.2299767903
0.2299791487
0.2299791487
0.2299690756
0.2299815754
0.2299815754
0.2299872577
0.2299872577
0.2299690756
0.2299815754
0.2299815754
0.2299815754
0.2299925078
0.2299797426
0.2299797426
0.2299797426
0.2299815754
0.2299925078
0.2299797426
0.2299797426
0.2299797426
0.2299836125
0.2299836125
0.2299819743
0.2299819743
0.2299819743
0.2299826987
0.2299826987
0.2299819743
0.2299819743
0.2299819743
0.2299826987
0.2299826987
0.2299759693
0.2299759693
0.2299759693
0.229982236
0.229982236
0.2299759693
0.2299759693
0.2299759693
0.229982236
0.229982236
0.2299820326
0.2299820326
0.2299820326
0.2299835308
0.2299835308
0.2299820326
0.2299820326
0.2299820326
0.2299767903
0.2299834288
0.2299762438
0.2299767903
0.2299767903
0.2299767903
0.2299834288
0.2299762438
0.2299767903
0.2299767903
0.2299791487
0.2299791487
0.2284832646
0.229157142
0.229157142
0.2292149397
0.2292149397
0.2284832646
0.229157142
0.229157142
0.229157142
0.2295841064
0.2290167773
0.2290167773
0.2290167773
0.229157142
0.2295841064
0.2290167773
0.2290167773
0.2290167773
0.2291885551
0.2291885551
0.2290369598
0.2290369598
0.2290369598
0.2289550551
0.2289550551
0.2290369598
0.2290369598
0.2290369598
0.2289550551
0.2289550551
0.2291150837
0.2291150837
0.2291150837
0.2289913896
0.2289913896
0.2291150837
0.2291150837
0.2291150837
0.2289913896
0.2289913896
0.229219519
0.229219519
0.229219519
0.2293419657
0.2293419657
0.229219519
0.229219519
0.229219519
0.2289876655
0.2288707137
0.2290740306
0.2289876655
0.2289876655
0.2289876655
0.2288707137
0.2290740306
0.2289876655
0.2289876655
0.2289027025
0.2289027025
0.2284832646
0.229157142
0.229157142
0.2292149397
0.2292149397
0.2284832646
0.229157142
0.229157142
0.229157142
0.2295841064
0.2290167773
0.2290167773
0.2290167773
0.229157142
0.2295841064
0.2290167773
0.2290167773
0.2290167773
0.2291885551
0.2291885551
0.2290369598
0.2290369598
0.2290369598
0.2289550551
0.2289550551
0.2290369598
0.2290369598
0.2290369598
0.2289550551
0.2289550551
0.2291150837
0.2291150837
0.2291150837
0.2289913896
0.2289913896
0.2291150837
0.2291150837
0.2291150837
0.2289913896
0.2289913896
0.229219519
0.229219519
0.229219519
0.2293419657
0.2293419657
0.229219519
0.229219519
0.229219519
0.2289876655
0.2288707137
0.2290740306
0.2289876655
0.2289876655
0.2289876655
0.2288707137
0.2290740306
0.2289876655
0.2289876655
0.2289027025
0.2289027025
0.1988128459
0.2121278795
0.2121278795
0.2136400176
0.2136400176
0.1988128459
0.2121278795
0.2121278795
0.2121278795
0.2140628113
0.2090013414
0.2090013414
0.2090013414
0.2121278795
0.2140628113
0.2090013414
0.2090013414
0.2090013414
0.2134605395
0.2134605395
0.2064387527
0.2064387527
0.2064387527
0.208254887
0.208254887
0.2064387527
0.2064387527
0.2064387527
0.208254887
0.208254887
0.2107184955
0.2107184955
0.2107184955
0.209136264
0.209136264
0.2107184955
0.2107184955
0.2107184955
0.209136264
0.209136264
0.2110057365
0.2110057365
0.2110057365
0.2152398492
0.2152398492
0.2110057365
0.2110057365
0.2110057365
0.210898951
0.2052285415
0.2083110699
0.210898951
0.210898951
0.210898951
0.2052285415
0.2083110699
0.210898951
0.210898951
0.2058949439
0.2058949439
0.1988128459
0.2121278795
0.2121278795
0.2136400176
0.2136400176
0.1988128459
0.2121278795
0.2121278795
0.2121278795
0.2140628113
0.2090013414
0.2090013414
0.2090013414
0.2121278795
0.2140628113
0.2090013414
0.2090013414
0.2090013414
0.2134605395
0.2134605395
0.2064387527
0.2064387527
0.2064387527
0.208254887
0.208254887
0.2064387527
0.2064387527
0.2064387527
0.208254887
0.208254887
0.2107184955
0.2107184955
0.2107184955
0.209136264
0.209136264
0.2107184955
0.2107184955
0.2107184955
0.209136264
0.209136264
0.2110057365
0.2110057365
0.2110057365
0.2152398492
0.2152398492
0.2110057365
0.2110057365
0.2110057365
0.210898951
0.2052285415
0.2083110699
0.210898951
0.210898951
0.210898951
0.2052285415
0.2083110699
0.210898951
0.210898951
0.2058949439
0.2058949439
0.06957196512
0.1077228552
0.1077228552
0.1089289544
0.1089289544
0.06957196512
0.1077228552
0.1077228552
0.1077228552
0.115781412
0.09810836158
0.09810836158
0.09810836158
0.1077228552
0.115781412
0.09810836158
0.09810836158
0.09810836158
0.1325388912
0.1325388912
0.06599484118
0.06599484118
0.06599484118
0.100412054
0.100412054
0.06599484118
0.06599484118
0.06599484118
0.100412054
0.100412054
0.06988899055
0.06988899055
0.06988899055
0.09602687634
0.09602687634
0.06988899055
0.06988899055
0.06988899055
0.09602687634
0.09602687634
0.09184077842
0.09184077842
0.09184077842
0.09474398514
0.09474398514
0.09184077842
0.09184077842
0.09184077842
0.08362190958
0.05921219368
0.08035207466
0.08362190958
0.08362190958
0.08362190958
0.05921219368
0.08035207466
0.08362190958
0.08362190958
0.1029623106
0.1029623106
0.06957196512
0.1077228552
0.1077228552
0.1089289544
0.1089289544
0.06957196512
0.1077228552
0.1077228552
0.1077228552
0.115781412
0.09810836158
0.09810836158
0.09810836158
0.1077228552
0.115781412
0.09810836158
0.09810836158
0.09810836158
0.1325388912
0.1325388912
0.06599484118
0.06599484118
0.06599484118
0.100412054
0.100412054
0.06599484118
0.06599484118
0.06599484118
0.100412054
0.100412054
0.06988899055
0.06988899055
0.06988899055
0.09602687634
0.09602687634
0.06988899055
0.06988899055
0.06988899055
0.09602687634
0.09602687634
0.09184077842
0.09184077842
0.09184077842
0.09474398514
0.09474398514
0.09184077842
0.09184077842
0.09184077842
0.08362190958
0.05921219368
0.08035207466
0.08362190958
0.08362190958
0.08362190958
0.05921219368
0.08035207466
0.08362190958
0.08362190958
0.1029623106
0.1029623106
0.007099176683
0.01385728557
0.01385728557
0.0091064594
0.0091064594
0.007099176683
0.01385728557
0.01385728557
0.01385728557
0.01507903705
0.0194344255
0.0194344255
0.0194344255
0.01385728557
0.01507903705
0.0194344255
0.0194344255
0.0194344255
0.1108359278
0.1108359278
0.0005035016129
0.0005035016129
0.0005035016129
0.02367298967
0.02367298967
0.0005035016129
0.0005035016129
0.0005035016129
0.02367298967
0.02367298967
0.01014804848
0.01014804848
0.01014804848
0.0006636228545
0.0006636228545
0.01014804848
0.01014804848
0.01014804848
0.0006636228545
0.0006636228545
0.008110950987
0.008110950987
0.008110950987
0.0008035513855
0.0008035513855
0.008110950987
0.008110950987
0.008110950987
0.004691684501
0
0.00439862117
0.004691684501
0.004691684501
0.004691684501
0
0.00439862117
0.004691684501
0.004691684501
0.01074105804
0.01074105804
0.007099176683
0.01385728557
0.01385728557
0.0091064594
0.0091064594
0.007099176683
0.01385728557
0.01385728557
0.01385728557
0.01507903705
0.0194344255
0.0194344255
0.0194344255
0.01385728557
0.01507903705
0.0194344255
0.0194344255
0.0194344255
0.1108359278
0.1108359278
0.0005035016129
0.0005035016129
0.0005035016129
0.02367298967
0.02367298967
0.0005035016129
0.0005035016129
0.0005035016129
0.02367298967
0.02367298967
0.01014804848
0.01014804848
0.01014804848
0.0006636228545
0.0006636228545
0.01014804848
0.01014804848
0.01014804848
0.0006636228545
0.0006636228545
0.008110950987
0.008110950987
0.008110950987
0.0008035513855
0.0008035513855
0.008110950987
0.008110950987
0.008110950987
0.004691684501
0
0.00439862117
0.004691684501
0.004691684501
0.004691684501
0
0.00439862117
0.004691684501
0.004691684501
0.01074105804
0.01074105804
0.002422690956
0.002706139588
0.002706139588
0.00103571446
0.00103571446
0.002422690956
0.002706139588
0.002706139588
0.002706139588
0.005144424842
0.01237423012
0.01237423012
0.01237423012
0.002706139588
0.005144424842
0.01237423012
0.01237423012
0.01237423012
0.08646235004
0.08646235004
0.0002695984106
0.0002695984106
0.0002695984106
0.010187147
0.010187147
0.0002695984106
0.0002695984106
0.0002695984106
0.010187147
0.010187147
0.0033414736
0.0033414736
0.0033414736
6.246792064e-05
6.246792064e-05
0.0033414736
0.0033414736
0.0033414736
6.246792064e-05
6.246792064e-05
0.003676427222
0.003676427222
0.003676427222
1.88961704e-05
1.88961704e-05
0.003676427222
0.003676427222
0.003676427222
0.001195345289
5.474548807e-06
0.0007995199455
0.001195345289
0.001195345289
0.001195345289
5.474548807e-06
0.0007995199455
0.001195345289
0.001195345289
0.004080498091
0.004080498091
0.002422690956
0.002706139588
0.002706139588
0.00103571446
0.00103571446
0.002422690956
0.002706139588
0.002706139588
0.002706139588
0.005144424842
0.01237423012
0.01237423012
0.01237423012
0.002706139588
0.005144424842
0.01237423012
0.01237423012
0.01237423012
0.08646235004
0.08646235004
0.0002695984106
0.0002695984106
0.0002695984106
0.010187147
0.010187147
0.0002695984106
0.0002695984106
0.0002695984106
0.010187147
0.010187147
0.0033414736
0.0033414736
0.0033414736
6.246792064e-05
6.246792064e-05
0.0033414736
0.0033414736
0.0033414736
6.246792064e-05
6.246792064e-05
0.003676427222
0.003676427222
0.003676427222
1.88961704e-05
1.88961704e-05
0.003676427222
0.003676427222
0.003676427222
0.001195345289
5.474548807e-06
0.0007995199455
0.001195345289
0.001195345289
0.001195345289
5.474548807e-06
0.0007995199455
0.001195345289
0.001195345289
0.004080498091
0.004080498091
0.001053687043
0.001577874643
0.001577874643
0.0003132704056
0.0003132704056
0.001053687043
0.001577874643
0.001577874643
0.001577874643
0.004400301674
0.01108467791
0.01108467791
0.01108467791
0.001577874643
0.004400301674
0.01108467791
0.01108467791
0.01108467791
0.06700687056
0.06700687056
0.0002529892739
0.0002529892739
0.0002529892739
0.008568282659
0.008568282659
0.0002529892739
0.0002529892739
0.0002529892739
0.008568282659
0.008568282659
0.0007306923362
0.0007306923362
0.0007306923362
2.978491174e-05
2.978491174e-05
0.0007306923362
0.0007306923362
0.0007306923362
2.978491174e-05
2.978491174e-05
0.001657147167
0.001657147167
0.001657147167
4.212392116e-05
4.212392116e-05
0.001657147167
0.001657147167
0.001657147167
0.0004518668249
2.652478092e-05
0.0001831311152
0.0004518668249
0.0004518668249
0.0004518668249
2.652478092e-05
0.0001831311152
0.0004518668249
0.0004518668249
0.002139273186
0.002139273186
0.001053687043
0.001577874643
0.001577874643
0.0003132704056
0.0003132704056
0.001053687043
0.001577874643
0.001577874643
0.001577874643
0.004400301674
0.01108467791
0.01108467791
0.01108467791
0.001577874643
0.004400301674
0.01108467791
0.01108467791
0.01108467791
0.06700687056
0.06700687056
0.0002529892739
0.0002529892739
0.0002529892739
0.008568282659
0.008568282659
0.0002529892739
0.0002529892739
0.0002529892739
0.008568282659
0.008568282659
0.0007306923362
0.0007306923362
0.0007306923362
2.978491174e-05
2.978491174e-05
0.0007306923362
0.0007306923362
0.0007306923362
2.978491174e-05
2.978491174e-05
0.001657147167
0.001657147167
0.001657147167
4.212392116e-05
4.212392116e-05
0.001657147167
0.001657147167
0.001657147167
0.0004518668249
2.652478092e-05
0.0001831311152
0.0004518668249
0.0004518668249
0.0004518668249
2.652478092e-05
0.0001831311152
0.0004518668249
0.0004518668249
0.002139273186
0.002139273186
0.2299996527
0.2299996445
0.2299996445
0.2299997411
0.2299997411
0.2299996527
0.2299996445
0.2299996445
0.2299996445
0.2299998836
0.2299996676
0.2299996676
0.2299996676
0.2299996445
0.2299998836
0.2299996676
0.2299996676
0.2299996676
0.2299997474
0.2299997474
0.2299997122
0.2299997122
0.2299997122
0.2299997619
0.2299997619
0.2299997122
0.2299997122
0.2299997122
0.2299997619
0.2299997619
0.2299997106
0.2299997106
0.2299997106
0.2299997081
0.2299997081
0.2299997106
0.2299997106
0.2299997106
0.2299997081
0.2299997081
0.2299996174
0.2299996174
0.2299996174
0.229999745
0.229999745
0.2299996174
0.2299996174
0.2299996174
0.2299996756
0.2299997421
0.2299996303
0.2299996756
0.2299996756
0.2299996756
0.2299997421
0.2299996303
0.2299996756
0.2299996756
0.2299997245
0.2299997245
0.2299996527
0.2299996445
0.2299996445
0.2299997411
0.2299997411
0.2299996527
0.2299996445
0.2299996445
0.2299996445
0.2299998836
0.2299996676
0.2299996676
0.2299996676
0.2299996445
0.2299998836
0.2299996676
0.2299996676
0.2299996676
0.2299997474
0.2299997474
0.2299997122
0.2299997122
0.2299997122
0.2299997619
0.2299997619
0.2299997122
0.2299997122
0.2299997122
0.2299997619
0.2299997619
0.2299997106
0.2299997106
0.2299997106
0.2299997081
0.2299997081
0.2299997106
0.2299997106
0.2299997106
0.2299997081
0.2299997081
0.2299996174
0.2299996174
0.2299996174
0.229999745
0.229999745
0.2299996174
0.2299996174
0.2299996174
0.2299996756
0.2299997421
0.2299996303
0.2299996756
0.2299996756
0.2299996756
0.2299997421
0.2299996303
0.2299996756
0.2299996756
0.2299997245
0.2299997245
0.2299762438
0.2299773637
0.2299773637
0.2299791487
0.2299791487
0.2299762438
0.2299773637
0.2299773637
0.2299773637
0.2299798869
0.2299764173
0.2299764173
0.2299764173
0.2299773637
0.2299798869
0.2299764173
0.2299764173
0.2299764173
0.2299849647
0.2299849647
0.2299794481
0.2299794481
0.2299794481
0.2299862938
0.2299862938
0.2299794481
0.2299794481
0.2299794481
0.2299862938
0.2299862938
0.2299798682
0.2299798682
0.2299798682
0.2299803006
0.2299803006
0.2299798682
0.2299798682
0.2299798682
0.2299803006
0.2299803006
0.2299697399
0.2299697399
0.2299697399
0.2299741196
0.2299741196
0.2299697399
0.2299697399
0.2299697399
0.2299822684
0.2299806388
0.2299751984
0.2299822684
0.2299822684
0.2299822684
0.2299806388
0.2299751984
0.2299822684
0.2299822684
0.2299823436
0.2299823436
0.2299762438
0.2299773637
0.2299773637
0.2299791487
0.2299791487
0.2299762438
0.2299773637
0.2299773637
0.2299773637
0.2299798869
0.2299764173
0.2299764173
0.2299764173
0.2299773637
0.2299798869
0.2299764173
0.2299764173
0.2299764173
0.2299849647
0.2299849647
0.2299794481
0.2299794481
0.2299794481
0.2299862938
0.2299862938
0.2299794481
0.2299794481
0.2299794481
0.2299862938
0.2299862938
0.2299798682
0.2299798682
0.2299798682
0.2299803006
0.2299803006
0.2299798682
0.2299798682
0.2299798682
0.2299803006
0.2299803006
0.2299697399
0.2299697399
0.2299697399
0.2299741196
0.2299741196
0.2299697399
0.2299697399
0.2299697399
0.2299822684
0.2299806388
0.2299751984
0.2299822684
0.2299822684
0.2299822684
0.2299806388
0.2299751984
0.2299822684
0.2299822684
0.2299823436
0.2299823436
0.2290740306
0.2289310485
0.2289310485
0.2289027025
0.2289027025
0.2290740306
0.2289310485
0.2289310485
0.2289310485
0.2291641922
0.2288462228
0.2288462228
0.2288462228
0.2289310485
0.2291641922
0.2288462228
0.2288462228
0.2288462228
0.229088549
0.229088549
0.229070808
0.229070808
0.229070808
0.2294387532
0.2294387532
0.229070808
0.229070808
0.229070808
0.2294387532
0.2294387532
0.2292661973
0.2292661973
0.2292661973
0.229146517
0.229146517
0.2292661973
0.2292661973
0.2292661973
0.229146517
0.229146517
0.2286553066
0.2286553066
0.2286553066
0.2289509626
0.2289509626
0.2286553066
0.2286553066
0.2286553066
0.2289726999
0.229158935
0.2288459012
0.2289726999
0.2289726999
0.2289726999
0.229158935
0.2288459012
0.2289726999
0.2289726999
0.229211694
0.229211694
0.2290740306
0.2289310485
0.2289310485
0.2289027025
0.2289027025
0.2290740306
0.2289310485
0.2289310485
0.2289310485
0.2291641922
0.2288462228
0.2288462228
0.2288462228
0.2289310485
0.2291641922
0.2288462228
0.2288462228
0.2288462228
0.229088549
0.229088549
0.229070808
0.229070808
0.229070808
0.2294387532
0.2294387532
0.229070808
0.229070808
0.229070808
0.2294387532
0.2294387532
0.2292661973
0.2292661973
0.2292661973
0.229146517
0.229146517
0.2292661973
0.2292661973
0.2292661973
0.229146517
0.229146517
0.2286553066
0.2286553066
0.2286553066
0.2289509626
0.2289509626
0.2286553066
0.2286553066
0.2286553066
0.2289726999
0.229158935
0.2288459012
0.2289726999
0.2289726999
0.2289726999
0.229158935
0.2288459012
0.2289726999
0.2289726999
0.229211694
0.229211694
0.2083110699
0.2056044972
0.2056044972
0.2058949439
0.2058949439
0.2083110699
0.2056044972
0.2056044972
0.2056044972
0.2135268557
0.2042304193
0.2042304193
0.2042304193
0.2056044972
0.2135268557
0.2042304193
0.2042304193
0.2042304193
0.2104246675
0.2104246675
0.2155676935
0.2155676935
0.2155676935
0.2108376295
0.2108376295
0.2155676935
0.2155676935
0.2155676935
0.2108376295
0.2108376295
0.2084221535
0.2084221535
0.2084221535
0.2063109844
0.2063109844
0.2084221535
0.2084221535
0.2084221535
0.2063109844
0.2063109844
0.2029273887
0.2029273887
0.2029273887
0.2112508551
0.2112508551
0.2029273887
0.2029273887
0.2029273887
0.2093402751
0.209489649
0.2060898186
0.2093402751
0.2093402751
0.2093402751
0.209489649
0.2060898186
0.2093402751
0.2093402751
0.2119041772
0.2119041772
0.2083110699
0.2056044972
0.2056044972
0.2058949439
0.2058949439
0.2083110699
0.2056044972
0.2056044972
0.2056044972
0.2135268557
0.2042304193
0.2042304193
0.2042304193
0.2056044972
0.2135268557
0.2042304193
0.2042304193
0.2042304193
0.2104246675
0.2104246675
0.2155676935
0.2155676935
0.2155676935
0.2108376295
0.2108376295
0.2155676935
0.2155676935
0.2155676935
0.2108376295
0.2108376295
0.2084221535
0.2084221535
0.2084221535
0.2063109844
0.2063109844
0.2084221535
0.2084221535
0.2084221535
0.2063109844
0.2063109844
0.2029273887
0.2029273887
0.2029273887
0.2112508551
0.2112508551
0.2029273887
0.2029273887
0.2029273887
0.2093402751
0.209489649
0.2060898186
0.2093402751
0.2093402751
0.2093402751
0.209489649
0.2060898186
0.2093402751
0.2093402751
0.2119041772
0.2119041772
0.08035207466
0.09086922169
0.09086922169
0.1029623106
0.1029623106
0.08035207466
0.09086922169
0.09086922169
0.09086922169
0.0803254729
0.05772168185
0.05772168185
0.05772168185
0.09086922169
0.0803254729
0.05772168185
0.05772168185
0.05772168185
0.09667260308
0.09667260308
0.1082289896
0.1082289896
0.1082289896
0.0893551906
0.0893551906
0.1082289896
0.1082289896
0.1082289896
0.0893551906
0.0893551906
0.08758615068
0.08758615068
0.08758615068
0.08328164383
0.08328164383
0.08758615068
0.08758615068
0.08758615068
0.08328164383
0.08328164383
0.08878400692
0.08878400692
0.08878400692
0.1402631662
0.1402631662
0.08878400692
0.08878400692
0.08878400692
0.08513347305
0.1127687436
0.0789336611
0.08513347305
0.08513347305
0.08513347305
0.1127687436
0.0789336611
0.08513347305
0.08513347305
0.1042594025
0.1042594025
0.08035207466
0.09086922169
0.09086922169
0.1029623106
0.1029623106
0.08035207466
0.09086922169
0.09086922169
0.09086922169
0.0803254729
0.05772168185
0.05772168185
0.05772168185
0.09086922169
0.0803254729
0.05772168185
0.05772168185
0.05772168185
0.09667260308
0.09667260308
0.1082289896
0.1082289896
0.1082289896
0.0893551906
0.0893551906
0.1082289896
0.1082289896
0.1082289896
0.0893551906
0.0893551906
0.08758615068
0.08758615068
0.08758615068
0.08328164383
0.08328164383
0.08758615068
0.08758615068
0.08758615068
0.08328164383
0.08328164383
0.08878400692
0.08878400692
0.08878400692
0.1402631662
0.1402631662
0.08878400692
0.08878400692
0.08878400692
0.08513347305
0.1127687436
0.0789336611
0.08513347305
0.08513347305
0.08513347305
0.1127687436
0.0789336611
0.08513347305
0.08513347305
0.1042594025
0.1042594025
0.00439862117
0.009822038594
0.009822038594
0.01074105804
0.01074105804
0.00439862117
0.009822038594
0.009822038594
0.009822038594
0.02283105152
0.0002425068471
0.0002425068471
0.0002425068471
0.009822038594
0.02283105152
0.0002425068471
0.0002425068471
0.0002425068471
0.0004849276616
0.0004849276616
0.0060225238
0.0060225238
0.0060225238
8.074981619e-05
8.074981619e-05
0.0060225238
0.0060225238
0.0060225238
8.074981619e-05
8.074981619e-05
0.01855933901
0.01855933901
0.01855933901
0.008433093665
0.008433093665
0.01855933901
0.01855933901
0.01855933901
0.008433093665
0.008433093665
0.03630691633
0.03630691633
0.03630691633
0.1134457721
0.1134457721
0.03630691633
0.03630691633
0.03630691633
0.02397651858
0.06007606676
0.01027873085
0.02397651858
0.02397651858
0.02397651858
0.06007606676
0.01027873085
0.02397651858
0.02397651858
0.01173496914
0.01173496914
0.00439862117
0.009822038594
0.009822038594
0.01074105804
0.01074105804
0.00439862117
0.009822038594
0.009822038594
0.009822038594
0.02283105152
0.0002425068471
0.0002425068471
0.0002425068471
0.009822038594
0.02283105152
0.0002425068471
0.0002425068471
0.0002425068471
0.0004849276616
0.0004849276616
0.0060225238
0.0060225238
0.0060225238
8.074981619e-05
8.074981619e-05
0.0060225238
0.0060225238
0.0060225238
8.074981619e-05
8.074981619e-05
0.01855933901
0.01855933901
0.01855933901
0.008433093665
0.008433093665
0.01855933901
0.01855933901
0.01855933901
0.008433093665
0.008433093665
0.03630691633
0.03630691633
0.03630691633
0.1134457721
0.1134457721
0.03630691633
0.03630691633
0.03630691633
0.02397651858
0.06007606676
0.01027873085
0.02397651858
0.02397651858
0.02397651858
0.06007606676
0.01027873085
0.02397651858
0.02397651858
0.01173496914
0.01173496914
0.0007995199455
0.005625360089
0.005625360089
0.004080498091
0.004080498091
0.0007995199455
0.005625360089
0.005625360089
0.005625360089
0.01396257787
0.0003263155134
0.0003263155134
0.0003263155134
0.005625360089
0.01396257787
0.0003263155134
0.0003263155134
0.0003263155134
8.72251196e-05
8.72251196e-05
0.0006466940179
0.0006466940179
0.0006466940179
0
0
0.0006466940179
0.0006466940179
0.0006466940179
0
0
0.01180952039
0.01180952039
0.01180952039
0.004810425719
0.004810425719
0.01180952039
0.01180952039
0.01180952039
0.004810425719
0.004810425719
0.02882136833
0.02882136833
0.02882136833
0.1087584958
0.1087584958
0.02882136833
0.02882136833
0.02882136833
0.02176077955
0.0560499154
0.004952142015
0.02176077955
0.02176077955
0.02176077955
0.0560499154
0.004952142015
0.02176077955
0.02176077955
0.00786873072
0.00786873072
0.0007995199455
0.005625360089
0.005625360089
0.004080498091
0.004080498091
0.0007995199455
0.005625360089
0.005625360089
0.005625360089
0.01396257787
0.0003263155134
0.0003263155134
0.0003263155134
0.005625360089
0.01396257787
0.0003263155134
0.0003263155134
0.0003263155134
8.72251196e-05
8.72251196e-05
0.0006466940179
0.0006466940179
0.0006466940179
0
0
0.0006466940179
0.0006466940179
0.0006466940179
0
0
0.01180952039
0.01180952039
0.01180952039
0.004810425719
0.004810425719
0.01180952039
0.01180952039
0.01180952039
0.004810425719
0.004810425719
0.02882136833
0.02882136833
0.02882136833
0.1087584958
0.1087584958
0.02882136833
0.02882136833
0.02882136833
0.02176077955
0.0560499154
0.004952142015
0.02176077955
0.02176077955
0.02176077955
0.0560499154
0.004952142015
0.02176077955
0.02176077955
0.00786873072
0.00786873072
0.0001831311152
0.004208258717
0.004208258717
0.002139273186
0.002139273186
0.0001831311152
0.004208258717
0.004208258717
0.004208258717
0.01119944091
0.0003515974115
0.0003515974115
0.0003515974115
0.004208258717
0.01119944091
0.0003515974115
0.0003515974115
0.0003515974115
0.0002134191779
0.0002134191779
0.0001512367035
0.0001512367035
0.0001512367035
1.00413309e-05
1.00413309e-05
0.0001512367035
0.0001512367035
0.0001512367035
1.00413309e-05
1.00413309e-05
0.01033484082
0.01033484082
0.01033484082
0.004990521438
0.004990521438
0.01033484082
0.01033484082
0.01033484082
0.004990521438
0.004990521438
0.02897474693
0.02897474693
0.02897474693
0.1049939532
0.1049939532
0.02897474693
0.02897474693
0.02897474693
0.01943902995
0.05595790252
0.003654253697
0.01943902995
0.01943902995
0.01943902995
0.05595790252
0.003654253697
0.01943902995
0.01943902995
0.009490793106
0.009490793106
0.0001831311152
0.004208258717
0.004208258717
0.002139273186
0.002139273186
0.0001831311152
0.004208258717
0.004208258717
0.004208258717
0.01119944091
0.0003515974115
0.0003515974115
0.0003515974115
0.004208258717
0.01119944091
0.0003515974115
0.0003515974115
0.0003515974115
0.0002134191779
0.0002134191779
0.0001512367035
0.0001512367035
0.0001512367035
1.00413309e-05
1.00413309e-05
0.0001512367035
0.0001512367035
0.0001512367035
1.00413309e-05
1.00413309e-05
0.01033484082
0.01033484082
0.01033484082
0.004990521438
0.004990521438
0.01033484082
0.01033484082
0.01033484082
0.004990521438
0.004990521438
0.02897474693
0.02897474693
0.02897474693
0.1049939532
0.1049939532
0.02897474693
0.02897474693
0.02897474693
0.01943902995
0.05595790252
0.003654253697
0.01943902995
0.01943902995
0.01943902995
0.05595790252
0.003654253697
0.01943902995
0.01943902995
0.009490793106
0.009490793106
0.2299996303
0.2299996991
0.2299996991
0.2299997245
0.2299997245
0.2299996303
0.2299996991
0.2299996991
0.2299996991
0.2299997452
0.2299997326
0.2299997326
0.2299997326
0.2299996991
0.2299997452
0.2299997326
0.2299997326
0.2299997326
0.2299998285
0.2299998285
0.2299996983
0.2299996983
0.2299996983
0.2299998265
0.2299998265
0.2299996983
0.2299996983
0.2299996983
0.2299998265
0.2299998265
0.2299996816
0.2299996816
0.2299996816
0.2299998136
0.2299998136
0.2299996816
0.2299996816
0.2299996816
0.2299998136
0.2299998136
0.2299997
0.2299997
0.2299997
0.2299998073
0.2299998073
0.2299997
0.2299997
0.2299997
0.2299997484
0.2299997861
0.2299997057
0.2299997484
0.2299997484
0.2299997484
0.2299997861
0.2299997057
0.2299997484
0.2299997484
0.2299997243
0.2299997243
0.2299996303
0.2299996991
0.2299996991
0.2299997245
0.2299997245
0.2299996303
0.2299996991
0.2299996991
0.2299996991
0.2299997452
0.2299997326
0.2299997326
0.2299997326
0.2299996991
0.2299997452
0.2299997326
0.2299997326
0.2299997326
0.2299998285
0.2299998285
0.2299996983
0.2299996983
0.2299996983
0.2299998265
0.2299998265
0.2299996983
0.2299996983
0.2299996983
0.2299998265
0.2299998265
0.2299996816
0.2299996816
0.2299996816
0.2299998136
0.2299998136
0.2299996816
0.2299996816
0.2299996816
0.2299998136
0.2299998136
0.2299997
0.2299997
0.2299997
0.2299998073
0.2299998073
0.2299997
0.2299997
0.2299997
0.2299997484
0.2299997861
0.2299997057
0.2299997484
0.2299997484
0.2299997484
0.2299997861
0.2299997057
0.2299997484
0.2299997484
0.2299997243
0.2299997243
0.2299751984
0.2299775145
0.2299775145
0.2299823436
0.2299823436
0.2299751984
0.2299775145
0.2299775145
0.2299775145
0.2299817847
0.2299803155
0.2299803155
0.2299803155
0.2299775145
0.2299817847
0.2299803155
0.2299803155
0.2299803155
0.2299860275
0.2299860275
0.2299836105
0.2299836105
0.2299836105
0.2299878267
0.2299878267
0.2299836105
0.2299836105
0.2299836105
0.2299878267
0.2299878267
0.2299774902
0.2299774902
0.2299774902
0.2299886743
0.2299886743
0.2299774902
0.2299774902
0.2299774902
0.2299886743
0.2299886743
0.2299792551
0.2299792551
0.2299792551
0.2299820629
0.2299820629
0.2299792551
0.2299792551
0.2299792551
0.2299801489
0.2299837862
0.2299784202
0.2299801489
0.2299801489
0.2299801489
0.2299837862
0.2299784202
0.2299801489
0.2299801489
0.2299807266
0.2299807266
0.2299751984
0.2299775145
0.2299775145
0.2299823436
0.2299823436
0.2299751984
0.2299775145
0.2299775145
0.2299775145
0.2299817847
0.2299803155
0.2299803155
0.2299803155
0.2299775145
0.2299817847
0.2299803155
0.2299803155
0.2299803155
0.2299860275
0.2299860275
0.2299836105
0.2299836105
0.2299836105
0.2299878267
0.2299878267
0.2299836105
0.2299836105
0.2299836105
0.2299878267
0.2299878267
0.2299774902
0.2299774902
0.2299774902
0.2299886743
0.2299886743
0.2299774902
0.2299774902
0.2299774902
0.2299886743
0.2299886743
0.2299792551
0.2299792551
0.2299792551
0.2299820629
0.2299820629
0.2299792551
0.2299792551
0.2299792551
0.2299801489
0.2299837862
0.2299784202
0.2299801489
0.2299801489
0.2299801489
0.2299837862
0.2299784202
0.2299801489
0.2299801489
0.2299807266
0.2299807266
0.2288459012
0.2288734861
0.2288734861
0.229211694
0.229211694
0.2288459012
0.2288734861
0.2288734861
0.2288734861
0.2287926033
0.2289778323
0.2289778323
0.2289778323
0.2288734861
0.2287926033
0.2289778323
0.2289778323
0.2289778323
0.2294577134
0.2294577134
0.2291577221
0.2291577221
0.2291577221
0.2295315656
0.2295315656
0.2291577221
0.2291577221
0.2291577221
0.2295315656
0.2295315656
0.2290183135
0.2290183135
0.2290183135
0.229213364
0.229213364
0.2290183135
0.2290183135
0.2290183135
0.229213364
0.229213364
0.2289701512
0.2289701512
0.2289701512
0.2291717319
0.2291717319
0.2289701512
0.2289701512
0.2289701512
0.2289603086
0.22906701
0.2289048286
0.2289603086
0.2289603086
0.2289603086
0.22906701
0.2289048286
0.2289603086
0.2289603086
0.2289752984
0.2289752984
0.2288459012
0.2288734861
0.2288734861
0.229211694
0.229211694
0.2288459012
0.2288734861
0.2288734861
0.2288734861
0.2287926033
0.2289778323
0.2289778323
0.2289778323
0.2288734861
0.2287926033
0.2289778323
0.2289778323
0.2289778323
0.2294577134
0.2294577134
0.2291577221
0.2291577221
0.2291577221
0.2295315656
0.2295315656
0.2291577221
0.2291577221
0.2291577221
0.2295315656
0.2295315656
0.2290183135
0.2290183135
0.2290183135
0.229213364
0.229213364
0.2290183135
0.2290183135
0.2290183135
0.229213364
0.229213364
0.2289701512
0.2289701512
0.2289701512
0.2291717319
0.2291717319
0.2289701512
0.2289701512
0.2289701512
0.2289603086
0.22906701
0.2289048286
0.2289603086
0.2289603086
0.2289603086
0.22906701
0.2289048286
0.2289603086
0.2289603086
0.2289752984
0.2289752984
0.2060898186
0.2048080217
0.2048080217
0.2119041772
0.2119041772
0.2060898186
0.2048080217
0.2048080217
0.2048080217
0.2120458977
0.2112040554
0.2112040554
0.2112040554
0.2048080217
0.2120458977
0.2112040554
0.2112040554
0.2112040554
0.2108655388
0.2108655388
0.2127678698
0.2127678698
0.2127678698
0.2142854228
0.2142854228
0.2127678698
0.2127678698
0.2127678698
0.2142854228
0.2142854228
0.2086664299
0.2086664299
0.2086664299
0.2103829488
0.2103829488
0.2086664299
0.2086664299
0.2086664299
0.2103829488
0.2103829488
0.2105801393
0.2105801393
0.2105801393
0.2117900381
0.2117900381
0.2105801393
0.2105801393
0.2105801393
0.2106470287
0.2095465609
0.2059758295
0.2106470287
0.2106470287
0.2106470287
0.2095465609
0.2059758295
0.2106470287
0.2106470287
0.2041849187
0.2041849187
0.2060898186
0.2048080217
0.2048080217
0.2119041772
0.2119041772
0.2060898186
0.2048080217
0.2048080217
0.2048080217
0.2120458977
0.2112040554
0.2112040554
0.2112040554
0.2048080217
0.2120458977
0.2112040554
0.2112040554
0.2112040554
0.2108655388
0.2108655388
0.2127678698
0.2127678698
0.2127678698
0.2142854228
0.2142854228
0.2127678698
0.2127678698
0.2127678698
0.2142854228
0.2142854228
0.2086664299
0.2086664299
0.2086664299
0.2103829488
0.2103829488
0.2086664299
0.2086664299
0.2086664299
0.2103829488
0.2103829488
0.2105801393
0.2105801393
0.2105801393
0.2117900381
0.2117900381
0.2105801393
0.2105801393
0.2105801393
0.2106470287
0.2095465609
0.2059758295
0.2106470287
0.2106470287
0.2106470287
0.2095465609
0.2059758295
0.2106470287
0.2106470287
0.2041849187
0.2041849187
0.0789336611
0.1012086385
0.1012086385
0.1042594025
0.1042594025
0.0789336611
0.1012086385
0.1012086385
0.1012086385
0.1108120497
0.09243152003
0.09243152003
0.09243152003
0.1012086385
0.1108120497
0.09243152003
0.09243152003
0.09243152003
0.1212034767
0.1212034767
0.07276615575
0.07276615575
0.07276615575
0.1014766703
0.1014766703
0.07276615575
0.07276615575
0.07276615575
0.1014766703
0.1014766703
0.1080319369
0.1080319369
0.1080319369
0.1095244581
0.1095244581
0.1080319369
0.1080319369
0.1080319369
0.1095244581
0.1095244581
0.08700456255
0.08700456255
0.08700456255
0.06829803801
0.06829803801
0.08700456255
0.08700456255
0.08700456255
0.09377238388
0.1348297803
0.09572473083
0.09377238388
0.09377238388
0.09377238388
0.1348297803
0.09572473083
0.09377238388
0.09377238388
0.07267747736
0.07267747736
0.0789336611
0.1012086385
0.1012086385
0.1042594025
0.1042594025
0.0789336611
0.1012086385
0.1012086385
0.1012086385
0.1108120497
0.09243152003
0.09243152003
0.09243152003
0.1012086385
0.1108120497
0.09243152003
0.09243152003
0.09243152003
0.1212034767
0.1212034767
0.07276615575
0.07276615575
0.07276615575
0.1014766703
0.1014766703
0.07276615575
0.07276615575
0.07276615575
0.1014766703
0.1014766703
0.1080319369
0.1080319369
0.1080319369
0.1095244581
0.1095244581
0.1080319369
0.1080319369
0.1080319369
0.1095244581
0.1095244581
0.08700456255
0.08700456255
0.08700456255
0.06829803801
0.06829803801
0.08700456255
0.08700456255
0.08700456255
0.09377238388
0.1348297803
0.09572473083
0.09377238388
0.09377238388
0.09377238388
0.1348297803
0.09572473083
0.09377238388
0.09377238388
0.07267747736
0.07267747736
0.01027873085
0.05289453585
0.05289453585
0.01173496914
0.01173496914
0.01027873085
0.05289453585
0.05289453585
0.05289453585
0.0704227137
0.04878879835
0.04878879835
0.04878879835
0.05289453585
0.0704227137
0.04878879835
0.04878879835
0.04878879835
0.0542729454
0.0542729454
0.0101601198
0.0101601198
0.0101601198
0.001200685211
0.001200685211
0.0101601198
0.0101601198
0.0101601198
0.001200685211
0.001200685211
0.02667297688
0.02667297688
0.02667297688
0.04548962241
0.04548962241
0.02667297688
0.02667297688
0.02667297688
0.04548962241
0.04548962241
0.01426028768
0.01426028768
0.01426028768
0.0004510168146
0.0004510168146
0.01426028768
0.01426028768
0.01426028768
0.024051889
0.08259198206
0.03098739367
0.024051889
0.024051889
0.024051889
0.08259198206
0.03098739367
0.024051889
0.024051889
0.0009689570249
0.0009689570249
0.01027873085
0.05289453585
0.05289453585
0.01173496914
0.01173496914
0.01027873085
0.05289453585
0.05289453585
0.05289453585
0.0704227137
0.04878879835
0.04878879835
0.04878879835
0.05289453585
0.0704227137
0.04878879835
0.04878879835
0.04878879835
0.0542729454
0.0542729454
0.0101601198
0.0101601198
0.0101601198
0.001200685211
0.001200685211
0.0101601198
0.0101601198
0.0101601198
0.001200685211
0.001200685211
0.02667297688
0.02667297688
0.02667297688
0.04548962241
0.04548962241
0.02667297688
0.02667297688
0.02667297688
0.04548962241
0.04548962241
0.01426028768
0.01426028768
0.01426028768
0.0004510168146
0.0004510168146
0.01426028768
0.01426028768
0.01426028768
0.024051889
0.08259198206
0.03098739367
0.024051889
0.024051889
0.024051889
0.08259198206
0.03098739367
0.024051889
0.024051889
0.0009689570249
0.0009689570249
0.004952142015
0.05034423303
0.05034423303
0.00786873072
0.00786873072
0.004952142015
0.05034423303
0.05034423303
0.05034423303
0.0587269243
0.0434378245
0.0434378245
0.0434378245
0.05034423303
0.0587269243
0.0434378245
0.0434378245
0.0434378245
0.04651544272
0.04651544272
0.005896753965
0.005896753965
0.005896753965
0.0003758504146
0.0003758504146
0.005896753965
0.005896753965
0.005896753965
0.0003758504146
0.0003758504146
0.02027460482
0.02027460482
0.02027460482
0.02991986232
0.02991986232
0.02027460482
0.02027460482
0.02027460482
0.02991986232
0.02991986232
0.0108584143
0.0108584143
0.0108584143
0.001065595124
0.001065595124
0.0108584143
0.0108584143
0.0108584143
0.01896897687
0.06488405333
0.01842535981
0.01896897687
0.01896897687
0.01896897687
0.06488405333
0.01842535981
0.01896897687
0.01896897687
0.0001338794995
0.0001338794995
0.004952142015
0.05034423303
0.05034423303
0.00786873072
0.00786873072
0.004952142015
0.05034423303
0.05034423303
0.05034423303
0.0587269243
0.0434378245
0.0434378245
0.0434378245
0.05034423303
0.0587269243
0.0434378245
0.0434378245
0.0434378245
0.04651544272
0.04651544272
0.005896753965
0.005896753965
0.005896753965
0.0003758504146
0.0003758504146
0.005896753965
0.005896753965
0.005896753965
0.0003758504146
0.0003758504146
0.02027460482
0.02027460482
0.02027460482
0.02991986232
0.02991986232
0.02027460482
0.02027460482
0.02027460482
0.02991986232
0.02991986232
0.0108584143
0.0108584143
0.0108584143
0.001065595124
0.001065595124
0.0108584143
0.0108584143
0.0108584143
0.01896897687
0.06488405333
0.01842535981
0.01896897687
0.01896897687
0.01896897687
0.06488405333
0.01842535981
0.01896897687
0.01896897687
0.0001338794995
0.0001338794995
0.003654253697
0.04638725788
0.04638725788
0.009490793106
0.009490793106
0.003654253697
0.04638725788
0.04638725788
0.04638725788
0.05751760704
0.04202600553
0.04202600553
0.04202600553
0.04638725788
0.05751760704
0.04202600553
0.04202600553
0.04202600553
0.04494482316
0.04494482316
0.005052292265
0.005052292265
0.005052292265
0.0006497146269
0.0006497146269
0.005052292265
0.005052292265
0.005052292265
0.0006497146269
0.0006497146269
0.01920891297
0.01920891297
0.01920891297
0.02569978141
0.02569978141
0.01920891297
0.01920891297
0.01920891297
0.02569978141
0.02569978141
0.01061855343
0.01061855343
0.01061855343
0.001497922438
0.001497922438
0.01061855343
0.01061855343
0.01061855343
0.01831620361
0.05699695386
0.01258087753
0.01831620361
0.01831620361
0.01831620361
0.05699695386
0.01258087753
0.01831620361
0.01831620361
0.0002233772833
0.0002233772833
0.003654253697
0.04638725788
0.04638725788
0.009490793106
0.009490793106
0.003654253697
0.04638725788
0.04638725788
0.04638725788
0.05751760704
0.04202600553
0.04202600553
0.04202600553
0.04638725788
0.05751760704
0.04202600553
0.04202600553
0.04202600553
0.04494482316
0.04494482316
0.005052292265
0.005052292265
0.005052292265
0.0006497146269
0.0006497146269
0.005052292265
0.005052292265
0.005052292265
0.0006497146269
0.0006497146269
0.01920891297
0.01920891297
0.01920891297
0.02569978141
0.02569978141
0.01920891297
0.01920891297
0.01920891297
0.02569978141
0.02569978141
0.01061855343
0.01061855343
0.01061855343
0.001497922438
0.001497922438
0.01061855343
0.01061855343
0.01061855343
0.01831620361
0.05699695386
0.01258087753
0.01831620361
0.01831620361
0.01831620361
0.05699695386
0.01258087753
0.01831620361
0.01831620361
0.0002233772833
0.0002233772833
)
;

boundaryField
{
    walls
    {
        type            zeroGradient;
    }
    inlet
    {
        type            fixedValue;
        value           uniform 0.23;
    }
    outlet
    {
        type            inletOutlet;
        phi             alphaRhoPhi;
        inletValue      uniform 0.23;
        value           nonuniform List<scalar> 
384
(
0.001801560438
0.001070528951
0.0003836479891
0.0003232097188
5.889977673e-05
4.870850989e-06
0.0002073294541
0.0003865013977
4.690698645e-06
8.603088614e-06
0.0002517480323
0.0005118416549
0.01077943575
0.003135572547
0.0002345452342
1.650331163e-05
4.697728401e-06
0
1.218746653e-05
7.752086796e-06
0
0
1.564334047e-05
2.212087979e-05
0.01502951048
0.0008509693731
2.205789648e-05
0
0
0
0
5.856186778e-07
0
4.999626498e-05
5.40128601e-05
2.148532239e-06
0.0005529933214
3.984390374e-05
2.175304048e-06
0
0
0
0
6.855705181e-05
0.0003464889269
0.00314889298
0.0002678504369
6.914890283e-05
1.197910004e-05
4.312116682e-06
0.0001495685875
2.333243833e-05
0
0
7.607455385e-06
0.0004238383222
0.00390896213
0.005246729884
5.169188354e-05
0
0.0001035809818
0.0003272694373
0.007248998066
0.0009653234677
3.6038001e-05
0
2.516840663e-05
0.001212091259
0.01772994066
0.02224423278
0.0004728010783
2.721491236e-06
0.00117021556
0.006219561503
0.03131671119
0.02173268878
0.0004368786435
2.739088506e-05
0.000631651452
0.02680557691
0.04630540641
0.04447915853
0.006289423363
7.481579125e-05
0.02216524322
0.02605225991
0.002351465292
0.005364873075
0.0001747984596
0.0001778495155
0.006449059943
0.04232365712
0.03973582343
0.03835941193
0.002892065763
0.000282039468
0.004985527892
0.005834586851
0.002643340726
0.0008265750646
0.0001423494484
0.0006384784597
0.006745396155
0.02722877416
0.03842522984
0.02804864602
0.0006174006504
0.0008125427574
0.0005942884098
0.0009350334951
0.0005134186692
0.0002155880278
0.0003175967423
0.01939440787
0.03416154078
0.026900091
0.01744724307
0.0009057526896
0.0002455906198
0.001571479412
0.009044006452
0.01936209979
0.001405772962
4.796808214e-05
0.0004449872547
0.0254972623
0.03111126268
0.02421067537
0.004089892319
7.993663522e-05
0.0003860027911
0.004295622122
0.01017069377
0.03256688842
0.006815007853
0.0003050057763
0.001594263628
0.0176847255
0.0303804428
0.01239271049
0.0006682372177
1.813583881e-05
5.882153473e-05
0.0003511200463
0.0003795847306
0.001315959506
0.0001518721659
3.461505524e-05
0.0007409250653
0.001275561727
0.02270001851
0.01516470583
0.0006130224331
1.109764659e-05
2.81394437e-05
2.02893101e-05
2.232358854e-05
0.0003610172276
2.923098797e-06
6.426891094e-06
0.0001679720515
0.0006525515715
0.02525494588
0.01811259707
0.005671303381
0.0002884682754
0.0006762701642
8.831803114e-05
4.619502328e-05
0.001800385291
1.364108497e-05
0
1.262740271e-05
0.0001346924819
0.01181316528
0.01775475687
0.03014524595
0.006518180763
0.008475048468
0.0005784172774
0.0001350887052
0.005575986931
5.410958985e-05
0
1.17921156e-05
3.01050678e-05
0.003293683299
0.006782208378
0.04750380901
0.04257646904
0.01747316956
0.0006827738642
6.011350023e-05
0.001924097867
1.55724192e-05
7.77268405e-07
2.974220888e-05
8.065689378e-05
0.008652089928
0.00257610285
0.04713311941
0.05235651391
0.009298294462
0.000231704143
4.353185497e-05
0.0002674683414
9.644031613e-05
0.00115213352
3.170659013e-05
0
0
9.103982499e-05
0.0009728385655
1.635216995e-05
1.136828347e-05
1.451596352e-05
0.0001009489037
0.0002199292123
0.0004192661618
0.01289431817
0.0002620202152
0
1.373380318e-06
0.0008606118893
0.003410440603
6.388656594e-05
0.0002124338075
3.820779505e-05
0.0002504879504
0.000156824719
0.001988844787
0.04185471718
0.001139826153
1.623786482e-05
1.040617743e-05
0.001706188949
0.002839690936
7.581641429e-05
0.0009591257895
0.0004236010268
0.0002173085172
0.0001348863985
0.006182919487
0.05977456826
0.005302904432
0.0001170058046
0
9.135757017e-05
7.95545917e-05
5.884133576e-06
0.0004474150685
0.00254603592
3.22111302e-05
0.0001008168361
0.00765314029
0.06921740865
0.02647687807
0.0005578588467
7.5362613e-06
2.33590667e-06
0
0
5.471843589e-05
0.003923852829
9.059083992e-06
0
0
0
9.813980984e-06
8.153198496e-05
6.010993014e-05
0.001468104108
0.002398736045
0.001890518713
9.96235507e-05
6.697804044e-05
0
0
6.659466396e-05
0
9.827946801e-06
0.0003857658631
0.0008698802984
0.02351262724
0.02800842766
0.02276298749
0.0009241254631
7.211082121e-05
2.513956593e-05
6.482378135e-05
0.001899229149
3.583367826e-05
5.608915077e-06
0.0001380659287
0.0009294515528
0.0320282297
0.0599991965
0.04979528233
0.006322473238
0.0005083521785
0.0002006261357
0.00101478215
0.01746458863
0.0002712112468
5.143980562e-06
1.445366183e-05
0.002141791981
0.01151135672
0.09563837053
0.06404245575
0.0132931337
0.002060260466
0.0003067048675
0.003390451172
0.01701516692
0.0001616729432
4.902516118e-06
2.850786912e-05
0.003429074726
0.003877952786
0.1117429367
0.09135312286
0.0155828022
0.002573086631
0.0003922036899
0.007937263937
0.02971694662
0.00302465352
0.0002613227681
0.002429972825
0.003043373073
0.01257828776
0.0008961649098
0.0008950521145
0.000260926343
0.0002288969352
0.001525661029
0.02827727012
0.05912162785
0.02335808143
0.003071394537
0.01066347278
0.0188306571
0.02303299484
0.002586845313
0.01113416157
0.0004665678433
5.182603535e-06
0.00777397133
0.05405998489
0.08292212408
0.04453217523
0.005824881457
0.006360386742
0.01853669774
0.03547714266
0.008872415611
0.03720777159
0.005286742425
5.019127055e-05
0.01702299367
0.06913797838
0.07971343666
0.04688677263
0.001159654131
0.0008770774682
0.007207887356
0.0466379282
0.002208536362
0.05843051244
0.02503497624
0.0002473832486
0.0178337921
0.06304489523
0.05255260929
0.04243895966
0.0007255113285
0.0001037004109
0.00355704944
0.0445103577
0.00107858746
0.0727357911
0.03583383401
0.0004660976174
)
;
    }
}


// ************************************************************************* //
