/*--------------------------------*- C++ -*----------------------------------*\
  =========                 |
  \\      /  F ield         | OpenFOAM: The Open Source CFD Toolbox
   \\    /   O peration     | Website:  https://openfoam.org
    \\  /    A nd           | Version:  7
     \\/     M anipulation  |
\*---------------------------------------------------------------------------*/
FoamFile
{
    version     2.0;
    format      ascii;
    class       volScalarField;
    location    "2";
    object      pDyn;
}
// * * * * * * * * * * * * * * * * * * * * * * * * * * * * * * * * * * * * * //

dimensions      [1 -1 -2 0 0 0 0];

internalField   nonuniform List<scalar> 
6144
(
0.6348125717
0.6077210237
0.6144864553
0.6237899827
0.5659452467
0.5684605112
0.6897875277
0.703075063
0.7039774129
0.6540178192
0.589147715
0.654851928
0.6445217581
0.7016257006
0.7092422084
0.709813392
0.703605749
0.6120706321
0.6194228865
0.688337592
0.631783069
0.5427536266
0.5272288995
0.6355264337
0.6971524407
0.7105931633
0.7136314573
0.7130419488
0.7114942351
0.7060453631
0.6905520095
0.6570387835
0.5738911357
0.5180924352
0.5127208801
0.6106337511
0.6986837991
0.7120934918
0.7150151351
0.7152123417
0.71364655
0.7108174564
0.7021201218
0.6455210661
0.5333694074
0.5122724492
0.5392688261
0.6099633504
0.6999504397
0.7110452322
0.7148429125
0.7160164203
0.7148540484
0.7113242099
0.6981509017
0.6030991012
0.5314814686
0.5155811227
0.5675894182
0.6108524359
0.7012860292
0.7104370652
0.7146671632
0.7158437497
0.7142135128
0.7088602384
0.6995914893
0.6964816683
0.6878185886
0.6179971128
0.6502268932
0.6784625497
0.6311943558
0.7061184351
0.711424111
0.7137018318
0.7115016313
0.7054488622
0.7017371409
0.7065994104
0.7085226756
0.7085661733
0.7061062619
0.6995604068
0.538088984
0.6320213706
0.7022776272
0.7035663185
0.7003579952
0.6971763038
0.7019096763
0.7083933811
0.7083780258
0.7082215676
0.7053700534
0.6970735148
0.5515432911
0.6537584045
0.6998142033
0.6962608012
0.684174223
0.6380055614
0.6978503951
0.7074728348
0.7081788209
0.7044273901
0.6969827412
0.6852048417
0.5944366191
0.6976759347
0.6990505982
0.6933647796
0.6631350108
0.6193509645
0.6894263248
0.6956009512
0.698324884
0.6918698138
0.6269800925
0.5536379096
0.6483874668
0.6995176118
0.6984925791
0.6925333878
0.689266857
0.6871712287
0.6452835121
0.6387145921
0.6322593143
0.5870862977
0.5390603459
0.5190802755
0.6943000319
0.7017496769
0.6988419308
0.6920738211
0.6892691568
0.6888557629
0.6444814519
0.578569201
0.5497524863
0.547076147
0.5295321258
0.5329461214
0.5942885389
0.5840826164
0.6025864898
0.614945158
0.5532150127
0.5470909874
0.6530810893
0.6785716208
0.6831970609
0.632898632
0.5676159833
0.621396356
0.6045804472
0.6696856995
0.6938575875
0.6994584494
0.6813039511
0.5853603775
0.5849732239
0.6512168348
0.6041897795
0.5217476242
0.5026213757
0.5966922762
0.6558655893
0.6891810152
0.6999983295
0.701671577
0.6962805872
0.6798250322
0.6493897333
0.6194868582
0.5482446114
0.4959821769
0.4844526202
0.5660707362
0.6635201986
0.6955567146
0.701045279
0.7003564957
0.6965793822
0.6909197915
0.6710967152
0.6119594179
0.5128659261
0.491708454
0.5081396857
0.5598688668
0.6712928442
0.697701248
0.7005486508
0.6972079921
0.693160164
0.6875963595
0.6593012091
0.5708661197
0.5133799499
0.4996068349
0.5413312955
0.5652781412
0.6772784101
0.6970772101
0.6978364272
0.6925641729
0.6884177139
0.6815352578
0.662338535
0.6577059944
0.657951662
0.5990848061
0.6270512499
0.6362434312
0.6102044826
0.6820543659
0.6859600378
0.6846026373
0.6816591424
0.6740403227
0.6679219719
0.6822499539
0.6927332759
0.6963910295
0.6920067636
0.6697746551
0.5216844363
0.6029717338
0.6613581714
0.6590678563
0.6536999264
0.6506037474
0.6656399909
0.684471363
0.6905926297
0.6915588377
0.6839272097
0.6582994249
0.5335623198
0.6233852952
0.6593401492
0.6448747932
0.6268746053
0.5852541471
0.6522162531
0.6775168369
0.6825453627
0.6733952797
0.6542156189
0.6258983946
0.5729298724
0.6634514379
0.6608617719
0.6416579677
0.607335134
0.5649006137
0.6313242892
0.6469500886
0.6554311568
0.638701261
0.5733170812
0.505153805
0.6228592421
0.6678248368
0.6595869388
0.6417990572
0.6344433113
0.628171363
0.5892463925
0.5849283292
0.5821235033
0.5424971493
0.4989161194
0.4808790984
0.65724579
0.6696530537
0.6579516625
0.6400465405
0.6348458529
0.6340676165
0.5952030928
0.5358812536
0.5100145425
0.5097584296
0.4946583618
0.4983612664
0.5162040108
0.5163473951
0.5414733027
0.5570275366
0.4993999581
0.4912613705
0.5836854316
0.608729934
0.6182272891
0.5740328357
0.5112330581
0.5541990285
0.5212630579
0.5785991018
0.6079886391
0.6201469061
0.6001602902
0.5131333943
0.5127404709
0.5763870628
0.5406036448
0.4667224648
0.445854213
0.525594935
0.5643399559
0.5894938398
0.6009422833
0.6076863727
0.6031243894
0.586118808
0.5627132388
0.542547594
0.4881420415
0.4418763549
0.4264217705
0.4938518151
0.5781711807
0.5969801741
0.5938997086
0.5908357566
0.5910680489
0.5928724876
0.5832380238
0.5393329573
0.4608300952
0.4408800391
0.4494318346
0.4869468578
0.5963698148
0.6082861679
0.5932399458
0.5781878157
0.5754901808
0.5813977695
0.5696253897
0.5039737535
0.4642005719
0.4527869141
0.4839777452
0.4949644274
0.607460651
0.6109153336
0.5877316934
0.5666516515
0.5647768492
0.5750000513
0.5719910887
0.5786374185
0.5892807189
0.5413000494
0.5651571918
0.5657551436
0.5446522984
0.5893379181
0.571545063
0.5543014478
0.5580098792
0.5689787088
0.5762596272
0.5964858673
0.6194998588
0.6283099646
0.6263174803
0.5980713736
0.4630771262
0.5139573635
0.5455210251
0.5323599718
0.5344767156
0.5442541434
0.5670443782
0.590909412
0.6114046783
0.6164708849
0.608824614
0.581165023
0.4740875016
0.5356930776
0.5522321529
0.5295993932
0.5162804044
0.4870348542
0.5514444066
0.5765681399
0.5902778204
0.5855054942
0.5694471046
0.5402258407
0.5132787555
0.5781366167
0.5646393579
0.5389728033
0.5098718965
0.4744015158
0.5360070926
0.5520949133
0.5642222102
0.5493786872
0.4909256755
0.430855499
0.5604720532
0.5867323867
0.5679579873
0.5478506708
0.5429632808
0.536360169
0.5028238553
0.5021053368
0.5037211815
0.4690664523
0.4292699538
0.4136192222
0.5834915316
0.5849616765
0.5639239563
0.5477037282
0.5465239201
0.5441585258
0.5104372103
0.4597863202
0.4378702485
0.4396151739
0.4272782824
0.4322199419
0.446903303
0.4367163256
0.4486309296
0.4574184784
0.4096990036
0.41272203
0.5103836878
0.5359782219
0.5450650713
0.5024535483
0.4452128277
0.4877920494
0.4439464248
0.4804779163
0.4931831874
0.5010648301
0.4897616889
0.4233833345
0.4368878316
0.502647011
0.4689305408
0.3992080027
0.3815105812
0.4558249711
0.4756373302
0.4779124598
0.4738945612
0.4784929224
0.483439479
0.4807681756
0.4771067534
0.4639474215
0.4154543392
0.3736581468
0.3611062149
0.4247483572
0.486565701
0.4754206275
0.4574125488
0.4549295215
0.4649579021
0.4803618708
0.4894888341
0.4596023064
0.3915483154
0.3737110704
0.3817801116
0.4183382925
0.5058557372
0.483658759
0.4536425549
0.4411016493
0.4489006814
0.4690527576
0.478947266
0.4300659922
0.3964439654
0.3836643202
0.4099129446
0.4241883631
0.5175295651
0.4881978821
0.4507756217
0.4319254591
0.4387784174
0.4624453035
0.480242385
0.4986819355
0.5102187984
0.4602921959
0.4791299842
0.4901676309
0.4608467503
0.4731893473
0.4431387005
0.4231888166
0.4327767892
0.4563575786
0.4799117187
0.5053765099
0.5283674076
0.5327602264
0.5316379402
0.5174903975
0.3883896294
0.4106498789
0.4258737678
0.409800973
0.4170501073
0.4358166984
0.4664806353
0.4921336986
0.5155127089
0.5241387322
0.521721168
0.5088280127
0.3991715654
0.4326688323
0.4366849311
0.4159542275
0.4092618182
0.3907143111
0.4573439387
0.4819670236
0.5010375648
0.5057542359
0.4962996218
0.4738048616
0.439107369
0.4777801988
0.4592556815
0.4374931873
0.4147002741
0.389043123
0.4539622404
0.473257595
0.4896233151
0.4810791954
0.4277463391
0.3731168625
0.4869890518
0.4954175228
0.4747229345
0.4580901713
0.4548771658
0.4530074368
0.4303489178
0.4345133014
0.441489861
0.4106955981
0.3721566294
0.3557378852
0.5083426265
0.500113635
0.4779718231
0.4656078499
0.4658604942
0.4628021753
0.4378585971
0.3954505569
0.3780533114
0.3797875227
0.3687700468
0.3725724622
0.4072446665
0.3875481594
0.3864508851
0.3847487657
0.339115927
0.350473208
0.455903222
0.4880931477
0.4915197155
0.445639376
0.395337453
0.4399664662
0.4047918793
0.4276372155
0.4267320274
0.4265418365
0.4134760044
0.3598638177
0.3845136341
0.4556252602
0.4185245129
0.3494349809
0.333788401
0.4056852263
0.4331494341
0.4272597255
0.4139783667
0.4146756781
0.4188728099
0.4213564225
0.4268917699
0.4151687108
0.3637834724
0.3213933494
0.3105508606
0.3726311759
0.4374068529
0.4165737695
0.3965386003
0.3968195206
0.4073565637
0.4269370898
0.4398557595
0.4115429065
0.3398097967
0.3205557596
0.3284941569
0.3668027282
0.4466529901
0.4104843742
0.3861454115
0.3818882665
0.3936252373
0.4172447842
0.4298931894
0.3810966325
0.3419641284
0.3258775548
0.3503664849
0.3700562929
0.4528626779
0.4068395936
0.3812950073
0.3735962183
0.3866355419
0.4116163857
0.4295547771
0.4469232241
0.4498645419
0.396047563
0.4096006516
0.4279067175
0.401881154
0.3976218038
0.3776784261
0.3647486747
0.3774069027
0.4004995141
0.4237182784
0.4485947646
0.4623911581
0.4614567601
0.4584658933
0.4550569387
0.3372879237
0.3473677232
0.3655803668
0.3524574519
0.3595087413
0.3766053628
0.41138324
0.4381628121
0.4524558172
0.4614207283
0.4612171324
0.4568913364
0.3511726983
0.3741180997
0.3758521934
0.3565585511
0.3492370237
0.3327410052
0.4022669707
0.4320119568
0.4518218311
0.4599274766
0.4513182526
0.4315240706
0.3930082739
0.418274099
0.3996450788
0.3785431153
0.3555891738
0.3368409902
0.4032039996
0.4292302015
0.4485438349
0.4396439968
0.3867399395
0.3391306838
0.4430069071
0.4416502901
0.4214315161
0.4018446953
0.3962282993
0.4010408353
0.3866264085
0.3949705928
0.4037184945
0.3752378276
0.3397124677
0.3241047834
0.467267518
0.4580860004
0.4365278754
0.4182735732
0.4153194286
0.4130825199
0.3964749374
0.3634050092
0.3479194314
0.3455143139
0.3377864812
0.341228179
0.3848827695
0.3669639608
0.3662976568
0.3572508818
0.3085331964
0.3193601335
0.4149275353
0.453187478
0.4508137769
0.4022929913
0.3577332121
0.4025974151
0.3885088928
0.4089799995
0.4059184858
0.4006841335
0.3750076538
0.3274638607
0.3501542516
0.4241794984
0.3859607298
0.316029031
0.3011603407
0.3723035601
0.4179898638
0.4169192495
0.4019083573
0.4023745774
0.3953131161
0.3950733162
0.4019241458
0.3869538756
0.335890419
0.2911825446
0.2784477425
0.3372701273
0.4183915278
0.4026092918
0.3871061029
0.3878991828
0.390936205
0.4072869521
0.4201222588
0.391993532
0.3181341927
0.2919491431
0.2951630534
0.3323544925
0.4209320496
0.3892324284
0.3737247938
0.3686938466
0.376289055
0.3953906021
0.4061731709
0.3574190017
0.3155486612
0.2951889505
0.3170644615
0.3352942428
0.4196270504
0.374819138
0.3641773045
0.3597306418
0.3730004922
0.3914450607
0.4035554435
0.4167961736
0.4141007628
0.367158117
0.3753023269
0.38789029
0.3754409748
0.3673147375
0.3566922824
0.3451835798
0.362614362
0.3801663021
0.3944263204
0.415772223
0.4245749442
0.4271196548
0.4232583219
0.4191780319
0.3156845929
0.3197080701
0.3449077474
0.335491945
0.3460905267
0.3572749204
0.3890418095
0.4112559354
0.4165620035
0.4301469981
0.4278780025
0.4217315257
0.3309624397
0.3529996878
0.3547457467
0.3367192126
0.3291276807
0.3127645028
0.3790334391
0.4050571172
0.4215025451
0.4318913717
0.4194863519
0.4015790677
0.3741404016
0.3965446816
0.3768504376
0.3557930542
0.3324542582
0.3183300591
0.3771400875
0.4012358596
0.419426358
0.4040679298
0.3490179043
0.3155848804
0.4236478257
0.4183932021
0.3977345869
0.3730813134
0.3634051865
0.3736623476
0.3611901792
0.3674828911
0.3724032086
0.3435307639
0.3111001324
0.3029388982
0.4517714135
0.4405304872
0.4194624803
0.3932550216
0.3859774237
0.3818844356
0.3682876814
0.3429598518
0.328596497
0.3184229804
0.3162220077
0.3225566852
0.3937921145
0.3897421506
0.3912979604
0.3746438399
0.3267417706
0.3340606759
0.4104903432
0.4525839548
0.4452081355
0.3857589377
0.3571296258
0.4007425913
0.4080206231
0.4137825473
0.4113669706
0.4099942305
0.3790691815
0.3338663699
0.3549821654
0.4291101016
0.3827360806
0.3125185035
0.3030395489
0.3771818311
0.4273246413
0.4311128566
0.4198908604
0.4194566492
0.4075149479
0.3939764638
0.4111410061
0.3786331523
0.3381157253
0.2906009855
0.2804053567
0.3402441757
0.4309222985
0.4218397195
0.4012615288
0.3997916259
0.395373851
0.4093182848
0.422915369
0.3972331923
0.335997256
0.2975945433
0.2977591262
0.3338793346
0.4257930761
0.4089007451
0.3938394531
0.3761017979
0.3733065545
0.3872241559
0.3981792798
0.3605977524
0.3327592438
0.3041211356
0.3214249939
0.3401044308
0.4169594571
0.3810424805
0.3875796546
0.3741443113
0.376475513
0.3873016859
0.3988505065
0.4176803938
0.4125093206
0.3883984662
0.3869986487
0.3887342142
0.3962025815
0.3816306972
0.3780379674
0.3600314183
0.3749156386
0.3826258773
0.3908718616
0.4117453952
0.4209406311
0.4421935577
0.4425304457
0.4280239057
0.3390997846
0.3389072911
0.3706432808
0.3614865019
0.3747183544
0.375727681
0.4169184622
0.4341753543
0.4211127368
0.4418662531
0.4445028027
0.4298926652
0.3467862549
0.3775223389
0.3792640786
0.360111593
0.3568397493
0.337003236
0.4048328363
0.419671466
0.4292264717
0.4379591197
0.4293514069
0.405118562
0.3892271637
0.4083369476
0.399312148
0.3800518597
0.3613314903
0.3543423059
0.4027740088
0.4180034351
0.4236484136
0.388873852
0.317780817
0.3178194975
0.4384378522
0.4238009039
0.4100746988
0.3886313712
0.3742038721
0.3895950923
0.3737550914
0.3684091984
0.3638171631
0.3407476138
0.3122777742
0.3103566807
0.463810277
0.4496115784
0.4286452474
0.3964189671
0.3827364042
0.3731191102
0.3606338668
0.348090666
0.3283982681
0.3161857865
0.3232285323
0.3316114276
0.3821953777
0.3945427842
0.4108299152
0.385379366
0.346823393
0.3582863457
0.4009310277
0.4555906956
0.4265210902
0.3622259263
0.371866889
0.424595338
0.405169539
0.3940914422
0.3942006361
0.4015170175
0.3526140191
0.3354691055
0.3514175385
0.4332135271
0.3721247965
0.3155706694
0.326981355
0.413388975
0.4089856089
0.4213067405
0.3955051755
0.4183356806
0.3972444378
0.3847061607
0.4206890307
0.366133632
0.3467338589
0.3147375562
0.3029455336
0.3651619225
0.4138779613
0.4075739586
0.3930142288
0.4008390333
0.3949260924
0.3912251973
0.4310760975
0.4164262036
0.3832452566
0.3215186376
0.3065592465
0.3439691526
0.4218655978
0.4029162655
0.395937805
0.3657979871
0.3651393529
0.3544607218
0.3909717301
0.3734454764
0.3635712791
0.3226744947
0.3329052852
0.335245675
0.4194530843
0.3865077888
0.4022195362
0.3850988047
0.3805336449
0.3568321705
0.370861667
0.3972886782
0.4084747772
0.4146613536
0.403475636
0.3823614349
0.4227721811
0.4016552411
0.40040734
0.3663944553
0.3943150013
0.3870502281
0.3844793884
0.4031792667
0.4198583294
0.4468987062
0.4556346796
0.4414298883
0.3825769712
0.3531458955
0.3911976126
0.3829631902
0.406696901
0.3858653842
0.4361266801
0.4472224294
0.4106616568
0.4568459793
0.4618162745
0.4277706303
0.3784845355
0.4002691947
0.3984647665
0.3833541433
0.3815709907
0.3623400975
0.4382966562
0.4336743075
0.4379526636
0.4556360669
0.4290955638
0.401442536
0.4034252864
0.4197910826
0.4141114003
0.4041957058
0.3893682273
0.4035240244
0.4281932082
0.430426932
0.4510192674
0.3891430768
0.3156981433
0.3278792625
0.4376397284
0.417847843
0.424884965
0.3999914661
0.3717540645
0.405418021
0.400231475
0.3904026912
0.3803542737
0.3473133673
0.3053466832
0.319676298
0.4666794531
0.4445014235
0.4418358681
0.4103754765
0.3940105206
0.3839161053
0.3705664336
0.3686763362
0.3525007048
0.3231280329
0.3446444645
0.352196406
0.4714214167
0.4731203905
0.4737462197
0.4292301397
0.402135926
0.4222361797
0.4265153735
0.4682599033
0.4701707811
0.4207305913
0.4135528331
0.4730956648
0.4660895571
0.4890230186
0.4741911038
0.4647914791
0.4284672561
0.4248316982
0.4019892906
0.4595825763
0.4268782368
0.3682494038
0.3870821407
0.4860186585
0.4632514123
0.4905346658
0.470336074
0.4813137174
0.4625375989
0.4594106969
0.465848153
0.38747311
0.390829484
0.3792579361
0.3637169237
0.4256648807
0.4711489714
0.4606648994
0.4353420791
0.4497610384
0.4663796032
0.4486493974
0.4784813082
0.4369481425
0.4329416252
0.3757680746
0.369062345
0.401831302
0.4807663306
0.4887547363
0.4431606277
0.3965151495
0.4316586252
0.4344257218
0.4307798096
0.4030087834
0.3963771099
0.3657053803
0.3876422598
0.3963105184
0.4740739117
0.4717116765
0.4596815292
0.4451311064
0.4490579184
0.4026096448
0.4379225776
0.4376934421
0.4226622373
0.4414283821
0.4459946277
0.4281907078
0.4839400701
0.4853806906
0.4597126051
0.4301169255
0.4617183317
0.4496517893
0.4589270451
0.468461576
0.4446241233
0.4559505092
0.4561375024
0.4518585158
0.4672563496
0.4601659504
0.4511562596
0.4589938881
0.4806552121
0.4603749513
0.4733010051
0.469227828
0.4469627826
0.4606634371
0.4623143158
0.4433867108
0.4484171136
0.46364366
0.4386488452
0.4654810078
0.4509019072
0.4590519757
0.4728338023
0.4372728955
0.4596903074
0.4778309816
0.4585463949
0.4375571396
0.4654720555
0.468455855
0.4628997951
0.4738446138
0.4584053255
0.4580026091
0.492772379
0.4657938005
0.4861633719
0.4386064598
0.3353743957
0.4110909239
0.4832574858
0.4947365973
0.4946025371
0.4800537966
0.4331323268
0.4484189805
0.4651672708
0.4425222986
0.4164862901
0.4114829755
0.4009350929
0.3915696954
0.5091507967
0.486421257
0.4970999891
0.4730824508
0.4340558036
0.4413494874
0.4466538099
0.4374261362
0.4251638962
0.4191184586
0.4198108578
0.408562966
0.4385553568
0.4480237066
0.4542629104
0.4500620402
0.443064987
0.411157113
0.4281801076
0.5287891029
0.4139998969
0.3899422926
0.5105018412
0.5391171039
0.4380652204
0.4603342607
0.4591449186
0.4637628333
0.4793390342
0.4398439017
0.4367542286
0.5263839626
0.4088258969
0.4156341285
0.4221372982
0.5311522881
0.4506403145
0.4465846654
0.4316538598
0.4173317058
0.4475471059
0.4630816149
0.547455137
0.4180903226
0.4606877332
0.3954299508
0.406824489
0.4828731876
0.4646608381
0.4660125047
0.4545749296
0.4115418009
0.4181830345
0.4245681359
0.5567909325
0.4897359455
0.4781509709
0.365779803
0.404761923
0.4063247149
0.4611554867
0.4470378146
0.424276186
0.4137823547
0.4261782299
0.4097633805
0.5075696023
0.4960496923
0.4663921013
0.3614929796
0.3958585235
0.407861462
0.4765648754
0.485585878
0.4340498534
0.424652024
0.4114157105
0.4048352005
0.4001385171
0.3864825288
0.4949263117
0.5086190307
0.4982813845
0.5068357267
0.4558693912
0.4749183735
0.471083588
0.4844466118
0.4446359458
0.4393833017
0.4274872282
0.4322281565
0.4992640375
0.5239307929
0.5106578207
0.5254227315
0.4612140818
0.4814969343
0.4890992952
0.466849191
0.4507309527
0.440021416
0.5464365323
0.5512905603
0.4582304604
0.5135617717
0.5253683764
0.4320956329
0.4526990963
0.4692522247
0.497180582
0.4677467
0.4688145338
0.4615943118
0.5534584364
0.5404847197
0.5400796928
0.512219952
0.5115355006
0.4021759635
0.4575832035
0.4855711035
0.4778969287
0.4756398821
0.5159442879
0.5193621655
0.5352472196
0.5443629748
0.549366721
0.4269263448
0.4689197695
0.4000870783
0.4751326398
0.4865145365
0.4809363891
0.4673445582
0.4639526577
0.4539476521
0.4620724139
0.4473080305
0.4405071341
0.4249361228
0.4010624943
0.4043664569
0.5331777274
0.4596768957
0.4444648282
0.4634517479
0.4668257003
0.4710930188
0.4432497578
0.4321286065
0.4178167722
0.4184622997
0.4830721066
0.4118540764
0.4433515276
0.4552203605
0.4590501671
0.4743315545
0.4657555886
0.4542664015
0.472223074
0.4595577842
0.4518665118
0.4475678362
0.418328626
0.4294457167
0.4527120954
0.478884548
0.4908438959
0.4934041183
0.4984828389
0.4814602704
0.4708364435
0.4615979659
0.4456326634
0.464990842
0.4549873882
0.5339726624
0.464035296
0.4747567535
0.4827932116
0.4826345266
0.4985959473
0.4943858991
0.4736647098
0.4716654863
0.3961138097
0.4439908521
0.4536637779
0.4081930912
0.475016806
0.5000735118
0.4909441871
0.4774027139
0.4868938079
0.4745485741
0.431283868
0.3907186162
0.4844134904
0.4161750554
0.4569651032
0.4565440245
0.4904934246
0.486029551
0.4712056881
0.4661656775
0.4906374503
0.4760631014
0.4236292881
0.3806748116
0.4704454871
0.4255684413
0.4539919036
0.4470675803
0.5062815274
0.5082033835
0.4739507915
0.4753653825
0.4825675929
0.478289248
0.4720024779
0.4489983412
0.379321584
0.3993443603
0.4358277868
0.4541306161
0.4757353056
0.4960522262
0.4927906431
0.5025690961
0.492388372
0.4974504693
0.4775312357
0.469151419
0.4311498287
0.453550948
0.4520189577
0.460137346
0.4712806597
0.4949583982
0.4983103796
0.4806474184
0.4697514754
0.4797374078
0.4501196004
0.4747096962
0.4813837911
0.4507405094
0.4465296841
0.4580174505
0.4762029716
0.4792737765
0.4946133586
0.4802146958
0.4840264784
0.4823354872
0.4762459782
0.4719241186
0.4637097936
0.4315436316
0.4080732761
0.4302681314
0.479279757
0.4946747884
0.4935090395
0.4798332666
0.4399415942
0.4378584924
0.5297994311
0.4671244411
0.4553676772
0.45901701
0.4706122262
0.4323813031
0.4841310654
0.5105629932
0.5001113927
0.4869940095
0.4874861588
0.4837926896
0.4719601185
0.4705645459
0.4784057662
0.4597105739
0.4315348909
0.4333716264
0.4525345071
0.5046356218
0.4995656785
0.5001925075
0.4905712031
0.4898677192
0.4754176756
0.4552289856
0.4500144922
0.4499989301
0.4161869307
0.4328293402
0.373357708
0.3778266428
0.3784472756
0.397562032
0.3910330091
0.387423559
0.4126686808
0.4099647427
0.3964583475
0.3976303408
0.3768624876
0.3813466836
0.3751834611
0.3920388998
0.4029731514
0.4066200587
0.4176821612
0.4161263393
0.4183578378
0.4199621817
0.4004829119
0.4174143453
0.4047566666
0.3811391369
0.3834571905
0.3871163643
0.3869480112
0.3862831077
0.4123087414
0.4265508552
0.4349300671
0.4381331281
0.3727515427
0.4062146412
0.4084687812
0.3657568946
0.3901771655
0.4028126428
0.3852647271
0.373200447
0.3975239436
0.4093627828
0.4080548948
0.3830183423
0.297508111
0.3838116211
0.4117590493
0.4055959038
0.4040652926
0.3884620355
0.3618678386
0.3568544642
0.3941641261
0.4087412103
0.3934146112
0.3773678691
0.3060238233
0.3979739543
0.417170331
0.4049950354
0.4121768577
0.4046242691
0.3655255251
0.3671271007
0.3841971207
0.3988540722
0.4198238932
0.4167076736
0.3734371412
0.3896351462
0.4127663529
0.4208263699
0.3841145827
0.3987808349
0.3895081309
0.3980940005
0.398723065
0.4166131719
0.420219152
0.4260840038
0.4058897647
0.4335141734
0.4264221892
0.4276602311
0.3772409797
0.3980638642
0.3997354432
0.3893072409
0.3860724193
0.4127179462
0.4102555049
0.444224474
0.4481705797
0.4249023282
0.4137148228
0.4127560275
0.3865545931
0.3832834413
0.3967473713
0.3923592631
0.4044413811
0.4205241456
0.4364458578
0.4444709441
0.434525498
0.4020508277
0.3752142736
0.3796322746
0.3897589258
0.3952864416
0.3949671189
0.3896041092
0.3746968152
0.3874046654
0.4010139382
0.4279578251
0.4116590383
0.4101918108
0.4202416512
0.3787111528
0.3924857581
0.4096912339
0.3980749238
0.3932089764
0.4026085143
0.4048734392
0.3971199616
0.4037992121
0.4153258184
0.4028114637
0.3799019695
0.3801687329
0.3723119015
0.4071387956
0.3971036254
0.4041388628
0.403027749
0.409512741
0.3983682712
0.3821157879
0.383989479
0.3899734686
0.3684658566
0.3845023105
0.3316968286
0.3298652624
0.3288131372
0.3481008045
0.3444667868
0.3426199067
0.364345976
0.3596394838
0.3504219539
0.3532940643
0.3292821832
0.3301394928
0.3263525226
0.3341644699
0.3432434786
0.3497791955
0.3651503387
0.3679149095
0.3698480425
0.3719351768
0.3576138405
0.3773629632
0.3589282483
0.3363814409
0.3319276092
0.3276730944
0.3233766985
0.3220050325
0.3516757084
0.3676742494
0.381351028
0.3870351391
0.3364550085
0.3677926844
0.3680210032
0.3220384488
0.335599103
0.3392943399
0.3166531192
0.3031433224
0.3316793543
0.3459478281
0.3501144892
0.3334294717
0.289536648
0.3473566304
0.3766830452
0.3616353702
0.3471415935
0.3260116453
0.2917557696
0.2845495518
0.3252671937
0.3461901924
0.337390683
0.3284217415
0.2954640567
0.3566718589
0.3790733917
0.3602710313
0.3501255243
0.3393019483
0.2972373506
0.2964858876
0.3161476734
0.3377740033
0.3662231652
0.3653005671
0.3329859064
0.3414972446
0.3664085602
0.3738244548
0.3216353449
0.3362132217
0.32638353
0.3322143253
0.3348653997
0.3573622621
0.3694654712
0.3776398946
0.3617464449
0.3858232541
0.3806714901
0.3828190624
0.3156395211
0.3377785764
0.3402473454
0.329550264
0.3277005183
0.3561341353
0.3610582548
0.3996355611
0.4063531907
0.3806386309
0.3675609225
0.3679973151
0.3296049478
0.325596591
0.3374071016
0.3325399912
0.3446814597
0.3651576279
0.3876071117
0.4009105205
0.3914471204
0.3570011789
0.3346829905
0.3405383988
0.3335824341
0.3352912265
0.3333014049
0.3261230962
0.3172763058
0.3361774119
0.361388358
0.3824019305
0.365687158
0.3690448167
0.386269788
0.3461629913
0.3304408588
0.3445590803
0.3309068138
0.3278913004
0.3421247834
0.3488817192
0.3438377979
0.3536310356
0.3683445009
0.3607749911
0.3431614012
0.3476069615
0.3123868951
0.3402724899
0.3287123397
0.3357360385
0.3446385672
0.3590889715
0.3499662385
0.3349337811
0.3391548704
0.3445707576
0.3264999863
0.352039356
0.3295130074
0.3249483038
0.3232812899
0.3415157015
0.3401435797
0.3379715758
0.352641843
0.3445642286
0.3400138028
0.3440813627
0.3154715735
0.3127614955
0.3218636642
0.3258977736
0.3340103222
0.342146359
0.357376572
0.3584514115
0.3551906416
0.3533394895
0.3445803929
0.3657632676
0.3426793726
0.3170979866
0.3254674355
0.3198832682
0.3148528976
0.3127052188
0.3399887764
0.3491560136
0.3573548725
0.3586369103
0.3148019525
0.3528423369
0.3548750739
0.3084111964
0.3277456755
0.3285332908
0.3047409133
0.2905171543
0.317447786
0.3245272971
0.3181614413
0.2953535792
0.2592131332
0.3264269763
0.3674606195
0.3494788769
0.3380488213
0.3171303949
0.2798261188
0.2701805274
0.3094530654
0.3265089094
0.3107480378
0.2918542012
0.2646069722
0.3300574854
0.3648610493
0.3441276952
0.3388678737
0.3279475761
0.2855869623
0.2827574846
0.3019331477
0.3226680671
0.347349829
0.3382635371
0.3022427309
0.3098760191
0.3411494612
0.3536096322
0.3100757527
0.3252580663
0.3155760929
0.3188937684
0.3219790108
0.3430804214
0.3531875817
0.35558453
0.3385029078
0.3582844403
0.3583510697
0.3631046171
0.3052232618
0.3271503552
0.3297391492
0.3180336399
0.3155962604
0.3389073636
0.3406217951
0.3768677585
0.386246815
0.358953068
0.3474883014
0.3522260848
0.321077735
0.3174808016
0.3268439849
0.3195992156
0.3283595159
0.3458626301
0.3639670354
0.3782174905
0.3698766022
0.337311563
0.3212321147
0.3331655221
0.3254184828
0.3263964176
0.322333797
0.3109781293
0.3014201952
0.3167965891
0.3407112542
0.3615215188
0.3489192019
0.3586224907
0.3789841425
0.3455559303
0.3189037142
0.332768323
0.3187982608
0.3145286206
0.3287346619
0.335074979
0.3291981304
0.3408602997
0.3571149448
0.3532212825
0.3388087605
0.3470636954
0.3023543775
0.3272221511
0.3170999222
0.3219948289
0.3346874695
0.3520372282
0.3428605601
0.3286146478
0.3334016785
0.336627255
0.3178157758
0.3491299355
0.3423418496
0.3369241268
0.3349262336
0.352165042
0.3528149566
0.3500986888
0.3592474479
0.3497767515
0.3467347234
0.3513294551
0.3219975761
0.316508098
0.3346627717
0.3374638382
0.3447853773
0.3540024045
0.3682415379
0.3668184541
0.3597979745
0.3547214402
0.3477049463
0.3681882716
0.3445172118
0.3179751882
0.337320416
0.3325946525
0.3277564148
0.3248919907
0.3491285947
0.3524171931
0.3558395292
0.3521799946
0.3120455025
0.3530916874
0.3562919794
0.3135667948
0.3385183178
0.3388688303
0.3153156183
0.3004177129
0.3251689066
0.3263535256
0.3118217789
0.2850132575
0.2472135051
0.3225285867
0.3696723727
0.3533002672
0.3480457592
0.3290300289
0.2905939396
0.2785849675
0.3155846711
0.3287957584
0.3084721693
0.2824538239
0.2521853642
0.323258905
0.3648615431
0.3456939813
0.3485753397
0.3381077782
0.2961736387
0.2912199419
0.3091853325
0.327757352
0.3479803172
0.3327643351
0.2941574565
0.30357278
0.3396479564
0.3545770237
0.320193607
0.3352069157
0.3254376221
0.3266014835
0.3296847252
0.3482899379
0.3549696696
0.3523503454
0.3356106128
0.353791851
0.3583876891
0.3642956545
0.3164276916
0.3369842263
0.3390951122
0.3267745167
0.3237380881
0.3419985734
0.3414967966
0.3742973009
0.384311522
0.3585618255
0.3490798884
0.3553613217
0.3323480872
0.3292752783
0.3363451744
0.3274252727
0.3335206814
0.3480463237
0.3623394501
0.3766306274
0.369023255
0.3395259563
0.3276925069
0.3412418892
0.3366316925
0.3376629872
0.3320924493
0.3179918854
0.3080653003
0.3194663451
0.3393613765
0.3609277475
0.3518150983
0.3645846943
0.3846726132
0.3569467055
0.3287843523
0.3423441456
0.3289419138
0.3236332342
0.3367817064
0.3415734899
0.3336228428
0.346231915
0.3626621581
0.3609146847
0.348415242
0.3585322573
0.3141951867
0.3362594623
0.3278227536
0.3309744521
0.3449870677
0.3627353581
0.3522487801
0.338280969
0.3426978651
0.3448321807
0.325615571
0.3584374215
0.3591114963
0.3542268785
0.3526238582
0.368681477
0.3718843792
0.3680290984
0.3722241335
0.3617229169
0.3583023848
0.3631767393
0.3338609491
0.3258256105
0.3525608986
0.3553158832
0.3618659343
0.3720367978
0.3860527007
0.3818212739
0.3716517322
0.364227513
0.3567818745
0.3758955557
0.3527887286
0.3262553349
0.3546489648
0.3516548622
0.347068091
0.3433529165
0.3652030077
0.3632883505
0.3631172106
0.3570686238
0.3202716695
0.3615539088
0.3636776144
0.3252156273
0.3549669555
0.3560481727
0.3328235087
0.3164141151
0.3394576171
0.3358059235
0.3165206396
0.2907188627
0.2546807943
0.3304423533
0.3771778838
0.362842426
0.3639667936
0.3473857053
0.3082089274
0.2930348846
0.3280931558
0.3381448299
0.3161474237
0.289343645
0.2585292238
0.329307109
0.3717362049
0.3545501396
0.3653042089
0.355666607
0.3138103734
0.3059119072
0.3223298367
0.3384708996
0.3559078506
0.3383586759
0.2994947275
0.3101396933
0.349113465
0.3645653775
0.337439857
0.3523396463
0.3421086993
0.3408902304
0.3434673593
0.3594323487
0.3633568923
0.3576841973
0.3423270245
0.3606287772
0.3687130653
0.3748055958
0.335388834
0.3545448247
0.3556593831
0.3423973814
0.338706216
0.352478354
0.3507596184
0.3812329066
0.3915957493
0.3683294802
0.3607332684
0.3670041481
0.3506932635
0.3482499108
0.3533095568
0.3428265004
0.3471045872
0.359710788
0.3713858629
0.3853322299
0.3779201109
0.3512813213
0.3427238441
0.3556778826
0.3545892136
0.3560414892
0.349289314
0.3327834631
0.3231433828
0.3320701066
0.3484916781
0.3696854651
0.3626448872
0.3774532268
0.3970326148
0.3728877151
0.3456533326
0.3588558368
0.3461751959
0.3401096977
0.3528015741
0.3564556072
0.3461722467
0.3583970481
0.3742556208
0.3737520817
0.3628331081
0.3738343339
0.3314113124
0.351781475
0.3448947365
0.3467604218
0.3618711534
0.3798112482
0.367680998
0.3523084747
0.3554809428
0.3569484028
0.3377128839
0.3698305894
0.696269007
0.6955874669
0.6633935777
0.6003266965
0.5418276333
0.696657361
0.6983327661
0.69566614
0.6499311152
0.5739516677
0.6911254454
0.6953227521
0.694558683
0.6597629131
0.6264718397
0.6711607403
0.6855455993
0.6310176222
0.5868765223
0.592914668
0.6507192201
0.676383701
0.6575495578
0.6649020092
0.6802400684
0.6861391159
0.6521528716
0.5789079314
0.5320694196
0.5556829787
0.6904119692
0.6521906557
0.5189279031
0.4495497113
0.4502951364
0.6851461859
0.5723887768
0.4536095472
0.3946643197
0.390087785
0.5803285722
0.4770586567
0.4219652117
0.4052659867
0.4189151453
0.4824822047
0.43895183
0.4274574114
0.4369948263
0.4516334996
0.4978347703
0.5090438713
0.5241341323
0.5257940091
0.5084507662
0.545664205
0.5555801139
0.5422296548
0.5147832057
0.4774948498
0.6608123425
0.6585322976
0.6239291841
0.5622948849
0.4901623105
0.6609541076
0.6677307544
0.6611786288
0.6118868558
0.5269182705
0.6434352116
0.6577814421
0.6570850653
0.6217936559
0.5796201247
0.6104086785
0.6260708325
0.5757544812
0.534596279
0.5321922265
0.5910517464
0.6093079613
0.5865505051
0.5902240629
0.6044520905
0.6281157677
0.5865855536
0.512056974
0.4663997737
0.4811646661
0.6391640047
0.5833438543
0.4604877796
0.4007444423
0.3974162284
0.624121064
0.5121045815
0.4072795462
0.3585111999
0.3510439728
0.5260392591
0.4347907907
0.3883574987
0.3773798824
0.386013994
0.4418511264
0.4056519659
0.3988623815
0.4108464096
0.4180430587
0.46280099
0.4759155505
0.4920190212
0.4955868729
0.4687787105
0.5108887967
0.5208679942
0.5081470872
0.4815336676
0.4304086008
0.5924072399
0.5902765039
0.5561112964
0.4960613126
0.4112460482
0.5884354583
0.600437818
0.5956208262
0.5482530261
0.4559777892
0.5655755614
0.5850905408
0.5866446445
0.5541723941
0.5033661397
0.5302777349
0.5446057718
0.4962192167
0.4561801183
0.4434305661
0.5122477335
0.5221773309
0.4915787964
0.4838905777
0.4825750692
0.5480892524
0.5000749784
0.4220062508
0.3742833481
0.3765285717
0.5597828614
0.4982975891
0.3848946238
0.3311598089
0.3217066149
0.541496507
0.4385780261
0.3462825803
0.3053138273
0.294345092
0.4502640565
0.3707579313
0.3308250322
0.3230859319
0.324970849
0.3744858133
0.3429932336
0.3371819916
0.3480134616
0.3449416327
0.3974749744
0.4091015802
0.4230142377
0.4254192187
0.3868318231
0.443200522
0.4525760504
0.4403317191
0.4135430999
0.3489143203
0.5247859094
0.5241397575
0.4920080181
0.4331393933
0.3384243072
0.5135280764
0.5261916261
0.5239355155
0.4798743984
0.3819465447
0.491341927
0.5071530721
0.5074730445
0.4769091737
0.4183802688
0.4623323518
0.4748136267
0.4278969932
0.3883226816
0.3656479335
0.4466270643
0.4563876245
0.4248486426
0.411155876
0.3963457902
0.4807630323
0.4364804998
0.3619695032
0.3163558535
0.3116416651
0.4941310887
0.4394675323
0.335106725
0.2849028995
0.2706668134
0.4782919006
0.3867671336
0.3019675721
0.2628998836
0.2470363769
0.3935642416
0.3205388907
0.2820719022
0.2724987415
0.2655981954
0.3190205567
0.2877173224
0.2795900276
0.2869202863
0.273436585
0.3383857019
0.3462852881
0.3570822713
0.3573400242
0.3083450233
0.3798222102
0.3877689624
0.3758737805
0.3485238034
0.2731228566
0.4731344856
0.4717587571
0.4397027213
0.380572453
0.2785060387
0.4561623014
0.4658026384
0.4616257004
0.416882197
0.3135365895
0.4320585201
0.4403436838
0.4352887407
0.4040549395
0.3393615222
0.4100631872
0.4195878507
0.3749889834
0.3396102274
0.3123671259
0.4002761647
0.4145046492
0.3884294047
0.3783673233
0.3611499285
0.4314954629
0.3991977946
0.3341973112
0.2948277941
0.2888741473
0.4484971368
0.4061571635
0.312442041
0.2685067312
0.2518662514
0.4347709346
0.3552803729
0.2785873871
0.2405135241
0.2208156224
0.3599253553
0.293771445
0.2579830491
0.2471156611
0.2325273585
0.2884319932
0.2594532561
0.2521776161
0.2591787714
0.2384904656
0.3065317914
0.3140114857
0.3241800717
0.3235454617
0.2663929459
0.344033698
0.3504242131
0.3374412631
0.3077045812
0.2235382363
0.4253142434
0.4225079166
0.3906623883
0.3326015103
0.2281920886
0.4123317534
0.4193615972
0.4128448064
0.3669261139
0.2610687083
0.38600708
0.3871589991
0.376638881
0.3473020662
0.2786665345
0.3723316848
0.3785672015
0.3356957068
0.3065306722
0.2790922439
0.3703652501
0.3879471311
0.3644972775
0.3606392427
0.3453173017
0.3963481032
0.3747015267
0.3166642836
0.2842118462
0.2782747819
0.4166072665
0.3838629466
0.3016495693
0.2662531935
0.2502204357
0.4006844482
0.3337812075
0.2669675772
0.233258566
0.2118415078
0.3382729164
0.2823158761
0.2532704008
0.2452760205
0.2240808123
0.270190142
0.2488134069
0.246747001
0.2582807974
0.233199205
0.2877635036
0.3004402566
0.3144919474
0.3162043833
0.2519413173
0.3191673021
0.3267635991
0.3157319735
0.2856488166
0.1965862918
0.4048462079
0.4009833112
0.3723851768
0.3184040131
0.2127717383
0.4000100491
0.4021575201
0.3973395934
0.3571872751
0.2490351107
0.380070944
0.3671321124
0.3524269244
0.331266298
0.2641723389
0.3710201626
0.3755050085
0.3264846136
0.302595369
0.2785674307
0.3790542239
0.3967949731
0.3640568109
0.3593777086
0.348309752
0.3940153149
0.3783306517
0.3158835715
0.2867491419
0.2857181474
0.4245415497
0.3988089987
0.31051963
0.28821857
0.2736877512
0.4064823586
0.3477066153
0.2900163452
0.249013828
0.223351371
0.347054859
0.303999026
0.2847944183
0.2781128078
0.2476664769
0.2831761216
0.2673375719
0.2698073013
0.2894811936
0.2586752148
0.2952247123
0.3159020497
0.3354122946
0.3426864238
0.2717963532
0.3199401306
0.3350338663
0.3288193239
0.2993459223
0.2042196401
0.3771197457
0.3821572361
0.3594963469
0.317609247
0.2320025915
0.3940895832
0.4037950201
0.4038930541
0.3748218745
0.2697939301
0.3773966958
0.3644126147
0.3574748281
0.3453898635
0.2729475433
0.3747815279
0.3819500977
0.3370530071
0.3190164448
0.2910803242
0.3987635035
0.4278859016
0.3681412102
0.354104288
0.351204839
0.3962262586
0.3935481979
0.3316781055
0.2997713998
0.2889438051
0.4267655672
0.3981316756
0.3151481307
0.3045875005
0.3062453275
0.3971607885
0.3618251761
0.3098797031
0.2757448505
0.2470701903
0.3574576048
0.3333090756
0.3312930036
0.3266876207
0.2698690368
0.3035277583
0.3014955538
0.3084913422
0.3468098584
0.3096027996
0.3024162019
0.3327408134
0.3594294894
0.3830456377
0.3016864899
0.3014193644
0.3208827042
0.3280241096
0.3100250241
0.2287678733
0.4052402039
0.4175282567
0.4097142293
0.387514768
0.3032502033
0.4493755685
0.4553142465
0.4526208439
0.431856262
0.3345382226
0.4288801823
0.4096608243
0.3962334883
0.4113348413
0.3357842323
0.417199338
0.4283499314
0.3910269291
0.3804302977
0.3570735367
0.4290468523
0.4505579495
0.4036887024
0.3876666667
0.3720602841
0.4234410557
0.4367421899
0.3947405165
0.3711637025
0.3315511008
0.4428399539
0.4458821064
0.4033982028
0.3664306336
0.3455243547
0.4369115422
0.4008708457
0.3734473678
0.350997412
0.3054165093
0.4041348682
0.3740702211
0.3756965235
0.3901166215
0.3315119978
0.3570874571
0.3428658441
0.346347247
0.3896541504
0.3450140064
0.3535202162
0.3808615675
0.3979508856
0.4110754904
0.3176881938
0.3061387848
0.3335971542
0.395054002
0.3806123019
0.2758952481
0.4216371751
0.4216380184
0.4139950926
0.3916410577
0.2838966739
0.4093280945
0.4097992195
0.4095346698
0.496789402
0.3629089019
0.4166362516
0.4464337855
0.4638830516
0.4256220868
0.3545540033
0.4088688834
0.3934213517
0.4060968908
0.3941586775
0.3240749836
0.5097659024
0.5153268272
0.3775961117
0.3617868675
0.4337731317
0.4141799806
0.3913181776
0.4091903197
0.4084172964
0.3498232294
0.5012656472
0.4803604379
0.3938247095
0.3574392246
0.3703270663
0.4916882854
0.463984098
0.3908253398
0.3679514771
0.3046138148
0.3782949862
0.3707560284
0.4346767728
0.4317882539
0.3702366342
0.4117082543
0.4000704081
0.3729027262
0.4484642416
0.3828746708
0.4193873216
0.3916589351
0.3910526661
0.4466224175
0.2914231498
0.4266072373
0.4425968672
0.4095889525
0.3798691507
0.2659109857
0.4677159669
0.4706184356
0.4602167059
0.416943036
0.2688077395
0.454011032
0.458109514
0.4472277412
0.4097599296
0.2939352166
0.4703597282
0.48372085
0.4925415349
0.4635577164
0.3448697672
0.4669335618
0.462485342
0.4680325047
0.452021009
0.3524153865
0.3931835983
0.3681534805
0.444680478
0.4260885854
0.3109117286
0.4642308782
0.441638571
0.4671398877
0.4562904189
0.3614558089
0.4357436814
0.4157682473
0.4294346125
0.3959778192
0.3043514018
0.421234868
0.402971242
0.4219934496
0.3990856656
0.3110909149
0.4150045088
0.3940775455
0.369191115
0.4239150436
0.3455781984
0.4213769153
0.4098270221
0.392496169
0.3731867997
0.3479755789
0.4320945436
0.4212077424
0.4044108389
0.38519929
0.2646874914
0.4459657212
0.4590978449
0.4295642097
0.3879420345
0.2436776993
0.4149835635
0.4119631947
0.3943684926
0.3345100774
0.1654567745
0.3975485455
0.3978769591
0.3844713182
0.3474942322
0.2149067391
0.4085884206
0.4180630851
0.4216953266
0.3870094616
0.2455371478
0.4043890005
0.3941712265
0.3962202771
0.3753684572
0.253283537
0.3583291319
0.3394033247
0.3928856827
0.3692282764
0.2539454403
0.4146206148
0.3871666993
0.4075869647
0.3949042351
0.2785740867
0.4047407958
0.386309953
0.3898141077
0.3557841726
0.2525174433
0.3837794941
0.3701889076
0.3808503005
0.3552583465
0.2460642167
0.3676991707
0.349802202
0.3379823281
0.3248230043
0.287629633
0.367468249
0.3611965424
0.3462427063
0.3318865037
0.242628053
0.3823832154
0.3751875019
0.3561942046
0.327744342
0.1879873509
0.4038080563
0.4107814977
0.3781200073
0.3200015634
0.1563365581
0.3697336344
0.3699031397
0.3439577179
0.2666280764
0.09476996836
0.3525081814
0.3531035929
0.3304029052
0.2788376501
0.133991095
0.3610902183
0.3731165746
0.3714730353
0.3269646774
0.1706989153
0.3507335009
0.3393402026
0.3426630602
0.3144478456
0.1768040452
0.3056155938
0.290122823
0.3416064613
0.310278477
0.1794794583
0.3606642453
0.3355734556
0.3603258703
0.3439603341
0.2108839654
0.3603551459
0.3456896026
0.3520506065
0.3148393521
0.1923287936
0.3400970101
0.330527143
0.3441463403
0.3176319043
0.1936162273
0.3334607938
0.3174701596
0.3124633025
0.3007805731
0.2451430447
0.3397694602
0.3352905627
0.3146699158
0.2990715384
0.195895316
0.355174301
0.3478485393
0.3230741862
0.2805417232
0.131378793
0.3766130444
0.3776850071
0.337314378
0.2615368054
0.09513971711
0.3572660981
0.360731774
0.3272887348
0.2358376443
0.06623627915
0.3405262669
0.3432789349
0.3123361171
0.2453241587
0.09409035104
0.3507843352
0.3654466876
0.3596878089
0.3045934683
0.1364740281
0.3380652736
0.3290989881
0.3315960731
0.2940422206
0.1440751591
0.2875652128
0.2774316892
0.3254122073
0.2843125794
0.1406406328
0.3419004333
0.3233679414
0.3498401303
0.3271819174
0.1793329069
0.3428356011
0.3324997553
0.3410360155
0.2989178082
0.1602079812
0.3253531395
0.3193610706
0.3347103025
0.3039450491
0.1675515877
0.328989781
0.3134621297
0.307661339
0.2887988016
0.1889243972
0.3410499198
0.3347346736
0.3071046626
0.2825313733
0.1611921337
0.3557516324
0.3456458121
0.3148064088
0.2581617187
0.1023653102
0.3740670241
0.3690668152
0.3212553769
0.2311803688
0.06728311221
0.3611114761
0.3645088569
0.3238269295
0.2214433117
0.0542584541
0.3448289673
0.3479166225
0.3108117793
0.2316133236
0.07654105377
0.357226872
0.3728824235
0.363155923
0.2980379588
0.120037959
0.3446206007
0.3380654112
0.3378024269
0.2906237063
0.1297289222
0.2938683119
0.2876846835
0.3271619208
0.2765127192
0.1250768827
0.3445501192
0.3315800444
0.3564359006
0.3260784746
0.1647945975
0.3460237556
0.3381341542
0.3449984934
0.2959956324
0.1454982969
0.3308213609
0.3268622586
0.3395625661
0.3015682565
0.1526176436
0.3372029548
0.3218667352
0.3138661837
0.2856805368
0.1718387023
0.3521356376
0.3426237157
0.3098834449
0.2754723409
0.1385721505
0.3658693397
0.3521886393
0.3160403684
0.2475133716
0.0864919125
0.3808295129
0.369840861
0.3154956025
0.2145188285
0.05387040275
0.3677220195
0.368225245
0.3192871164
0.2067570135
0.04368604906
0.3533727019
0.3540314511
0.3095792162
0.2184752924
0.0619502375
0.3686011442
0.3827941961
0.3673108792
0.2908748899
0.104287186
0.3573215643
0.3515752298
0.3462143438
0.2876259532
0.1161298407
0.3095075049
0.3047400661
0.3329912287
0.2709936289
0.1125446307
0.3557488331
0.3461103702
0.3670635514
0.3263683034
0.1511025542
0.3576633131
0.3500498846
0.3524387264
0.2948222393
0.1315136045
0.3440484853
0.3403942315
0.3476463289
0.2988942652
0.1360783319
0.3498362054
0.3335301626
0.3208035439
0.278279566
0.1443619415
0.3658336867
0.3515958881
0.3135084352
0.2676477834
0.1178180657
0.3779968975
0.3590728905
0.3160514498
0.2355234244
0.0711145986
0.3880307526
0.3698143512
0.307727678
0.1969033214
0.04204628043
0.5420529762
0.5299762188
0.4980936798
0.4595255365
0.4182719086
0.5601641173
0.5590421176
0.5369226881
0.5050363563
0.47145363
0.5972868146
0.6312786907
0.6509695385
0.6700129304
0.6813457206
0.5879317171
0.632112776
0.6507658627
0.6754182415
0.6757016409
0.5835403542
0.5625657286
0.5046236419
0.4544479437
0.4557887718
0.617395337
0.5505620567
0.4561948405
0.3905887504
0.384264835
0.6362663543
0.526555186
0.4302516007
0.3854539044
0.3903955293
0.6780038784
0.6120363505
0.5450684386
0.5349302718
0.5761866231
0.6915231351
0.688953581
0.63807888
0.5900635063
0.5860835386
0.6968447563
0.6933022255
0.648078817
0.5843871945
0.554915374
0.6988530734
0.6894167841
0.5850006767
0.5014496211
0.4460656712
0.6300281537
0.5293619051
0.4440725036
0.3836599991
0.3395962553
0.5080457643
0.4962175347
0.4652073672
0.4278776526
0.3745088554
0.5247728765
0.523818182
0.5021766362
0.4706271945
0.4270549156
0.5569152165
0.5864262078
0.6020695594
0.6172737704
0.6169853834
0.5453415714
0.580476152
0.587543017
0.5998289551
0.592864734
0.5427669315
0.5198555259
0.4596355247
0.4088362909
0.4010026706
0.5756951016
0.5131040541
0.4226549944
0.3590441961
0.3454396863
0.5878459511
0.4884910281
0.3988918089
0.3536631081
0.3493975364
0.6234417153
0.5624686365
0.4966717347
0.477590285
0.4999989273
0.6382143529
0.6305529723
0.5774995829
0.5287133817
0.5121706483
0.6518303834
0.6418035471
0.5943024819
0.5344006606
0.4961612464
0.6602939619
0.6404339037
0.5457359377
0.4710821892
0.4105958591
0.5953395694
0.5042173651
0.4282278114
0.373840411
0.3213542067
0.4430237521
0.4332169649
0.4045441512
0.3684264158
0.3038506913
0.453883805
0.4534487636
0.4330888455
0.4019901207
0.3483629889
0.4767022815
0.4989858956
0.5095790904
0.5201818682
0.504835073
0.4633829237
0.4868300239
0.4845536022
0.4886027577
0.4696997886
0.4656317701
0.4423251547
0.38671814
0.3421377239
0.3292594077
0.4961042977
0.4419665834
0.3636814643
0.3094618276
0.2924689959
0.5031941491
0.4183803957
0.3437789593
0.3069882052
0.2994963462
0.5354318995
0.4804938086
0.423029781
0.4066848995
0.4205267915
0.5456010311
0.53596133
0.4877047614
0.4446552923
0.4214859151
0.5578191636
0.5484570668
0.5063258451
0.4542066239
0.4095132487
0.5730342793
0.5522626946
0.4720939923
0.4082916771
0.3442027918
0.5257525222
0.4476111629
0.3833185524
0.3353199883
0.2755667367
0.3824290417
0.3742311507
0.3471362373
0.3109632343
0.2367671698
0.3895175383
0.3883640141
0.3682308768
0.3367047005
0.2736008214
0.4077571691
0.4241341733
0.4300820484
0.4362162921
0.4082127491
0.3983401518
0.4177034755
0.4121619357
0.4132330147
0.3864937328
0.4014734144
0.3815202425
0.332832855
0.2956666869
0.2811825821
0.4254698254
0.3794733514
0.3143284482
0.2720449231
0.2563386829
0.4248125949
0.3525299385
0.2937976213
0.2702583287
0.2652614932
0.4579583574
0.4107157364
0.366221499
0.3620341432
0.3768847355
0.467916121
0.4628958372
0.424169653
0.3901289381
0.3646880905
0.4781469319
0.4757017641
0.4413107866
0.3962506026
0.3476547571
0.4942574954
0.4788582686
0.4093290637
0.3517029287
0.2832457453
0.4590786599
0.3918942081
0.3353543751
0.2904953991
0.2238383579
0.3473880455
0.3392836524
0.3124638195
0.2742903311
0.1909527361
0.3538969796
0.3531173313
0.3328232755
0.2997427508
0.2276212451
0.3722294783
0.3876235082
0.3936108587
0.3977367192
0.3602884883
0.3719876186
0.395053078
0.3912252306
0.3906395895
0.3583454765
0.3722320049
0.3574518445
0.3140595987
0.2794374746
0.2614348807
0.3837349101
0.3445992193
0.2892492077
0.2545356831
0.2389347697
0.3752238572
0.3128005178
0.264713032
0.2491904521
0.2445797212
0.4135471489
0.3768928713
0.3429679134
0.3456524144
0.3595510632
0.4292193607
0.4334080464
0.4026140025
0.3720203427
0.341705435
0.4442815789
0.4480083204
0.416296958
0.372932029
0.3199373727
0.458519786
0.4470136648
0.3808007604
0.3232422709
0.2482138015
0.4245743525
0.3637458255
0.3094508691
0.264561907
0.1907347713
0.3216630625
0.3170976468
0.2946643138
0.2592151594
0.1686529125
0.3289279342
0.3342025438
0.3192197069
0.2889666699
0.2108595725
0.3457716475
0.3639381069
0.3765650062
0.3861759963
0.3435154652
0.3547776695
0.3845262385
0.3877756739
0.3897800851
0.3532792274
0.3499840195
0.3407369317
0.3043681227
0.2716189542
0.2484633439
0.3487953792
0.3151745425
0.2697574762
0.2405945761
0.2233181821
0.3371377956
0.2835004969
0.24380669
0.2318021717
0.223893688
0.3874321279
0.3584889865
0.3322280319
0.3311923026
0.3366136382
0.4077970086
0.4200145649
0.3923101845
0.3593828354
0.3187541622
0.4263249756
0.4329666099
0.40026546
0.3548281644
0.2942238768
0.4394830474
0.4314960467
0.3666903711
0.3065248812
0.2247396127
0.4032910923
0.3478365929
0.2955744339
0.2520311282
0.1741109699
0.3193639999
0.3224593149
0.3051353618
0.2749525899
0.1807901281
0.3255404248
0.3402199618
0.3328329259
0.3064335166
0.2220600469
0.3394460464
0.3514570107
0.3782595488
0.3950291155
0.3483161878
0.3487122866
0.3846457467
0.3988031859
0.4053740142
0.3673520749
0.3434380257
0.3356593285
0.3065149632
0.2756506876
0.2496084548
0.3183318859
0.2919619317
0.2686761109
0.2422058646
0.2236703539
0.3081521942
0.263956216
0.24669689
0.2325354578
0.2212195297
0.3796262493
0.3612253941
0.3410381223
0.3252544071
0.3189116385
0.4057775113
0.4227746966
0.3965394507
0.3497769952
0.2948911406
0.4260612976
0.4303317927
0.388737545
0.3415523377
0.2843779843
0.438114555
0.4287735649
0.3629887119
0.3021698644
0.2169040739
0.4044486333
0.3547996301
0.3055393019
0.2665851262
0.1868990769
0.3035163488
0.3151724886
0.3181815488
0.3127864495
0.2273163266
0.3136558921
0.3425160322
0.3531958616
0.3393126486
0.2523643242
0.3189392594
0.3203769237
0.359329366
0.4018509932
0.3555342419
0.3548410398
0.3820373928
0.4135413882
0.425076521
0.3821942807
0.348602521
0.3415779644
0.3239018622
0.2994355107
0.2645202413
0.3053551803
0.2878035024
0.2764079125
0.2630155922
0.2503506679
0.3120899891
0.2645060188
0.2591771013
0.2548037246
0.2432719166
0.380062251
0.3605478968
0.36220686
0.3233993377
0.3054394615
0.4004577387
0.4223766593
0.3991237955
0.3512930799
0.2892908938
0.416360753
0.411902524
0.3769309032
0.3343723607
0.2802004033
0.4108782447
0.4171196931
0.3727333785
0.318406575
0.2327836976
0.3617897856
0.3309045046
0.3014745672
0.2768803244
0.2183793159
0.3445887698
0.3510863363
0.3554779616
0.3580707469
0.2735143727
0.3759061212
0.387253298
0.3819639694
0.3649223662
0.2792413562
0.3961751561
0.3908265814
0.3925438578
0.4085795431
0.3470643889
0.4117874105
0.4328373778
0.4647392758
0.4501089799
0.3977351004
0.4040158518
0.3795606053
0.3758891797
0.3467893769
0.3172067215
0.3263044702
0.2938596347
0.3238562877
0.3270425943
0.3161747384
0.3759402831
0.301428844
0.3601723944
0.3351321816
0.3210157723
0.4650050145
0.4467405764
0.4419129294
0.4032414929
0.3458385903
0.4855041039
0.4879886236
0.4597603257
0.4296634758
0.3415934627
0.4633449999
0.4497064592
0.4334292589
0.4186616626
0.3337338843
0.4389825291
0.4644808353
0.4422018391
0.4079532957
0.3077752461
0.4127540013
0.4108343482
0.3902266086
0.3725310619
0.2997016397
0.4190260958
0.3935618431
0.3604273249
0.41255655
0.2968501364
0.3751002713
0.4464856846
0.4294994988
0.4024004396
0.2842118449
0.4087779235
0.4074939398
0.3768539469
0.4583284785
0.3955428641
0.4092836134
0.3905576286
0.5064672814
0.5264372053
0.4642877604
0.4271302141
0.3996800179
0.33997923
0.4102826568
0.3821208843
0.4523526532
0.4288458864
0.3870222521
0.3437926126
0.3650590633
0.5159588163
0.5169809419
0.4199910353
0.3911480516
0.3101940258
0.4557852363
0.4400336962
0.520544401
0.3989353707
0.3514484802
0.4658721124
0.4603928983
0.4485972108
0.4201166055
0.3836539665
0.4561691043
0.4548162697
0.448157755
0.4300345211
0.3554590366
0.4750639076
0.4541057001
0.4428014629
0.4157267974
0.3123241908
0.4509447582
0.4209659809
0.3972306283
0.3755117621
0.3305049142
0.4515562888
0.439103321
0.402818227
0.3416377473
0.2257605038
0.4293768218
0.3922187958
0.3593311012
0.3215641925
0.2536403558
0.4643283757
0.4668616401
0.4368994557
0.3812251887
0.2976114849
0.4567064625
0.4214415379
0.5018452201
0.5142375005
0.439199297
0.4607542751
0.4453153532
0.4052038374
0.3517303288
0.3858935464
0.458787719
0.4401163695
0.4262154896
0.4080301367
0.2916614141
0.5155652792
0.5029757168
0.4605132329
0.4368881958
0.3435295244
0.4953798777
0.4720025721
0.4295180625
0.4615374122
0.3752369817
0.4935537736
0.4893791475
0.485001578
0.478115168
0.3851413872
0.5010285168
0.5078128841
0.502040995
0.4787866256
0.3493600751
0.5039335057
0.486839817
0.47007132
0.4380257956
0.3066983566
0.4736304563
0.4606592591
0.4409673226
0.3887502043
0.2530289308
0.4040859442
0.3903272684
0.353759591
0.2915358175
0.1622076468
0.3861102064
0.3574211743
0.3393109111
0.3072529897
0.2081744643
0.4090900106
0.4161637185
0.397171779
0.3527289909
0.2496157897
0.3903747466
0.3657574204
0.3545715776
0.4590145348
0.3794416509
0.3905395631
0.3826675681
0.361156215
0.3278792753
0.2667001236
0.3896715605
0.3761450733
0.3678648646
0.3551958298
0.2431491352
0.4346347159
0.4230246928
0.3942428804
0.369045227
0.2571091532
0.4097246336
0.3908964463
0.3697332581
0.3944747884
0.2822705731
0.3962429093
0.3964366922
0.3992829845
0.4013708152
0.2839062425
0.4039597713
0.4165831799
0.4183377555
0.3916278884
0.2427927072
0.4132096007
0.4053468278
0.390154606
0.3531310425
0.2052213673
0.4008661229
0.3944895074
0.3727186996
0.3080837721
0.1592636902
0.3648360775
0.3435032885
0.2965170702
0.2211549364
0.08776665678
0.3390903068
0.3097519361
0.2865039535
0.2440133513
0.1292059371
0.3655088674
0.369209762
0.3451502008
0.2951409694
0.1751959558
0.3442052141
0.3259608534
0.3307736684
0.336486338
0.3195595219
0.3452863848
0.3383317795
0.3181955954
0.2895837457
0.2242126783
0.3492208374
0.3371299166
0.3241029726
0.2996374102
0.1746495041
0.3849986299
0.3729939549
0.3435274852
0.3109631576
0.1843518407
0.3474834597
0.3228712122
0.3030369644
0.3282713686
0.2044142761
0.32609322
0.3248264449
0.3291557362
0.3322880489
0.2018257343
0.3376969079
0.3520309673
0.3558664349
0.3216896186
0.1635028951
0.3505572668
0.3462753301
0.3291060423
0.2816122783
0.1280147731
0.3458724331
0.3426925953
0.3128021956
0.2333665416
0.08369660898
0.3532409524
0.3253895526
0.269404575
0.1824623628
0.0525319291
0.3243080103
0.2935926382
0.2618546962
0.205943164
0.08502024142
0.3567127486
0.3533119137
0.3199389169
0.2594136552
0.1283246204
0.3349385529
0.3139154105
0.3163435445
0.3175001811
0.2736652847
0.3379657287
0.3267849585
0.3001877332
0.2629316977
0.1800033906
0.3452715283
0.3314150759
0.3122023827
0.2743616715
0.1367630185
0.3755241317
0.3618722635
0.3305517525
0.2905798414
0.1520753821
0.3343566118
0.3056167296
0.2805583156
0.3034023371
0.1683385786
0.311614716
0.3076639388
0.3099756548
0.3068524692
0.1633351576
0.3260547817
0.3390634843
0.3397841132
0.2949602439
0.12833556
0.337702055
0.3330844596
0.3106678033
0.2505216162
0.09332497513
0.3331354319
0.3280302122
0.28856681
0.1973604243
0.05283925721
0.3546594263
0.3219282768
0.259529178
0.1645876991
0.0391178907
0.3271442013
0.2957051563
0.2567760012
0.1899053111
0.06601555395
0.3623328621
0.3525307365
0.3116873052
0.2414268623
0.1036110904
0.3400300588
0.3153441623
0.3088645965
0.299037562
0.2068489362
0.344980488
0.3288011443
0.2953488218
0.2483156509
0.1498654404
0.3553782076
0.3388441392
0.3142074849
0.2662252603
0.120713075
0.3831494867
0.3674008023
0.3343275265
0.2873838653
0.138185021
0.3423567702
0.3120867739
0.2872285005
0.2983265596
0.1515840851
0.3203407536
0.3133489017
0.3135318121
0.3012172245
0.145241333
0.335989757
0.3463993954
0.342434607
0.2869606944
0.1123905953
0.3451709771
0.3385791475
0.3102720514
0.2382080891
0.07773429634
0.3389116622
0.3294661041
0.2814554493
0.1817463149
0.04175102171
0.3574210124
0.3187107405
0.2492947288
0.1474650328
0.02884763411
0.334035551
0.2998209446
0.2526325385
0.1747332945
0.05049530307
0.3698291959
0.3527678203
0.3037041433
0.2223012039
0.07974568295
0.3475199292
0.3181285168
0.3010499474
0.2733616537
0.1649771044
0.3549351058
0.3327230515
0.2912741174
0.2330296115
0.121291295
0.3703103993
0.3493387532
0.3173107248
0.2591571357
0.1073980047
0.3971353984
0.3779668414
0.3404763894
0.2847004639
0.1246459845
0.3565235743
0.3242899987
0.2971449673
0.2942193734
0.1352545253
0.3349730703
0.3247180293
0.3200783665
0.2963965746
0.1283226636
0.3510510068
0.3573250338
0.3466171003
0.2794594245
0.09767429558
0.3575273778
0.3469724382
0.3110594939
0.2268323767
0.06427626916
0.3483779108
0.3323784358
0.275370563
0.1679010317
0.03322337419
0.5671127529
0.4989178758
0.4377473165
0.3925171013
0.3545871658
0.5554344786
0.4941850796
0.444273054
0.4095179711
0.3794007859
0.5334563427
0.4919027211
0.445944727
0.408716657
0.3807639746
0.5101210143
0.4898632626
0.4509939481
0.4035013355
0.3827043555
0.5352305818
0.5331639232
0.4700411297
0.3891945717
0.360009279
0.6264244348
0.6132905752
0.501283312
0.3954227912
0.3649279169
0.6668800393
0.6189352867
0.5003167263
0.399441402
0.3667789258
0.6285527772
0.5455806996
0.4626170599
0.4054802542
0.3941266459
0.5955997105
0.5041875442
0.4497124638
0.4464289324
0.4773855925
0.5853487202
0.5109927182
0.4663521367
0.4418581922
0.4313759739
0.5748111184
0.5439151931
0.5170559908
0.4787257857
0.4362658301
0.6055798079
0.5969239249
0.5661492952
0.5220608877
0.4734660564
0.5427651674
0.4823354557
0.4284608434
0.3876238723
0.3399999189
0.538635484
0.4855887057
0.4424042899
0.4119321405
0.3750674007
0.5175267337
0.481481603
0.4417953143
0.4094785232
0.3769892254
0.4971001487
0.4793712149
0.443043047
0.398168256
0.3714459545
0.5223045364
0.5195954841
0.4581860326
0.3809959208
0.3466511068
0.6087609685
0.5944393337
0.4863279679
0.3856821789
0.3503813879
0.645810217
0.6003394019
0.4864300717
0.3900224051
0.352275469
0.6026380362
0.5266768549
0.4482039751
0.3925967778
0.3735503232
0.5639239775
0.4807682518
0.4304901539
0.4259446915
0.4445150784
0.5490749081
0.4804449141
0.437948434
0.414174028
0.3951268745
0.5371838062
0.5053666469
0.4774220717
0.4405220377
0.3904972915
0.558665208
0.5435289514
0.5105240927
0.4673898959
0.406860513
0.4880317727
0.4384127183
0.3936041017
0.356877376
0.3003943989
0.4915154372
0.4510403392
0.4173735174
0.3912096367
0.3468119306
0.4712898944
0.4456950651
0.4153630549
0.388416971
0.3504767795
0.4531520726
0.4444937909
0.4161908527
0.3770915614
0.3453747474
0.4788133336
0.484211127
0.4330573872
0.3650655085
0.3281230055
0.5596938353
0.5533222316
0.4587237148
0.3683382214
0.3300428778
0.5932020839
0.5580967216
0.4563357202
0.3687269136
0.327791735
0.5460891238
0.4842007087
0.4164250486
0.3674767172
0.3443151349
0.5004806319
0.4334487939
0.3932512482
0.3927210953
0.4035289894
0.479575932
0.4249774805
0.3912884382
0.3729116096
0.3483497243
0.4672534375
0.4408896749
0.4161981375
0.382746512
0.3267705318
0.4828754856
0.4655730441
0.4331989071
0.3910428488
0.3204500329
0.4304076315
0.3904158733
0.3534155214
0.3197923633
0.2560205317
0.4338234106
0.4055830399
0.381079783
0.3586788596
0.3072547901
0.4145608203
0.4016689419
0.3818667851
0.3604128548
0.3171431493
0.3975667458
0.4022488143
0.3866817061
0.3572764028
0.3237069103
0.4223171083
0.4409544156
0.4057896081
0.3517748886
0.3158396708
0.4970687827
0.5038299361
0.4275721618
0.351298796
0.3128183102
0.5270067755
0.5051330623
0.4176734738
0.3411921915
0.2991726036
0.4789562146
0.4320887131
0.3761652395
0.3361571179
0.3118820816
0.4329894886
0.381729539
0.3521338475
0.3581465246
0.3651599927
0.4131323009
0.3730318878
0.3498987886
0.3390885874
0.3112124215
0.4055751632
0.3878625192
0.369215574
0.3399108023
0.2788666275
0.424573571
0.4122511805
0.3841285637
0.3434097986
0.2646400359
0.3971422373
0.3625551441
0.3302080668
0.2982704569
0.2272563294
0.3952202628
0.3731491023
0.3541400218
0.335082934
0.2776867595
0.3761160867
0.3706487364
0.358098127
0.3416654217
0.2936803369
0.3567264767
0.3708621905
0.3646824578
0.3434061854
0.3072413381
0.3781362094
0.4045871238
0.3788668716
0.3369890231
0.3023270885
0.4499387882
0.4651663286
0.3988827445
0.3324348813
0.2926626662
0.4772103662
0.4650319342
0.3843519993
0.3149242581
0.2711243568
0.4332950409
0.3967870999
0.3457373417
0.308923552
0.2807818116
0.3958159792
0.3530145075
0.3277494603
0.334941026
0.334997579
0.3799216668
0.3474536199
0.3307995687
0.3251116525
0.2927155908
0.3738485238
0.3616233453
0.347560473
0.3216353315
0.2551384139
0.3949384567
0.3891221409
0.3661945935
0.3277043309
0.2417692605
0.3768032848
0.345240367
0.3166319794
0.2872360358
0.2096406642
0.3701277372
0.3492837483
0.3323016547
0.3168818761
0.2536846852
0.3496681609
0.3447325332
0.3357132734
0.3240946736
0.2706428211
0.3285557487
0.342205054
0.3383891804
0.3201198466
0.2768154357
0.3481795498
0.3706821479
0.3457956027
0.3105645548
0.273203826
0.418327314
0.4340762745
0.3728713306
0.3082288098
0.2634930584
0.4452517451
0.4365766112
0.358930822
0.2939900202
0.2473592908
0.4082293632
0.3802683918
0.3302432855
0.2915932303
0.2567195603
0.3793283873
0.3424382202
0.3189368966
0.3243017203
0.3157104838
0.3630294865
0.3366454496
0.3247049609
0.3225009218
0.285626603
0.3544415325
0.3454300161
0.3344321731
0.3120000083
0.2405217721
0.371475979
0.371428062
0.3546273611
0.3198242069
0.2273490821
0.3811660003
0.354974241
0.3285212076
0.2995332594
0.2167914116
0.3743494163
0.3534576856
0.3342756284
0.3198005879
0.2514925839
0.3566429089
0.3457326075
0.3349995483
0.3256872408
0.2659685251
0.3299706931
0.3425736809
0.3302307987
0.3068758177
0.2512070354
0.3508859507
0.3629212669
0.3218535796
0.2880562398
0.2502157248
0.4174806794
0.4296261489
0.366770351
0.2950165097
0.2434946669
0.4318585433
0.4308497281
0.3552017713
0.292240612
0.2410257282
0.4063261911
0.3900903388
0.3372097387
0.2910920544
0.2487043097
0.3919868406
0.3587233753
0.3364520867
0.339469174
0.3238286497
0.3719545735
0.3529081403
0.343543507
0.3416946699
0.300011282
0.3642597185
0.3579580282
0.340171609
0.3195334148
0.2444851874
0.3727694272
0.3719077365
0.3536567164
0.3219386399
0.2292908212
0.3448124641
0.3256068273
0.3170312166
0.3050959529
0.237104989
0.3616212269
0.3450429019
0.3249711491
0.3262616232
0.266331479
0.3460772632
0.3410243882
0.3395516376
0.353281979
0.29007614
0.3286683473
0.3378347303
0.3311968975
0.3088308383
0.2443937057
0.3688240111
0.3518198767
0.3085859123
0.2879825488
0.2542415512
0.4217470553
0.4191720385
0.3757363156
0.3012268328
0.2420159751
0.4163705435
0.4150836943
0.3522346778
0.3081860148
0.253029854
0.3849011834
0.4023449128
0.3618816977
0.3119213047
0.2661390846
0.3781873994
0.3714488136
0.361879803
0.3684105858
0.3455957877
0.3405057618
0.3519865544
0.3594497726
0.3658897111
0.3322540259
0.34435092
0.3491376958
0.3303705748
0.3201779161
0.261153484
0.3325056808
0.350550193
0.3431258347
0.3245414279
0.2486976812
0.3993274642
0.400843999
0.389907989
0.3707608197
0.2902202031
0.394862518
0.39848932
0.3828949704
0.3851426436
0.3177951919
0.3981883757
0.3940509954
0.3921403681
0.4070595242
0.331978219
0.4149382391
0.4006591986
0.3959391968
0.3807646099
0.3094691638
0.4508374377
0.4254695373
0.4026356475
0.364695314
0.3257823211
0.4726414982
0.4623500407
0.4220270694
0.3646852078
0.3013880496
0.4515731979
0.4423164652
0.389361214
0.3717208282
0.3179955306
0.4394910844
0.4522685798
0.4308929396
0.3683105181
0.3088252544
0.4321184073
0.4180716603
0.4199302138
0.4252168241
0.4111137866
0.3976158919
0.4041281063
0.422917791
0.415657274
0.3810620791
0.3958601829
0.4040124885
0.3932597236
0.3799433557
0.3034870894
0.3889738775
0.3975027744
0.393195683
0.3889958516
0.3011462819
0.4404914528
0.420747736
0.3993158525
0.3783404418
0.272526272
0.4626637451
0.4439469342
0.414804587
0.391133418
0.3224530773
0.4657393603
0.4471274493
0.4018971018
0.4689423066
0.3821901389
0.463749678
0.439933181
0.4056125563
0.3776684002
0.3240949463
0.433439191
0.4230194373
0.4049003215
0.3779057341
0.3086530467
0.4255574909
0.4992460699
0.4697662075
0.3510129225
0.3153641941
0.4659677363
0.4413627457
0.4027854787
0.3753551019
0.3373103671
0.449198357
0.4993927209
0.486021506
0.3817151384
0.3247919991
0.432110749
0.4160369537
0.4872438547
0.4959414701
0.4546765018
0.430363407
0.4135584326
0.482823554
0.4601270456
0.3937042806
0.4289414886
0.4016686193
0.3981211875
0.3794972232
0.2931524955
0.4337268449
0.4106921494
0.3901059693
0.370837027
0.2605759621
0.4628543279
0.4564791315
0.4423888714
0.3939261189
0.2508216793
0.4725469308
0.4654635593
0.4487490322
0.4180503255
0.3045369082
0.4722930035
0.4676275068
0.4418056183
0.4084280142
0.3170079565
0.4792679421
0.4716015788
0.4578899533
0.4336953081
0.3454078423
0.4777406154
0.474029435
0.4695943589
0.4475846318
0.3480180252
0.4665528733
0.4151142385
0.3829432526
0.4294770477
0.3476522721
0.4995029333
0.4717726288
0.450130248
0.4177517802
0.3422667319
0.4757842955
0.4285479492
0.4799182222
0.4043566184
0.3278226724
0.4550001634
0.4253642615
0.4837512693
0.4962224326
0.4287005675
0.4480559298
0.4145462817
0.4722811069
0.4623407101
0.3713963078
0.4477971011
0.4307533326
0.4140371986
0.3874864433
0.2674853665
0.4435816572
0.4292827819
0.4133085939
0.3689904201
0.2238976597
0.3935401249
0.3932845801
0.3752114682
0.3122943281
0.1524331675
0.395232274
0.3941297891
0.3793910123
0.3393888434
0.2019347439
0.3939539661
0.3938973073
0.3734584629
0.3424388159
0.2381554904
0.397698851
0.394388669
0.3827941213
0.3571409123
0.2468399666
0.3910786257
0.3947347511
0.3942197429
0.3689616786
0.249511789
0.3865586181
0.3557117359
0.3399660174
0.3647804741
0.2615112415
0.4117831465
0.394711633
0.3811513741
0.348188087
0.254742252
0.4010398502
0.3746942239
0.3570986897
0.3496886983
0.2504100909
0.3837134036
0.3687074558
0.3641766984
0.4443147535
0.3584429524
0.3787195707
0.3565010174
0.4089716462
0.4061078542
0.293474574
0.381210746
0.3725398649
0.3555107141
0.3190057703
0.1786308567
0.3827200229
0.3719184275
0.3500282447
0.2874670468
0.1294942862
0.3408424722
0.3433990927
0.3176560647
0.2397603323
0.08151411034
0.3423372456
0.3432755962
0.324554823
0.2699281508
0.1229301702
0.3428619509
0.3419704549
0.3151186529
0.2741320009
0.1551902142
0.3433273767
0.3408776668
0.3263397723
0.2911589161
0.1668873371
0.3293383054
0.3331494459
0.3326196108
0.302720003
0.171963278
0.3211378745
0.2913885808
0.2832165346
0.3017362742
0.1885294988
0.3492791823
0.333475031
0.3228330593
0.2880170009
0.1841343972
0.3462142829
0.3283866865
0.3213342273
0.3051598539
0.1921608121
0.3353618191
0.329624848
0.3324722069
0.4030929341
0.3031875954
0.3357413042
0.3235082629
0.3170345461
0.3621573498
0.2337900858
0.3408720819
0.3362141672
0.3163373967
0.2672678375
0.1176192089
0.3469886671
0.3378535495
0.3076715242
0.2287152865
0.07316252784
0.3297339637
0.3301849359
0.2955562818
0.2054324215
0.05332882444
0.3325459156
0.3319763796
0.3069510537
0.238358499
0.08712267458
0.3345186429
0.3303542805
0.2964632801
0.2433115164
0.1137815227
0.3340734148
0.3308919177
0.3128836513
0.2673854633
0.1319240175
0.3178480918
0.3207327568
0.3177662563
0.2807489928
0.1401387059
0.3049558236
0.2734903977
0.2674561887
0.278510659
0.1558970531
0.3357390837
0.317995693
0.3051991123
0.2663530078
0.1525608989
0.3330290342
0.3134576722
0.3066710233
0.2878766558
0.1638839055
0.3261514097
0.3196692872
0.3207078184
0.3820767007
0.2707846639
0.3289943181
0.3193297226
0.309379878
0.3382777388
0.2026598772
0.337602309
0.3318452325
0.3073217745
0.2460293509
0.09129646771
0.3453563264
0.3347895651
0.2960469527
0.2050151926
0.05355190735
0.3369316252
0.3328944766
0.2897512393
0.1901716447
0.04280341116
0.3412165519
0.3376179097
0.3058892353
0.2256455596
0.07151736429
0.3441145727
0.3361780367
0.2966702062
0.2335673318
0.09587723813
0.3439301305
0.3393875763
0.3177800455
0.2628765889
0.1173520672
0.3280387771
0.3298184473
0.3234348531
0.2784163984
0.1277394991
0.3126033921
0.2816068097
0.2750442857
0.2752495095
0.1419936642
0.3437891872
0.3242259636
0.3076118303
0.2632740378
0.139063337
0.3390854751
0.3182090464
0.3082175432
0.2846292308
0.1494829056
0.3335382108
0.3251398589
0.3219134941
0.3734122363
0.2500536639
0.3364823723
0.3250907009
0.310416195
0.3284080866
0.1852378299
0.3479631656
0.3390349293
0.3093288465
0.2386215802
0.07956980218
0.3556960061
0.3419840666
0.2954553611
0.1962056668
0.04671401334
0.3481224251
0.3373799506
0.2847363584
0.1762743812
0.03433434405
0.3553224357
0.3466720755
0.3063679703
0.2143231438
0.05867184144
0.3594037288
0.3462071107
0.2995709865
0.2255849184
0.08103767183
0.3601605794
0.3527980003
0.3255971539
0.2599706555
0.1044751202
0.3456563876
0.3452263869
0.3333831593
0.2782055354
0.1165874273
0.3284822736
0.2979838709
0.2882942228
0.2749962583
0.1294476564
0.3591368321
0.3370431473
0.3149363747
0.26270186
0.1268147481
0.3520137336
0.3303619122
0.3162459631
0.2842050221
0.1355963708
0.347176264
0.3377410501
0.3280673981
0.3653563758
0.2275245546
0.349803399
0.3362156085
0.3146566653
0.2798199678
0.1693505808
0.3620097329
0.3484815151
0.3124052714
0.2323726079
0.06947155671
0.368694495
0.3500832857
0.295688482
0.189409527
0.04110781704
0.6580091339
0.6869618056
0.68607501
0.6556164567
0.6080541334
0.5804172174
0.5876392918
0.5805216999
0.5440336518
0.4927613569
0.5637322292
0.5263015913
0.4752537687
0.4242101399
0.3873540864
0.5801401664
0.5613302502
0.5006174978
0.4333449103
0.3930929704
0.5576190398
0.5710985628
0.5354580813
0.4844361952
0.4743416116
0.5908579573
0.5771629259
0.535133073
0.5056405227
0.5134650092
0.6944403466
0.6598144467
0.5309717804
0.4554386262
0.444337941
0.7022291481
0.6735721233
0.489023857
0.3900634086
0.3588812586
0.7023153075
0.6295983337
0.5013592001
0.4206210318
0.3802290164
0.646131544
0.5810911266
0.5223024977
0.4804638701
0.4565500515
0.6073955651
0.5943129573
0.5614955005
0.5210861871
0.4785755912
0.66407422
0.661982205
0.6271523413
0.5809200224
0.5309833554
0.610973167
0.6303396695
0.6233793361
0.5906275806
0.527179143
0.5549825498
0.5556900131
0.5429291393
0.5049126456
0.4449645933
0.5482662025
0.5055079275
0.4516398048
0.4006204285
0.3573511457
0.5666882458
0.5377009737
0.4705463693
0.4044775579
0.3608946999
0.5408841387
0.5441565629
0.4991924695
0.4467223473
0.43015169
0.5640915968
0.5423264815
0.4927668769
0.45894071
0.4571567403
0.6580730559
0.6169435078
0.4929595977
0.4212058597
0.403636043
0.6785322077
0.6373949275
0.4648725184
0.3726455577
0.3377695196
0.6813603161
0.6074803702
0.4862458379
0.4109653226
0.3676439962
0.6284961778
0.5686413851
0.5135779269
0.4747668879
0.4442882656
0.5897758116
0.5789274898
0.5484223883
0.5104478089
0.4591612897
0.6355021985
0.6339786323
0.6011844007
0.5572796768
0.4935769773
0.5291471862
0.5411274574
0.5298375097
0.4943067948
0.4157966218
0.4910990649
0.4882974532
0.4737467466
0.4365128702
0.3700906194
0.4925592822
0.4495173276
0.3993483159
0.3535913528
0.3072288766
0.5146584015
0.4797509264
0.4126203888
0.3518394753
0.3060142295
0.4932142175
0.4896014552
0.4388933042
0.3861344007
0.3616854965
0.5115494197
0.4865460846
0.4313814051
0.3919526562
0.3775490588
0.5930214676
0.5519988405
0.4347782414
0.3659812218
0.3409987066
0.6148071657
0.5754482993
0.4188851204
0.3346840771
0.2967669836
0.6221859164
0.5560635081
0.4461296206
0.3764716812
0.3293407976
0.5772303812
0.5253584423
0.4762391022
0.4406066396
0.4028540506
0.537071282
0.5281116514
0.5004615619
0.4648875644
0.4050717586
0.5719731597
0.5706928363
0.5402712484
0.4976221464
0.4206762884
0.4636002707
0.4793818913
0.471111784
0.4359107169
0.3457463624
0.422815949
0.4267078907
0.4179772871
0.3849008677
0.3138702117
0.4167615746
0.3865064679
0.3481086599
0.311264251
0.2640244838
0.4322484262
0.4104820375
0.3576613564
0.3071666813
0.2613904982
0.4169524829
0.4231186958
0.3836505206
0.3379993085
0.3094115048
0.4415618293
0.425322434
0.3787919299
0.3437548876
0.3247491036
0.5254782486
0.4904620594
0.3838245109
0.3219502304
0.2946301726
0.5477834797
0.5133769804
0.3696020542
0.2935211442
0.2539412984
0.5530909707
0.4918173734
0.390664662
0.3258276177
0.2752071088
0.509641396
0.461949208
0.4172679764
0.3843099955
0.3402250801
0.4705538504
0.4613225184
0.4352490619
0.4007129468
0.3334091409
0.5039303092
0.5013000688
0.4716036823
0.4281306589
0.3398677717
0.4282769416
0.4516542446
0.4490550287
0.4165134129
0.3170644729
0.3819280831
0.3947560644
0.3928179995
0.3638045609
0.287219838
0.3660515109
0.3490954347
0.3206674193
0.2898406052
0.2396648609
0.3688626074
0.3624415987
0.3258603385
0.2854081912
0.2403867068
0.3520924198
0.3700234499
0.3472571084
0.3130957668
0.2849079002
0.3820779517
0.3737554492
0.3423869155
0.3198004725
0.3026738356
0.4726554039
0.4430786817
0.3487295185
0.2947843361
0.268768101
0.500165576
0.4662446911
0.3330249785
0.2639883197
0.2236648883
0.4956136402
0.4340418694
0.3402451201
0.279711989
0.2280795561
0.4507399207
0.4037872884
0.3612740584
0.3300878861
0.2820510349
0.4147893377
0.404352688
0.3786903819
0.3439448806
0.2708195865
0.449652049
0.4452458258
0.4150167774
0.3698065636
0.273042309
0.3979728478
0.4259853768
0.4299269573
0.402583617
0.2951605613
0.3561469707
0.3717858445
0.3748518858
0.3500939558
0.2671345872
0.3426536638
0.3303275569
0.3062727539
0.277859389
0.2216513309
0.3386324143
0.3372975517
0.3077159468
0.2728928987
0.227324123
0.318324377
0.3390205508
0.3255372444
0.2994233203
0.2713917712
0.3468212498
0.3408810623
0.3195758878
0.3051073622
0.2871907294
0.4301181517
0.4053971022
0.3233448536
0.2733881055
0.2467738427
0.4604795661
0.4305317291
0.3092239067
0.2461715606
0.2048582524
0.4467601852
0.3858698779
0.3016261209
0.246367659
0.1948579535
0.4039637779
0.3610937709
0.3230831144
0.2950097831
0.2448935152
0.3689206583
0.3593383816
0.3358394582
0.3033330067
0.2275197859
0.4008861958
0.3964107557
0.3675489103
0.3232470431
0.2232763127
0.3848082177
0.4224835284
0.4292873133
0.406021139
0.2947399589
0.362714771
0.377947637
0.3843624209
0.36387204
0.2753054005
0.358806146
0.3425061938
0.3181612027
0.2912865571
0.2279199744
0.348035075
0.3404686176
0.3122770335
0.2781687631
0.2349934391
0.330759024
0.3412380673
0.3247747294
0.2978904835
0.2701353498
0.3536050884
0.3420153096
0.3198770247
0.3030203933
0.2761258429
0.4136667249
0.4038588438
0.3305376359
0.270035983
0.2400314141
0.4537008889
0.4299192271
0.3218970966
0.2593023379
0.214033418
0.4306112116
0.3757852667
0.307355726
0.245626895
0.1912026911
0.3907535777
0.3626519351
0.3275292832
0.3005409988
0.256381555
0.3547228939
0.3473456052
0.3288604144
0.298675693
0.2249950894
0.3789648458
0.3746690536
0.3505884254
0.3120478539
0.2102952673
0.3314027145
0.3807643591
0.400465261
0.3905148465
0.2965703467
0.3494487068
0.3746307232
0.3983769249
0.3924064085
0.3106575158
0.3781956058
0.3860601689
0.3676450861
0.3464569083
0.2761358921
0.3647072324
0.3678319278
0.3512064804
0.3136264154
0.2708175785
0.3506348422
0.3482281674
0.3427668049
0.3156243861
0.2884653516
0.3624848377
0.3387807099
0.3315754945
0.322944846
0.2868658662
0.391216413
0.3857455113
0.3490559193
0.2860165816
0.2559671867
0.4311139875
0.4211134283
0.3513541925
0.3016437327
0.2585809193
0.3966693212
0.3416936114
0.3143231232
0.2721482666
0.2256872721
0.3716979386
0.3607012124
0.3454544167
0.3295558995
0.3019484776
0.3437300058
0.34615401
0.3378094558
0.3225713771
0.2654462923
0.3532192274
0.3598846624
0.3426268624
0.3140070841
0.2326829849
0.3270993743
0.396589971
0.4198166937
0.4171980451
0.3254972521
0.4029445885
0.4043454243
0.4246663691
0.4379135551
0.3439241397
0.4310324665
0.4481962197
0.430400246
0.408643636
0.3097094116
0.4105947311
0.4161397883
0.4064563606
0.3815001083
0.3188902796
0.4140016918
0.4104172439
0.4004655248
0.3647424479
0.3275069335
0.4289191106
0.4144685533
0.3991488638
0.3814844299
0.3264876527
0.441534361
0.428102013
0.3961650087
0.3475070714
0.3066471354
0.4511034858
0.4485532953
0.3940370198
0.3752567028
0.3182382256
0.4421751992
0.415390613
0.3902653762
0.3393167763
0.2758207248
0.4245567841
0.421804145
0.4207052579
0.4157862188
0.3764006883
0.3833646296
0.3976473139
0.3950282282
0.390801753
0.3206383592
0.3731339147
0.3870881533
0.3878878679
0.3798737945
0.2926037086
0.4471752237
0.4322540812
0.4019966818
0.4409091313
0.2754822486
0.4286671104
0.4283414528
0.4981745167
0.5113135674
0.3847191882
0.438720809
0.5194319892
0.5153891394
0.4715249732
0.3500695516
0.4353033549
0.4237965589
0.4794301164
0.4397534657
0.3668118714
0.4203362101
0.4210575749
0.4152529698
0.3719863712
0.3028919682
0.4340539996
0.4399546441
0.4080022807
0.3795900194
0.3245314586
0.435162982
0.4974647669
0.4499003977
0.3691954035
0.3182156211
0.4455077457
0.4854887987
0.4434628655
0.441087333
0.3771094497
0.4304646888
0.4161634923
0.3940862308
0.3577651617
0.3031121596
0.4054936482
0.4025676964
0.4033083203
0.4467653019
0.4056591649
0.4225482694
0.4050755941
0.3957455809
0.4473843237
0.3672892628
0.4386675134
0.4355223901
0.4169251739
0.3891143895
0.2834946977
0.4509267798
0.4384755163
0.4072171601
0.3682255957
0.2316502081
0.4418832626
0.4246744791
0.4174595682
0.4860890799
0.3362316694
0.4354751188
0.500335287
0.5096183467
0.4621831292
0.2859507278
0.4563289319
0.433542637
0.4192637872
0.3937159037
0.3088512548
0.4532361638
0.4435633917
0.4351058766
0.416881744
0.3223483149
0.4559040738
0.4605218981
0.4355682882
0.4139176216
0.3394603349
0.4719912962
0.4424785981
0.4106640864
0.41015208
0.3323558621
0.4709349973
0.4272165162
0.3920091668
0.4442833831
0.3595744224
0.4734055122
0.4617318968
0.4315956892
0.4076987011
0.3114187562
0.4537231214
0.4336778086
0.4191179495
0.4585030149
0.3869032267
0.467271096
0.4529930489
0.4317099939
0.400535761
0.2972013454
0.463382893
0.4605869636
0.4492018313
0.4130043107
0.2578240541
0.3921627604
0.3801102633
0.3473763206
0.293214131
0.1443722499
0.3776773491
0.369502076
0.367420505
0.4186629824
0.2576199384
0.3694068177
0.4332615167
0.4584846625
0.4092361366
0.2256806089
0.3878897123
0.3765389033
0.3743085928
0.352030097
0.2491946408
0.3829816835
0.3787229751
0.3718399515
0.3519776073
0.2357339133
0.3882209787
0.3969904253
0.3753959244
0.3501112449
0.2513743624
0.4127850534
0.3937980033
0.3707454797
0.3586854839
0.259117917
0.4134952302
0.3841434172
0.3568885318
0.3909491756
0.2950646845
0.415543995
0.4092305479
0.3813716105
0.3583552561
0.244769042
0.3982211349
0.379207226
0.3715663079
0.3454157457
0.3152123849
0.417786734
0.4062698236
0.3855751995
0.3526373819
0.227924947
0.4127533551
0.4085613199
0.3912030547
0.3362549139
0.1608314166
0.3576578927
0.3448619366
0.3052403068
0.2372722994
0.0881471138
0.3384740337
0.3385496109
0.3360094487
0.3601745298
0.1717190481
0.3329341544
0.3440628671
0.4188100033
0.363313419
0.172093859
0.3434461282
0.3374349716
0.3352854477
0.3067369897
0.1877904937
0.3386040748
0.3352814819
0.3266765288
0.3008477688
0.1711560583
0.3417447548
0.3491485732
0.3290003564
0.3006522031
0.1879264124
0.363051917
0.3457429158
0.327233191
0.3128539212
0.2013251396
0.3648062273
0.3408999089
0.3234458455
0.3050503247
0.2095030955
0.370186327
0.3654193632
0.3404817546
0.3141981686
0.1882682429
0.3563559601
0.340631963
0.3358890679
0.3085436524
0.2222165117
0.3765989202
0.3703068804
0.3441542206
0.3006920566
0.1591001847
0.3711569012
0.3727023088
0.3495947994
0.2776341117
0.09948000826
0.3540598649
0.3379982549
0.2926817099
0.2140710772
0.06471145204
0.334131239
0.3360791488
0.329110006
0.331695941
0.1422606202
0.3296942705
0.3366909535
0.3977362346
0.3378439949
0.1420743475
0.3364591733
0.3317007202
0.3247585309
0.2874275255
0.1551909948
0.3345538935
0.3303408425
0.3188958767
0.285676798
0.1454104332
0.335601313
0.3405846318
0.3208038528
0.2883961618
0.1632338194
0.3512295515
0.3326457233
0.3154575464
0.296789134
0.1735421372
0.3531477042
0.3316118837
0.3171151778
0.2975169926
0.1926245414
0.3616231001
0.3565804424
0.3316919192
0.297244946
0.1597928396
0.3501119828
0.3354935155
0.3277249787
0.2925630867
0.1865208115
0.3664405179
0.3629737791
0.3305143804
0.2746992528
0.1207615772
0.3610782324
0.3665519658
0.3369240017
0.2503368302
0.07336064871
0.361478989
0.3415393124
0.2919968566
0.2049765884
0.05445537153
0.3433733233
0.3444580544
0.3319413974
0.288274223
0.1217015508
0.3382936268
0.3413091671
0.390175757
0.3298572823
0.1274104696
0.3450197565
0.340723929
0.3303024741
0.2853751737
0.1406114297
0.3466078368
0.3414124164
0.3272804261
0.2865358169
0.1359169173
0.3471713833
0.3498553208
0.329268957
0.2911510848
0.1532860208
0.3580972585
0.3397079554
0.3207570113
0.2931292597
0.1572156
0.359844129
0.339559919
0.3208660813
0.2901555566
0.1699830632
0.3691450638
0.3627656822
0.3354969841
0.2903340776
0.1416773699
0.3586074233
0.3436293056
0.3307345147
0.283951379
0.1584962878
0.37139268
0.367790307
0.3302375516
0.2635689846
0.1009058219
0.3662395756
0.3717150461
0.3348693428
0.2360225604
0.06078558707
0.3707090353
0.3455188237
0.2909467217
0.1949704152
0.04545434345
0.3570040029
0.3537918492
0.3311656119
0.2691494335
0.1005545354
0.3526533196
0.3497920728
0.3493593992
0.3008856266
0.1179711331
0.3594415889
0.3543290555
0.3392618545
0.2855532196
0.1283572256
0.3643754611
0.3576416499
0.3398167336
0.2898401967
0.1273610452
0.3645474608
0.3647360816
0.3412769509
0.2948163964
0.1427107414
0.3711293614
0.3524438274
0.3295580693
0.2901780399
0.1408254313
0.3720238992
0.3509494587
0.3247281264
0.2781376237
0.143158707
0.3805170632
0.3717109799
0.3399210057
0.2820646621
0.1224524067
0.3702400472
0.3534445101
0.3327155964
0.2715446189
0.1280514992
0.3794935591
0.3731341596
0.3297140604
0.2518506068
0.08303363733
0.3737219852
0.3760715208
0.3305647237
0.2200487664
0.0486743051
)
;

boundaryField
{
    walls
    {
        type            calculated;
        value           uniform 0;
    }
    inlet
    {
        type            calculated;
        value           nonuniform List<scalar> 
384
(
0.6785018602
0.6872253945
0.7397161451
0.7397161909
0.7397162495
0.7397163248
0.6682389051
0.5730828997
0.5879170666
0.6332774208
0.6893001336
0.7397166259
0.64527609
0.7390956658
0.7397161682
0.739716191
0.7397162231
0.7397162579
0.7397162694
0.6690496669
0.6926817548
0.7397163618
0.7397164214
0.7397164456
0.6484999713
0.7397161839
0.7397161452
0.7397161253
0.7397161279
0.7397161372
0.7397161305
0.7397160904
0.7397161356
0.7397162032
0.7397162728
0.7397163116
0.6577758376
0.739716193
0.7397161375
0.7397160993
0.7397160811
0.739716074
0.7397160767
0.7397159995
0.7397160043
0.739716075
0.7397161603
0.7397162142
0.6020584306
0.7397161272
0.7397161221
0.7397160944
0.7397160734
0.739716063
0.7397160696
0.7397159767
0.7319501801
0.7128655609
0.7397161287
0.7397162079
0.6082391272
0.6508889418
0.7397160936
0.7397161242
0.7397161172
0.7397160971
0.7397160943
0.7397160083
0.6854250997
0.6692692215
0.7397161179
0.7397162442
0.7346607494
0.6615509571
0.7336742038
0.7397160901
0.7397160667
0.73971606
0.7397161077
0.7397160986
0.7397160899
0.7397160722
0.6962998084
0.6926351409
0.7397161719
0.7315903256
0.7007725519
0.6885234528
0.6459612765
0.7397160914
0.7397162086
0.7397162152
0.7397162311
0.7397161729
0.6892706775
0.6243461468
0.7397162308
0.6725073896
0.6147098909
0.5728752551
0.5700542997
0.7291434845
0.7397162905
0.7397162822
0.7397162848
0.7397162438
0.6815219771
0.5941903703
0.6920005204
0.5813921337
0.5578587117
0.5519252145
0.5538251425
0.6555884933
0.7397163161
0.7397163072
0.7397162768
0.7397162177
0.6339027903
0.5906055059
0.6274255694
0.5670391185
0.5544874223
0.5830797229
0.6098344046
0.6899147532
0.739716296
0.7397162991
0.7397162456
0.6769908027
0.5841290795
0.5723372759
0.6972926336
0.6807181357
0.6588997672
0.6614404819
0.660476352
0.7260582238
0.7397162201
0.7397162346
0.7383395343
0.6024580865
0.5637969231
0.5761337084
0.739716148
0.7397161083
0.7397160204
0.7263233744
0.7055177867
0.7397160181
0.739716141
0.7397161998
0.6328432738
0.5283341116
0.5411798464
0.588826573
0.7397161621
0.7397161512
0.7397160801
0.7397159505
0.7331916314
0.7083439971
0.7109723909
0.629005465
0.5246210837
0.4816163636
0.5513448124
0.5987504071
0.7090264217
0.7397161632
0.7397161062
0.6829175148
0.7146298013
0.6346316889
0.5730547134
0.5040354599
0.4657247986
0.4677460169
0.5656128815
0.5848782267
0.6450325325
0.6963712111
0.7055703308
0.6370764112
0.7216036566
0.5860397712
0.4987418481
0.4404276341
0.4463974207
0.4756018002
0.5657162125
0.5565235294
0.6024355867
0.631546157
0.6824481222
0.6517347897
0.7397159898
0.6166149316
0.5046510671
0.4409851637
0.4666457034
0.4984723765
0.5589242313
0.5345010583
0.5853058641
0.6028273131
0.6407021915
0.6317485751
0.6279093921
0.6623740548
0.6851599525
0.7289207749
0.7397162768
0.7397163511
0.7397164867
0.674604138
0.5734677678
0.6017839194
0.6759846086
0.6787306931
0.607702506
0.5947894626
0.5718829779
0.6613037247
0.7397163238
0.7397163845
0.7382370978
0.5704662573
0.5414433063
0.5796314056
0.6972769605
0.7023666263
0.551923771
0.5000516293
0.4738580769
0.5949624935
0.6907618726
0.697422065
0.6307715736
0.4813802844
0.5021186162
0.5474413248
0.7177999858
0.7328607217
0.5030401164
0.434406648
0.4301901465
0.5900377897
0.6436809351
0.6329849162
0.5436087305
0.4179996889
0.4748090088
0.5247574259
0.7397162795
0.7397162222
0.5126934678
0.4349401127
0.4430659412
0.6447518495
0.6506609251
0.6135689319
0.4969869916
0.3854832882
0.6080676309
0.593855749
0.5710792301
0.5459910076
0.5711588591
0.6648424958
0.706793279
0.6705273787
0.6392760278
0.6296868024
0.6187225961
0.652781131
0.53719536
0.5297997757
0.5280014478
0.5258430954
0.5714044612
0.654397469
0.6596952768
0.585891145
0.5456467892
0.5544033866
0.5893906237
0.6472520787
0.4729056409
0.4772965929
0.4796730275
0.4865896996
0.5086872542
0.5417109619
0.5399308826
0.5018481679
0.4902585533
0.5099741916
0.563790838
0.617702575
0.425257745
0.440428718
0.4401122948
0.437743644
0.4262228511
0.4332087393
0.4369690462
0.4445274529
0.4884805716
0.4857069384
0.5250037354
0.5730510322
0.3995995228
0.4190330751
0.4186404785
0.4233723283
0.4027943576
0.4079758503
0.4098245883
0.4405755472
0.5299915609
0.4843199821
0.4922836707
0.5391431104
0.7046617656
0.6193495562
0.599996075
0.6170927934
0.5970795762
0.6344788023
0.7397161214
0.7397162224
0.7397162742
0.6840801753
0.6443587884
0.7047757834
0.7369183504
0.6292670726
0.564598193
0.6014431131
0.6138442362
0.6234574023
0.7088463884
0.7203951552
0.6704729568
0.6176608705
0.63062304
0.7028880656
0.7379406651
0.6248015985
0.5151487411
0.5431921631
0.5807428915
0.583183984
0.577882544
0.5311009887
0.540082717
0.5578078954
0.597058421
0.6672889386
0.7080681674
0.5890179991
0.4645769565
0.4754827
0.5296900975
0.5544759598
0.4998277918
0.4288055472
0.4566476275
0.5144540431
0.5554854744
0.6196898634
0.6780517238
0.5483924662
0.4355746582
0.4406407499
0.5260047103
0.5691681121
0.4946894474
0.4026280978
0.4211833926
0.4984805028
0.5234458171
0.5856441651
)
;
    }
    outlet
    {
        type            calculated;
        value           nonuniform List<scalar> 
384
(
0.3591114324
0.3525608336
0.3546488968
0.3549668901
0.3639667254
0.3653041379
0.3374397941
0.3353887683
0.3506931944
0.3545891439
0.3456532677
0.3314112561
0.3542268114
0.3553158143
0.3516547935
0.3560481034
0.3473856385
0.3556665366
0.3523395779
0.3545447533
0.3482498416
0.356041418
0.358855767
0.3517814097
0.3526237887
0.361865863
0.3470680235
0.3328234455
0.3082088703
0.3138103147
0.3421086344
0.3556593137
0.3533094874
0.3492892452
0.3461751293
0.3448946712
0.368681405
0.3720367257
0.3433528532
0.3164140603
0.2930348352
0.3059118542
0.3408901686
0.3423973193
0.3428264371
0.3327834028
0.3401096344
0.3467603572
0.3718843046
0.3860526245
0.3652029407
0.3394575597
0.3280931016
0.3223297838
0.3434673009
0.3387061593
0.3471045243
0.3231433258
0.3528015062
0.3618710842
0.3680290292
0.3818212041
0.3632882921
0.3358058758
0.3381447809
0.3384708494
0.3594322918
0.3524782962
0.3597107245
0.3320700497
0.3564555389
0.379811174
0.3722240687
0.3716516711
0.363117159
0.3165206009
0.3161473827
0.3559077997
0.3633568392
0.3507595666
0.3713858021
0.3484916235
0.3461721844
0.3676809282
0.3617228607
0.3642274578
0.3570685709
0.2907188245
0.289343606
0.3383586298
0.3576841486
0.3812328506
0.3853321685
0.3696854046
0.3583969858
0.3523084153
0.3583023319
0.3567818239
0.3202716277
0.2546807661
0.2585291944
0.2994946907
0.3423269795
0.3915956883
0.3779200504
0.3626448267
0.3742555544
0.355480884
0.3631766824
0.3758954973
0.3615538544
0.330442306
0.3293070604
0.31013965
0.360628724
0.3683294224
0.3512812652
0.3774531603
0.3737520169
0.3569483456
0.3338609011
0.3527886763
0.3636775601
0.3771778283
0.3717361481
0.3491134052
0.3687130048
0.3607332081
0.3427237867
0.3970325396
0.3628330451
0.3377128322
0.3258255668
0.3262552916
0.3252155808
0.3628423706
0.3545500865
0.3645653185
0.3748055332
0.3670040842
0.35567782
0.3728876464
0.3738342664
0.3698305321
0.3677219689
0.3533726519
0.3686010859
0.3573215054
0.3095074571
0.3557487719
0.3576632542
0.344048428
0.3498361449
0.3658336231
0.3779968326
0.3880306936
0.3682251973
0.3540314045
0.3827941376
0.3515751727
0.3047400202
0.3461103119
0.3500498291
0.3403941761
0.3335301073
0.3515958325
0.359072836
0.3698143025
0.3192870819
0.3095791837
0.3673108284
0.346214292
0.3329911809
0.3670634901
0.352438672
0.3476462758
0.3208034993
0.3135083949
0.3160514102
0.3077276446
0.2067569956
0.2184752751
0.2908748576
0.2876259185
0.2709936001
0.3263682573
0.2948221978
0.2988942292
0.2782795429
0.2676477565
0.2355234013
0.1969033042
0.04368604565
0.06195023319
0.1042871765
0.1161298293
0.1125446206
0.1511025373
0.1315135918
0.1360783197
0.1443619379
0.1178180561
0.07111459242
0.04204627694
0.3574209648
0.3340355026
0.3698291401
0.3475198764
0.3549350487
0.3703103286
0.3971353194
0.3565235096
0.3349730126
0.3510509437
0.357527316
0.3483778552
0.3187107061
0.2998209083
0.3527677763
0.318128477
0.3327230057
0.3493386932
0.3779667715
0.3242899472
0.3247179794
0.3573249744
0.3469723851
0.3323783901
0.2492947094
0.2526325146
0.3037041178
0.3010499261
0.2912740898
0.3173106797
0.3404763357
0.297144927
0.320078321
0.3466170497
0.3110594542
0.2753705327
0.1474650258
0.1747332827
0.2223011952
0.2733616559
0.2330296001
0.2591571062
0.2847004265
0.2942193361
0.2963965379
0.2794593918
0.226832354
0.1679010173
0.02884763266
0.05049530021
0.07974568114
0.1649771159
0.1212912925
0.1073979944
0.1246459715
0.1352545119
0.1283226507
0.09767428606
0.06427626349
0.03322337155
0.3481223679
0.3553223716
0.3594036618
0.3601605113
0.3456563203
0.3284822135
0.3591367632
0.3520136686
0.3471761992
0.3498033308
0.362009668
0.3686944296
0.3373799023
0.3466720196
0.3462070529
0.3527979385
0.3452263233
0.2979838216
0.3370430873
0.3303618575
0.3377409905
0.3362155483
0.3484814581
0.3500832283
0.2847363252
0.3063679293
0.2995709459
0.3255971043
0.3333831049
0.2882941794
0.3149363241
0.3162459163
0.32806735
0.3146566184
0.3124052274
0.2956884385
0.176274365
0.2143231218
0.2255848952
0.2599706237
0.2782054989
0.274996222
0.2627018256
0.2842049826
0.3653563221
0.2798198979
0.2323725802
0.1894095023
0.0343343412
0.05867183626
0.08103766481
0.1044751096
0.1165874151
0.1294476431
0.1268147346
0.1355963559
0.22752453
0.1693505547
0.06947154917
0.04110781217
0.370708973
0.357003938
0.3526532539
0.3594415209
0.3643753898
0.3645473918
0.3711292964
0.3720238373
0.3805170038
0.3702399889
0.3794935031
0.3737219316
0.3455187718
0.3537917933
0.3497920159
0.3543289936
0.3576415818
0.3647360139
0.35244377
0.3509494048
0.3717109257
0.3534444636
0.3731341089
0.3760714708
0.2909466853
0.3311655764
0.3493593169
0.3392618002
0.3398166728
0.3412768928
0.3295580219
0.3247280877
0.3399209627
0.3327155582
0.3297140182
0.3305646864
0.1949703956
0.2691494147
0.3008855642
0.2855531799
0.2898401506
0.2948163526
0.290178006
0.2781376053
0.2820646338
0.2715445998
0.2518505841
0.2200487467
0.04545433903
0.100554528
0.1179711147
0.1283572104
0.1273610286
0.1427107242
0.1408254186
0.1431587017
0.1224523973
0.1280514954
0.08303363121
0.0486743013
)
;
    }
}


// ************************************************************************* //
