/*--------------------------------*- C++ -*----------------------------------*\
  =========                 |
  \\      /  F ield         | OpenFOAM: The Open Source CFD Toolbox
   \\    /   O peration     | Website:  https://openfoam.org
    \\  /    A nd           | Version:  7
     \\/     M anipulation  |
\*---------------------------------------------------------------------------*/
FoamFile
{
    version     2.0;
    format      ascii;
    class       volScalarField;
    location    "2";
    object      Qdot;
}
// * * * * * * * * * * * * * * * * * * * * * * * * * * * * * * * * * * * * * //

dimensions      [1 -1 -3 0 0 0 0];

internalField   nonuniform List<scalar> 
6144
(
1.197450616e-05
1.027083868e-05
8.370019224e-06
7.570670202e-06
7.336877646e-06
7.002092685e-06
3.956053944e-06
5.52840449e-06
8.274853859e-06
8.888400246e-06
6.881968418e-06
5.838141244e-06
1.035699703e-05
9.895046927e-06
8.887051164e-06
8.493351831e-06
8.162483562e-06
7.485502601e-06
4.468882973e-06
4.985073414e-06
6.483946621e-06
6.792953365e-06
5.663788345e-06
5.501694084e-06
8.752397679e-06
9.521533413e-06
1.013746525e-05
1.055034338e-05
9.541820947e-06
8.488524165e-06
6.997132245e-06
7.33100201e-06
8.638907874e-06
7.345991744e-06
5.740579951e-06
5.977948117e-06
8.814966139e-06
1.111139155e-05
1.373444092e-05
1.545229232e-05
1.318814382e-05
1.149874267e-05
1.459180017e-05
1.438516517e-05
1.627498848e-05
1.144923756e-05
7.216343473e-06
6.8490975e-06
1.01028007e-05
1.408920163e-05
1.796068865e-05
2.067973184e-05
1.803045839e-05
1.68950284e-05
2.820473075e-05
2.396985292e-05
2.483550746e-05
1.565733067e-05
8.564148378e-06
7.129925219e-06
1.09658539e-05
1.498016261e-05
1.67016277e-05
1.786534662e-05
1.815093754e-05
2.044426381e-05
3.74853613e-05
2.445006175e-05
1.919539844e-05
1.193309064e-05
7.258003312e-06
6.147498469e-06
9.85973047e-06
1.28823548e-05
1.354977839e-05
1.400796179e-05
1.550155513e-05
1.886724474e-05
1.317481925e-05
1.086731779e-05
9.863372575e-06
9.299140582e-06
9.146869369e-06
8.79449022e-06
7.977671979e-06
7.759221755e-06
7.437635302e-06
7.373294838e-06
8.123797653e-06
9.484037792e-06
9.694046059e-06
8.985585686e-06
9.191415047e-06
1.039773524e-05
1.166708178e-05
1.039196364e-05
6.090742719e-06
5.45596451e-06
4.99800376e-06
4.762132552e-06
4.988070385e-06
5.468188578e-06
8.280680112e-06
8.532627484e-06
1.015996349e-05
1.40700365e-05
1.789967888e-05
1.420367436e-05
4.724804066e-06
4.449018669e-06
4.22534067e-06
4.011836755e-06
4.003496738e-06
4.192053943e-06
7.883922512e-06
8.617655297e-06
1.129128021e-05
1.762014945e-05
2.417755494e-05
1.818340759e-05
4.160319951e-06
4.267491177e-06
4.293729905e-06
4.042589655e-06
3.902526329e-06
4.031689509e-06
7.822991133e-06
8.278047435e-06
9.926037743e-06
1.385167286e-05
1.825984754e-05
1.52929842e-05
4.172664474e-06
4.595398478e-06
4.840708188e-06
4.517858763e-06
4.387889529e-06
4.868488978e-06
8.333092317e-06
8.311341124e-06
8.703806691e-06
1.015337638e-05
1.205303825e-05
1.139747617e-05
6.581677327e-05
4.631590149e-05
2.584093106e-05
1.798959602e-05
1.619878888e-05
1.265652849e-05
1.924310699e-05
3.567367037e-05
6.563875956e-05
7.369907831e-05
5.153482041e-05
4.001545457e-05
4.656375486e-05
4.132493455e-05
3.064790383e-05
2.701991117e-05
2.409680497e-05
1.71499534e-05
2.384411009e-05
2.906487618e-05
4.545600556e-05
5.019295225e-05
3.780500063e-05
3.573716441e-05
2.868051791e-05
3.649516599e-05
4.2946697e-05
4.787770653e-05
3.718733846e-05
2.623665374e-05
4.650069873e-05
5.19291673e-05
6.790994841e-05
5.460011761e-05
3.791604806e-05
4.045471424e-05
2.891630152e-05
5.2572974e-05
8.079253217e-05
0.0001008079071
7.454610188e-05
5.670585624e-05
0.000122514022
0.0001242534271
0.0001529026396
9.875424808e-05
5.275506002e-05
4.859242165e-05
4.196956079e-05
8.449961559e-05
0.0001274230724
0.0001602368998
0.0001270430285
0.0001151936331
0.00026422616
0.0002270769136
0.0002542678675
0.0001477648255
6.758431687e-05
5.148467429e-05
5.121573046e-05
9.537613994e-05
0.0001128790125
0.0001257132984
0.0001289964862
0.0001585928918
0.0003722505363
0.0002263340518
0.0001786838044
0.000101538899
5.111661649e-05
3.955873613e-05
6.420189617e-05
9.572723366e-05
0.0001020288726
0.0001071646036
0.0001239771844
0.0001630646851
6.555587547e-05
4.110399189e-05
3.126671647e-05
2.50329007e-05
2.312954968e-05
1.990495711e-05
4.692950566e-05
4.429919482e-05
4.021132495e-05
3.916650679e-05
4.680361568e-05
6.13148355e-05
2.930955828e-05
2.192316771e-05
2.368772223e-05
3.536325878e-05
4.865974498e-05
3.501062874e-05
2.873332335e-05
2.273465364e-05
1.786481793e-05
1.517761038e-05
1.728372301e-05
2.2361006e-05
1.529704209e-05
1.758355361e-05
3.345313794e-05
7.351816923e-05
0.000114445836
7.233003594e-05
1.544328905e-05
1.308988284e-05
1.094487853e-05
8.643618157e-06
8.465617811e-06
1.02417036e-05
1.161676876e-05
1.838915835e-05
4.504600694e-05
0.0001105552122
0.0001833184495
0.0001160370944
1.019820088e-05
1.162042613e-05
1.213238484e-05
9.329393742e-06
7.698113517e-06
8.802085257e-06
1.123037902e-05
1.515496109e-05
3.060667949e-05
7.034263576e-05
0.0001186255514
8.571141797e-05
1.067190292e-05
1.530644394e-05
1.811392592e-05
1.406425999e-05
1.239393431e-05
1.740491194e-05
1.669553166e-05
1.595094131e-05
1.902351289e-05
3.287087192e-05
5.252197591e-05
4.533839533e-05
0.0005898691336
0.0003874181339
0.0001821002882
0.0001083209776
9.764954106e-05
6.182498812e-05
0.0001426698326
0.0002957869802
0.000598907739
0.0007036332672
0.0004745814478
0.0003516103874
0.000378185893
0.000323340012
0.0002208748001
0.0001894651014
0.0001669590848
0.0001007732288
0.0001822788644
0.0002279975857
0.0003960500207
0.0004624094025
0.0003319173062
0.0003054880292
0.0001953851223
0.0002657529956
0.0003300821194
0.0003871195222
0.0002788762169
0.0001743794763
0.0003696248063
0.0004331920986
0.0006147036152
0.0004891673055
0.0003262456034
0.0003520218835
0.0001935727054
0.0004109790196
0.0006995529891
0.0009221731902
0.0006370089211
0.0004593880344
0.001066118483
0.00113157808
0.001525047724
0.0009427361842
0.0004611901694
0.0004196278053
0.0003170902512
0.0007325043728
0.001183239407
0.001555097866
0.001166741671
0.001050504212
0.002452138919
0.002182591767
0.002693183353
0.001488650208
0.0006097549648
0.0004474573089
0.0004089419597
0.0008521821816
0.001015240962
0.001144792635
0.001183458161
0.001549184183
0.003634602166
0.002096769532
0.001710019463
0.0009419807303
0.0004280997265
0.0003210171052
0.0005326072131
0.0008302957913
0.0008795690422
0.0009257438699
0.001100923144
0.001535580865
0.0005545542746
0.0003105322417
0.0002226636856
0.000158256446
0.0001406440196
0.000112122625
0.0003861602478
0.0003590149942
0.0003132794126
0.0003005322275
0.0003725831555
0.0005201114696
0.0001980382324
0.0001277857969
0.00014388872
0.0002540585259
0.0003843926083
0.0002427034161
0.0002243435045
0.0001745514056
0.0001259229224
9.833886377e-05
0.0001171273835
0.0001676894026
7.165148625e-05
8.915206971e-05
0.0002348129559
0.0006151267567
0.001010091959
0.0005724498576
0.0001054331189
8.86678951e-05
6.932566595e-05
4.657665273e-05
4.425626149e-05
5.998706143e-05
4.03323932e-05
9.696349883e-05
0.0003422629894
0.0009690834331
0.001734818961
0.001029480161
6.106487936e-05
7.841832376e-05
8.585838932e-05
5.672412027e-05
3.915859867e-05
4.745222045e-05
3.857805021e-05
6.909387879e-05
0.0002017506984
0.0005749778933
0.001074637087
0.0007319816891
6.883654939e-05
0.0001169406116
0.0001472798654
0.0001009638748
8.082145112e-05
0.0001272553188
9.196134794e-05
8.161471055e-05
0.0001017364605
0.0002230449045
0.0004127516453
0.0003399981301
0.005294892339
0.003329771264
0.001450154957
0.0008201851124
0.0007905751583
0.0004587805436
0.001061602378
0.00230806262
0.005106648731
0.006440265843
0.004205968312
0.003018519657
0.003173066513
0.002648273122
0.001724526272
0.001491469104
0.001371822963
0.0007789749226
0.001379042916
0.001751072602
0.003320169692
0.004124474246
0.002832071616
0.002559394314
0.001477443237
0.002037364062
0.002635784077
0.00325660289
0.002237607774
0.001325066901
0.002835224885
0.003456271763
0.005283948041
0.00419265611
0.002738150886
0.003018194763
0.0014552146
0.003287494915
0.006003925597
0.008362728597
0.005472058849
0.003830303774
0.008713824095
0.009707428374
0.01439797247
0.008517328798
0.003855640276
0.003520520402
0.002533530213
0.006215574805
0.01061846047
0.01455547457
0.01036405135
0.009360224553
0.02149920437
0.01984723504
0.02715132413
0.01417723464
0.005158697479
0.003791094371
0.003367519403
0.007430111482
0.008776710599
0.01003763789
0.01041337552
0.01469346933
0.03369698792
0.0184134138
0.01551084416
0.008164076663
0.003367619464
0.002536122446
0.004206531836
0.00685837559
0.007163464687
0.007558271675
0.00914340029
0.01373753049
0.004776295148
0.002460272209
0.00175025281
0.00117169066
0.001027287432
0.0007890345323
0.002974064684
0.002841736248
0.002415078476
0.002291516158
0.00290237745
0.004331666644
0.00153489408
0.0009036782761
0.001033763412
0.001966663424
0.003085373871
0.001805719513
0.001709723935
0.001410823633
0.0009634494283
0.0007145305187
0.0008692509973
0.001341946119
0.0004890675307
0.0005855993779
0.001744860867
0.005014936087
0.008674402839
0.004590307666
0.0007788017851
0.0007022434256
0.0005347294245
0.0003335573098
0.0003078711831
0.0004378623825
0.0002430044911
0.000665121025
0.002678104689
0.008357867006
0.01610423302
0.008979057058
0.0004521515439
0.0006443295066
0.0007319168058
0.0004530872726
0.0002778792714
0.0003338520628
0.0002393412666
0.0004484098609
0.001477038112
0.004676824364
0.009483341375
0.006176715671
0.0005569544237
0.001018885554
0.00131693654
0.0008407585995
0.0006148645578
0.0009981413139
0.0007114668448
0.0006022194106
0.0006997534217
0.001654426707
0.003338581316
0.00266993203
0.001043761132
0.0008314543825
0.0006512133437
0.0005991279686
0.0006037641784
0.0005706154665
0.0002412037933
0.0003886855344
0.0007740081639
0.001027370451
0.000689959694
0.0005200752061
0.00081735884
0.0007651098576
0.0006763723765
0.0006612255924
0.0006573401282
0.0005994202164
0.0002793182431
0.0003267833296
0.0005422889765
0.000680296109
0.0004865647568
0.0004496804459
0.0006531588302
0.0007047393521
0.0007668385507
0.0008358688201
0.0007323033941
0.0006453032956
0.0004497563665
0.0005400193869
0.000808727841
0.0006617032743
0.0004705793378
0.0005215461796
0.0006532671618
0.0008267766269
0.001104611857
0.0013652205
0.001047761191
0.0008823060246
0.001186757899
0.001367671198
0.002148228695
0.001264489982
0.0006109647216
0.0005773837364
0.0007539918007
0.001111748155
0.001575051729
0.002039309701
0.00154607949
0.001454476402
0.002954829101
0.002813862368
0.00421289628
0.00211570256
0.0007840353548
0.0006107475354
0.0008370234503
0.001240262129
0.001359299171
0.001500434108
0.001538905892
0.002064276431
0.004808893806
0.002546145027
0.002211385494
0.001151531527
0.0005103280106
0.000416633402
0.0006682511025
0.001001547367
0.001028774
0.001080899824
0.001270320326
0.001897102751
0.001050897751
0.0009697325016
0.0009196746891
0.0008434531146
0.0006239664666
0.000815682645
0.000519683932
0.0005349823565
0.0004851118334
0.0005160876023
0.0005397595288
0.0007185917972
0.0009053833346
0.0008587280381
0.0008646975551
0.0007139849517
0.0009746676853
0.0009130270648
0.0003985644533
0.0003906889501
0.0003325816502
0.0002617588891
0.0002873372814
0.0003735075042
0.0008336057779
0.0008357649968
0.0009081296779
0.001117148875
0.001421510836
0.001109478011
0.0003064398225
0.000308527802
0.0002872445086
0.0002033559229
0.0001977303456
0.0002190641399
0.0008168232207
0.0008408797084
0.0009757159005
0.001395247968
0.002065813629
0.001453136045
0.0002761679776
0.0003043481838
0.0003167094326
0.0002802511876
0.0001939343703
0.0002616659338
0.0008173677468
0.0008278002913
0.0008913989806
0.001112265379
0.001491633758
0.001230963354
0.0002936628547
0.0003559791267
0.0003950337315
0.0003264045784
0.000292635134
0.0003338510108
0.0008516441367
0.0008427056644
0.0008105749604
0.0009032416966
0.001024400357
0.0009765494835
0.003680105432
0.002235936207
0.001200736455
0.0009663872283
0.001026563589
0.0008305625197
0.000581228965
0.0009586707717
0.002127260426
0.003167719728
0.001988107638
0.00146682579
0.002193749934
0.001899352163
0.001469896843
0.001394844888
0.001340669856
0.0009870487471
0.0006820611231
0.00081017648
0.001455185542
0.00196277595
0.001310253007
0.001228469288
0.001240779433
0.001568830389
0.001984641875
0.002433508183
0.001731550816
0.001225382533
0.001112622972
0.001402631749
0.00224836774
0.001801961812
0.001269456822
0.001491329913
0.001273479817
0.002347949607
0.005195864927
0.007603214871
0.003724905013
0.002671114093
0.003193900449
0.003824316793
0.006485012846
0.003600960902
0.001643391872
0.00160219119
0.002120666068
0.005003427391
0.009249806311
0.01081955165
0.007043211456
0.006464587089
0.008501172595
0.008224991738
0.01353992772
0.006307422605
0.002146453359
0.001671764612
0.004854309659
0.0467138295
0.007082476472
0.006647952935
0.006889549091
0.01088319884
0.01442136355
0.007127362136
0.00639165816
0.003059431598
0.001263463378
0.001030114914
0.00161693562
0.002146841204
0.002201662078
0.002352350323
0.002587659179
0.003794764345
0.003135035001
0.002491441907
0.001857087817
0.00123350902
0.001091983341
0.0009940572049
0.001386928386
0.001333054209
0.001228832123
0.001702807445
0.001336376121
0.001745000889
0.001658424987
0.001090738097
0.001065426321
0.001449460334
0.001965229187
0.001561821831
0.001244491987
0.001276283246
0.0009358453767
0.001540114313
0.0007017645888
0.001017498538
0.0007519259582
0.0009344362452
0.001346807915
0.002536612366
0.00375720646
0.002703160694
0.001120377215
0.001145001984
0.001098365542
0.000784322595
0.0004782626488
0.0005302028873
0.0004992601292
0.0009610859908
0.0023845479
0.003934777225
0.007572037922
0.005342918461
0.001081585065
0.001137683931
0.001155275398
0.0008259477449
0.001495686473
0.0007774918515
0.0005517787992
0.0008843058845
0.001207101162
0.003983483601
0.00503456695
0.003615812419
0.0008637132149
0.001233212606
0.001300762405
0.001164111037
0.001151981677
0.001441619688
0.0009955508261
0.0008722337289
0.000831463724
0.001314560828
0.002075214371
0.001853443929
0.02393537248
0.01620122985
0.005165976503
0.002127859123
0.002496812072
0.001765328517
0.001742919677
0.002903455158
0.003744074163
0.02002436223
0.003527962397
0.00290039437
0.009271593452
0.03668773333
0.03126524126
0.008869802173
0.01463464154
0.01106681159
0.003379391062
0.001869001949
0.004205110214
0.01655498538
0.002523484272
0.002519147994
0.004057486164
0.009364166768
0.01991530075
0.007234778695
0.005814636631
0.1053056592
0.006847369755
0.02314566417
0.00925536827
0.008255848972
0.00898212122
0.003083513852
0.004390643274
0.007147570427
0.01013460565
0.01134185181
0.01164054899
0.01608451107
0.02583509993
0.01807641458
0.009280380443
0.01049103716
0.003036213471
0.006058242031
0.02358075087
0.03370084769
0.01188708584
0.01379462026
0.03071686974
0.03265399234
0.06007009674
0.02715211686
0.009839708551
0.009962146812
0.009102234928
0.007841005873
0.0361549887
0.178770267
0.01084943428
0.01471402102
0.02476225753
0.02910838547
0.04499390693
0.01500981821
0.02000642158
0.004381708814
0.005538578078
0.008082856368
0.006776682432
0.02988713058
0.01158108402
0.01527614009
0.0147307927
0.05832392264
0.1007012984
0.03121914672
0.02228002453
0.003841778208
0.002429045743
0.004269059306
0.01047224392
0.02721233435
0.01685231952
0.004017611536
0.008731013441
0.02691896466
0.004341617933
0.002589823797
0.009785126921
0.006516629158
0.003967486926
0.002895226854
0.01826763332
0.01535840869
0.01371593917
0.006741721037
0.003403392464
0.02749704529
0.00400745158
0.002318433667
0.005791828779
0.01489609206
0.01281185093
0.004992611174
0.008942563879
0.02276197452
0.001387361594
0.001647368788
0.001247890679
0.00100944466
0.001001773161
0.002028173221
0.01231180967
0.117540346
1.997304617
0.04685177647
0.0045587201
0.0178418909
0.004543357747
0.002170641568
0.001276092383
0.0009648451632
0.002856185612
0.002779816951
0.01568853359
0.0106805224
0.01909281871
0.0077561091
0.001664247463
0.004805274104
0.00306129255
0.004669043832
0.006342863362
0.03544460177
0.01314000512
0.00234482138
0.005854558488
0.009100654832
0.004297130278
0.06887549026
1046.938614
94.53209333
20.40945104
30.14965093
146.5936011
19.26973006
21.87737746
5.32316709
9.617854945
132.8742267
23.50086997
3.802032355
60.78733129
1489.314455
794.3695845
242.3272845
4654.433265
720.521958
142.3199546
9.163596807
25.95681144
185.8037615
24.30815584
1.594014667
41.06378408
77.25518955
92.25253915
18.80095508
104.2360409
588.6721161
62.38593409
233.476786
79.88777193
49.26046317
65.57810705
6.682973953
46.56301776
138.5050738
102.0774143
14.41318117
19.17056688
120.6517343
81.45608369
18.16494982
5.565365538
37.0874915
63.25245649
24.13003434
163.6511641
668.4913413
52.79589999
33.14973066
86.53762287
410.4754408
576.9022794
96.96202339
23.72162367
46.87329792
76.03044165
92.67937595
241.8093614
4888.817315
54.4198292
33.32251811
37.1554983
268.0662025
1215.143977
116.4995281
124.9039578
9.787253189
23.87627892
123.0885955
15.91632606
358.5867464
98.58783187
129.1702115
48.54322741
487.3610749
1978.293822
286.7482021
194.1284891
24.92570893
11.71284062
22.38243908
41.54260929
1307.798384
133.0389046
34.23905364
30.66270988
866.7850215
64.42077352
28.68249324
137.9063917
29.0769098
23.85346122
22.08019985
141.5767911
146.2072121
107.330001
47.39207158
81.8201799
1469.006071
40.06261761
51.93224031
59.00952026
53.58721485
215.0369935
16.92033231
90.24289416
186.4834085
26.4256716
9.435287206
10.74092352
7.006509088
7.118290757
24.10969736
45.92425627
1291.049841
136300.9979
636.0496893
26.53671853
292.3668079
25.85416132
9.450168767
32.51900103
14.04969202
10.1661336
11.8471142
67.63781171
197.8483532
1369.132707
254.7181836
4.884609926
19.35490185
5.006050116
12.27343872
37.40134492
307.5749056
114.7351337
10.11852112
14.66873105
107.3565726
31.52922
117.0185596
394782.0775
110936.9558
61225.4617
266901.8359
842222.0474
132763.1268
194990.0777
47580.70321
41820.64029
322808.9145
142519.1306
21806.81061
130682.8923
381740.7951
523534.7308
521505.8749
2206147.678
521168.9568
357302.2019
51299.94284
102861.2967
1056053.214
208570.457
6761.897626
121050.6065
148234.7543
256730.7204
102101.6979
371791.9833
471893.7702
101872.8842
921535.3212
237337.5662
270054.0604
461115.6073
46648.03106
175758.872
693194.8267
1039233.041
112998.7451
102090.9689
290706.4982
63161.91417
41495.02996
15077.00301
244389.8465
482600.8828
225825.4775
378810.5347
725914.6551
434113.4101
293147.4836
326883.3241
389611.067
628585.2279
199450.8456
70929.51646
508016.3545
445498.9817
326110.6439
576483.4964
2925111.309
504702.2202
250706.1676
156307.4218
455632.671
822564.2848
274977.2469
291400.8643
35451.93729
57660.78004
238197.3377
62911.08197
541120.3497
813229.6944
982403.2616
300525.6974
925546.4215
1207491.145
248072.7836
365217.91
108255.6891
84771.35812
104309.6958
91838.31678
826117.4619
730937.2843
203583.5476
120348.2982
935464.471
204920.7336
108357.7513
258000.3378
128271.3327
157957.8077
159110.4772
445091.6947
752183.1581
839001.9502
140451.9714
232929.2242
570530.0732
107576.5668
190480.0714
140913.7763
124325.8766
357593.3623
94556.41694
320329.0883
748024.5668
286767.5558
58262.08403
37478.34924
32952.15968
15623.77545
61810.63953
106563.0378
1486940.095
55606031.65
685838.2582
133198.7253
453903.5681
136428.5515
58352.37799
207085.5434
135857.0055
58162.11287
71346.73372
300752.764
458293.3172
928250.4443
595067.1721
29151.14996
181001.1387
65008.80188
109624.849
379985.3736
734588.0105
430696.4629
72043.03349
59617.80006
93288.02125
51508.73579
177498.736
42182024.13
36408484.74
35014443.18
36753819.84
20001206.55
34090019.88
27930641.19
1247136.52
44432662.58
52886084.06
2269660.355
956377.0458
39108079.69
38935508.97
39843202.09
41801529.21
17934357.56
32429135.85
32365994.58
1083029.78
38940786.72
35593095.39
37168295.54
649461.771
36464247.94
43599187.86
43598021.22
54950832.22
44506536.41
41996550.79
1194641.248
33556361.51
3383760.634
39590104.35
36979730.21
2457537.574
39196955.35
43413719.44
32157719.6
53664003.45
58787252
58566106.78
922395.7299
1427670.336
419656.3142
48910745.44
30631162.79
40826315.12
42345737.26
57896763.72
49442540.31
46081208.28
52659654.33
67120213.69
9007942.844
2348845.369
1009575.524
47291050.45
36882335.4
42644554.59
34289881.53
35555424.32
46121048.57
48727676.96
61230542.78
61089247.68
63845124.98
64804801.96
3602283.965
909018.1418
1281783.659
2366951.523
39859711.88
44685213.88
37659027.74
26738079.92
54526641.9
52352350.81
58561949.4
45150701.78
4227028.4
1205737.682
995530.8989
809730.7426
35420064.02
32451163.13
31671195.7
41305571.58
44303556.87
46106981.52
2988228.066
973569.8127
32295184.54
1348674.689
1576558.247
33558317.32
28931565.66
26301361.88
13389951.76
35916341.81
35122077.23
34815074.82
769625.3458
504548.2639
804137.9672
2402561.452
3927155.791
41171566.6
30677889.78
21618137.49
30142367.11
34122414.37
1053223.831
681494.1668
266368.5253
460194.8156
1405402.514
40043713.13
594127.3601
42809382.5
34778597.57
34772177.99
39987399.41
37665721.93
20596912.97
32262238.46
34926551.79
36151047.24
31611310.28
37060472.39
44522020.38
39600867.53
2765045.85
40693418.6
46229906.5
42119463.92
14927722.12
21895988.75
37938712.43
39051292.21
36231082.65
34109107.54
1749946.883
37152401.8
12565248.92
11273771.01
11297280.95
3387322.797
570346.8607
287635.0353
324363.4345
33593194.12
14373751.9
7197658.752
46701632.85
44290385.17
10122960.17
9668975.475
3956836.64
4503628.587
556344.799
388503.1187
7423907.441
31645883.44
12235328.81
2413782.158
13638941.4
1992453.691
8171160.998
8113455.479
510428.5844
631829.1903
1068962.397
12235858.97
34117922.41
4391381.057
44813120.71
9338500.062
5855127.913
42584747.68
9771652.974
1500020.936
603367.8217
772636.977
2839593.355
14320490.3
53450553.41
58642381.49
1898908.457
16539031.78
439598.8761
5123461.018
2998857.644
4039836.559
783050.1838
808903.3584
936911.4278
8753623.695
53573559.29
67005616.96
4535553.657
10711443.54
2304685.251
12127716.46
519159.8363
571401.3643
561874.245
816343.0155
954128.4453
2008131.134
6433385.894
15207353.58
63852614.54
53659358.32
36749496.19
33418185.68
9857748.726
3858395.131
547884.7131
865938.0975
4175693.479
1481389.879
9661865.158
14591091.98
40850483.95
36322039.61
32681131.65
31218404.96
10038755.92
514798.1791
589089.3737
7116933.342
12290620.34
5881137.44
41119437.83
32139716.19
10404716.98
33995053.01
35503123.91
9710800.245
362987.3463
514115.4515
545287.5951
6775416.962
8607943.448
10195799.82
30720698.2
31734740.17
31867946.66
39385182.3
46668553.81
10183890.1
264550.7817
416630.1507
453688.1921
10497104.24
33497714.67
34221616.37
386950.3485
30078190.84
34602480.81
5253959.599
181258.85
3206120.992
8890557.28
1447807.216
7506571.585
9290957.014
736648.811
433689.6781
11428500.83
9191559.163
352080.3245
5200165.211
6995401.228
5204149.119
36054468.77
362422.463
366000.0383
6340166.76
502551.9189
502699.5057
478702.3096
11319682.69
9647822.037
10766849.66
35371274.38
12199441.42
6064086.299
3964620.118
4031750.623
114755.5461
177805.1909
68083.70935
94713.01528
8203265.218
5088577.369
1599505.392
11790060.2
13112336.23
3393717.35
3172717.416
172422.4183
131751.2564
186308.5384
95896.37349
3698413.754
8053199.11
4472585.098
461559.4959
5005192.161
33942745.31
1817718.553
1187606.952
128082.3544
127470.8764
147866.1654
5099227.003
8758747.277
2140277.332
13048900.49
2844607.218
1644293.89
11203051.18
2586219.466
175773.8518
166903.1743
205434.4938
232106.2894
5738909.279
13783958.21
16731451.5
76598310.65
6190232.879
119079.7245
640252.1625
155148.8353
233451.7027
212298.8859
139211.0867
235496.9726
1315179.378
12162360.71
15779013.99
73028688.6
3521545.891
151883.6106
4239010.038
146833.8178
167796.6134
149636.4608
211992.8866
230934.7673
312101.97
720653.5903
4337726.136
15806978.83
14556861.57
9011750.162
8102429.946
2376293.549
161444.7151
158824.2642
247852.6739
221419.38
221181.5321
2857003.975
6211376.634
11432454.91
8768150.566
7770836.223
7345777.174
3255342.961
144285.6378
182048.1363
1017767.053
4037180.567
2032623.314
10555819.62
7774423.884
3512455.496
8056972.609
8288474.294
3449145.864
105395.6391
156000.7159
187096.5896
1264276.296
2818654.568
4001568.75
7540620.224
7420034.114
7477886.645
9399732.465
11669212.55
2900656.86
71987.05892
124713.3
136571.9255
3720582.144
8104593.148
8372131.769
28880892.63
7372363.075
8497518.104
1918274.076
78830.2922
187674.8861
2768182.75
73049.38086
957223.3358
2091123.302
234907.8937
128694.0515
4557173.984
3300458.63
102465.3592
690235.4711
1910217.757
609273.7525
10630482.87
102302.116
93299.31028
377027.3898
176256.1342
163281.3158
122942.522
3833913.019
3031134.017
4063878.637
9603740.849
4633746.626
4050256.12
1993486.388
2018455.734
203658.0141
82318.07228
29638.32451
434699.6121
2756301.614
2682830.26
1005546.83
4847914.445
6840867.138
1786149.42
1718320.383
391969.6286
42731.20687
90285.75152
35634.92796
2439925.414
2691926.392
2376937.359
740387.1835
2293084.628
7782297.153
728214.4532
415926.4866
48271.17322
46255.37959
59017.32436
2958085.632
3097305.233
1828572.747
4683926.785
1265217.798
1161037.863
4634879.696
966366.0246
64629.90655
65442.95235
71948.04233
80030.0665
3261759.58
5006645.258
6108741.53
17873833.13
2270825.666
44508.97649
385571.046
64895.01637
76269.39066
70608.09878
29160.10737
98040.31748
352029.953
3883720.866
4415320.701
14341647.18
1483863.345
290394.538
2113547.163
60552.90404
70317.78746
59393.08614
68192.39201
82260.52454
109767.9835
195455.0451
1626771.271
5008288.086
5832722.785
2507971.929
2704777.23
901939.2372
53166.33589
58538.78698
96112.44143
71287.13985
83925.62324
1623458.246
3453700.416
4874928.11
2552751.918
2333230.027
2109989.135
1528512.596
55873.63783
78003.31684
278367.0203
1839938.229
1757539.052
4010800.591
2194587.418
1406484.763
2452106.698
2542260.925
1587762.813
50876.23934
72266.86761
96311.67349
554409.0884
1485073.725
2078545.847
2125322.049
2137089.881
2068045.774
3257261.047
4531680.143
1360209.893
37187.95834
59527.87673
65282.74531
1923383.471
3306686.862
2972645.188
6398753.689
2150981.343
3171117.386
1317270.758
44679.53796
63719.00201
1305069.667
24942.33322
210443.9755
760651.7
111885.8092
159448.3749
2712650.346
1945579.256
218739.4524
311224.74
1095841.311
193169.9779
4899907.269
49041.93073
40253.87711
52717.37144
93885.33646
83154.78023
55198.61183
1710235.433
1485975.387
2243125.868
4276346.544
2104452.82
2713551.859
1254857.689
1342599.133
412308.9148
47676.2787
19912.1966
943042.3238
1351466.036
1903026.471
848331.9814
3060207.918
5750910.342
1127384.052
1195436.368
661511.6078
27573.30764
53707.46311
183794.978
1808155.558
1228684.457
1479303.03
944010.1835
1449937.544
2884261.948
636804.5042
287127.3439
26098.38716
23881.05099
179223.2402
2225293.563
1489941.869
1722774.852
2076795.146
716945.2461
1055172.327
3003230.55
522598.8403
34214.03379
37300.74292
43556.35083
41956.09811
2092919.789
2990107.262
3129347.813
5059339.641
955970.428
21505.40552
364339.535
37907.69007
35086.87012
35821.63133
12284.30538
39643.03191
182393.2186
1776383.539
1535728.944
3354910.495
911389.7325
498163.4467
1326763.265
31904.20856
35915.74081
32570.72317
29770.65825
36471.72385
52326.43366
122074.0863
755888.1645
2295648.923
3838162.353
2337890.402
1358784.133
457112.2533
25581.2655
38149.02399
47497.61557
32678.79985
42980.12047
1229456.4
2384917.617
2796928.66
1020681.226
941679.3385
761831.968
849401.9226
35674.87046
47943.29783
159680.6714
1072980.408
1624996.912
2450946.058
782317.7713
650205.4917
937371.4529
1063453.395
955521.3536
27387.34735
38899.27685
58435.15879
418412.9243
1003939.041
1248484.362
765197.4637
727358.1601
736960.0103
1770175.2
2753840.074
864226.7971
24787.70761
30849.48472
38962.05922
1295659.553
2023895.411
1760030.881
1703971.625
859553.8563
2037022.288
1182272.055
52831.35319
29573.35934
725212.7763
8693.383014
102437.0173
451048.5046
68051.39945
583179.7877
2292137.571
1465813.278
547818.9117
262863.2711
776206.1694
134994.7212
2428727.724
33604.2155
23301.88393
73047.95204
57898.7112
52259.7788
72615.3613
876944.8685
908603.0425
1480783.699
2845943.802
1060973.073
1754440.826
931539.6884
1030106.76
518329.6758
33011.41846
76039.70765
1066623.618
878174.3695
1380568.966
785307.5822
2537397.345
4983410.237
758808.5972
920551.3473
767744.4964
39866.71912
36664.49143
293212.7709
1415090.31
730073.8569
1185115.413
912872.2526
1060756.318
1687646.961
253551.6124
239272.8064
17796.76672
16889.90941
239187.9893
1921734.564
968410.4466
1582551.041
1152779.261
465056.0819
988364.3575
2452357.708
340586.7144
31566.48309
24526.9454
26534.02158
52719.69165
1530691.677
3022783.826
2088554.943
1835918.035
426927.4689
41803.50146
351068.9552
66346.3538
19471.38732
23540.8106
7291.737147
23259.60856
134350.2882
1095029.357
680692.1835
971356.6692
680887.2026
580757.8884
978230.3668
20285.61639
21870.83064
20767.615
16258.64642
21752.6532
28751.37667
89651.44476
466907.846
1397412.841
2858401.718
1914770.072
937742.2846
259811.3808
21344.66455
25767.72811
27693.50191
23738.75508
55202.40216
1073416.101
1923427.405
1925304.571
501782.0462
410807.9866
348542.5175
489506.6169
23653.37579
30067.2129
110795.3331
664145.8355
1538214.581
1869153.626
374688.6511
352184.4886
438225.8663
591769.886
696597.6501
21509.19811
20003.21279
40133.35424
370320.3149
784474.455
980809.4377
333869.5159
311822.5867
343681.4792
1305153.599
2032815.634
634213.08
17275.99752
22815.20927
74305.88676
975376.96
1527861.652
1431053.601
652770.2677
482957.9283
1736316.263
1077605.276
114786.0491
34326.15789
422487.0835
14284.30335
71408.55764
291621.4154
97071.6612
725655.9569
2190160.085
1246251.673
646288.1339
226978.9553
551963.4147
103649.5883
1160815.206
40479.50419
15841.64834
83739.30927
40841.18515
35474.13063
130614.0858
488397.9263
608247.2304
1026305.866
2110310.087
578815.9794
1134588.364
765353.5661
900688.1226
587451.6109
38633.40993
118039.6481
1053660.514
669730.8778
1215164.863
650525.8521
2141411.612
4084384.856
527813.0132
775536.2912
788496.5621
52648.81295
33268.37452
340976.1257
1188796.467
536206.3228
1006810.115
1003588.643
870363.2869
1392919.402
226651.7048
207544.6059
42286.97341
15289.54109
239646.0875
1706538.781
749311.4801
1450265.938
766885.3493
323571.9106
902709.6415
2103938.302
249481.9113
37151.89918
18107.06035
18834.60242
55314.888
1206952.95
2203523.504
1656069.636
1248024.068
248485.7555
59942.04791
313934.5711
81663.91837
19812.28224
14413.81211
4064.823565
16148.72574
94151.31998
771135.2622
389257.2058
364195.2582
543717.54
582026.4505
777959.3639
20183.53026
16209.95886
15420.11424
10085.88909
13671.38453
18812.1841
72655.77712
281101.9823
1065657.289
2612878.664
1087024.881
797522.4616
156763.4159
21541.24116
17848.68709
18697.50461
24886.18343
66270.77732
973160.9732
1695664.346
1587475.894
305294.4599
213472.7845
195533.3934
287115.8713
24418.39614
22752.63853
78891.30353
304530.4086
1469194.679
1650150.235
235258.7116
224069.934
247765.6391
421915.8102
588214.1225
19936.26993
15971.11243
30097.10065
305780.9835
679527.4582
842141.9153
175841.3591
154709.676
212480.131
1118067.348
1613157.494
508539.0312
21826.47551
16642.74787
83147.77147
796819.4798
1283158.671
1232786.9
383950.403
374740.7846
1575044.145
972004.6118
123808.1876
36250.86819
251433.5208
21346.54748
52484.4316
203554.4663
125365.6161
722467.2563
2042499.88
1103387.601
631873.9836
189981.5438
388501.0819
79763.58413
566677.3746
40443.87073
14433.90709
77504.50757
29664.77295
31044.10602
135043.3287
296275.7634
431233.7653
717121.6334
1569471.639
337149.4008
9.063728431e-06
8.209774071e-06
7.013046462e-06
5.775506314e-06
4.96709501e-06
8.391370679e-06
8.499529429e-06
7.893053869e-06
6.602474338e-06
5.569679049e-06
9.502693192e-06
1.097164202e-05
1.130853142e-05
9.715599686e-06
7.974300527e-06
1.162746701e-05
1.580726441e-05
1.877512928e-05
1.745082787e-05
1.431198483e-05
1.14851705e-05
1.612929257e-05
2.073940304e-05
2.197703975e-05
1.88994442e-05
9.028046394e-06
1.231792805e-05
1.514364032e-05
1.464930459e-05
1.192035508e-05
9.363485862e-06
1.034628175e-05
1.136127966e-05
1.10569351e-05
1.012166417e-05
1.008834288e-05
1.035025268e-05
1.136470167e-05
1.183804388e-05
1.11104033e-05
1.195447473e-05
1.02030694e-05
9.775150003e-06
9.631716855e-06
9.246239486e-06
1.449091463e-05
1.075746234e-05
9.168032029e-06
8.525802455e-06
8.220920053e-06
1.371579107e-05
1.053789196e-05
9.129588797e-06
8.569285959e-06
8.329502802e-06
1.222390922e-05
1.056528805e-05
9.91713802e-06
9.722887104e-06
9.597096173e-06
7.320470933e-05
6.518348941e-05
5.255964732e-05
3.938511933e-05
3.131597492e-05
6.505282168e-05
6.783509486e-05
6.131741309e-05
4.704432277e-05
3.659249671e-05
7.519412114e-05
9.266443649e-05
9.651435567e-05
7.820575737e-05
5.975735986e-05
9.698952549e-05
0.0001438532483
0.0001792201454
0.0001625553271
0.0001259941578
9.587696413e-05
0.0001447201094
0.0001954540266
0.0002098872399
0.0001750302816
6.834261427e-05
0.0001021341402
0.0001325855064
0.0001277282433
9.747765308e-05
2.580455001e-05
3.596173088e-05
4.747427955e-05
4.417946307e-05
3.381677712e-05
3.187803462e-05
3.563780048e-05
4.75979042e-05
5.3704537e-05
4.521909668e-05
4.970468342e-05
3.357918847e-05
3.017465718e-05
2.91722832e-05
2.513162838e-05
7.635019352e-05
3.927063145e-05
2.3863205e-05
1.78229905e-05
1.493886654e-05
6.758570874e-05
3.63445557e-05
2.315505921e-05
1.814783369e-05
1.609161219e-05
5.171254909e-05
3.638921136e-05
3.129066432e-05
3.025563979e-05
2.975133656e-05
0.000679054286
0.0006102449123
0.0004866296997
0.0003547200728
0.0002782512022
0.000578035437
0.0006245475242
0.0005637715612
0.0004194538233
0.0003202018412
0.000666622224
0.0008549635623
0.0009036380708
0.0007094828167
0.000526293231
0.0008845128
0.001366633327
0.001772339283
0.001583939524
0.00117910289
0.0008802917888
0.001351994547
0.0018665866
0.002023588169
0.001637456134
0.0005888833777
0.0009027011251
0.001204970135
0.001164911394
0.0008528881575
0.0001656260377
0.0002619958617
0.0003857943406
0.0003517690026
0.0002434231198
0.0002104120614
0.0002567654053
0.0003907275315
0.0004686440775
0.0003728090426
0.0003691116897
0.0002341033433
0.0002103324312
0.0002056513484
0.0001652486023
0.0006354204438
0.000289841434
0.0001497165426
9.624726178e-05
7.034047439e-05
0.0005391461241
0.000252640118
0.0001385638212
9.759872596e-05
8.137785881e-05
0.0003815239034
0.0002518568469
0.0002180549905
0.000217318715
0.0002198454912
0.006052734195
0.00557002434
0.004437795858
0.003162142019
0.002460483214
0.004868813307
0.005424064901
0.004986043547
0.003651625059
0.002748503273
0.005660651799
0.007415817438
0.008085055727
0.006234343993
0.004487953875
0.007731893481
0.01228198592
0.01652416304
0.01457157673
0.01045429855
0.007774897381
0.01199626003
0.01693497678
0.01860909697
0.01438636449
0.004836980408
0.007523296965
0.01030475244
0.01005144031
0.007107070085
0.001248113783
0.00213430595
0.003351255306
0.002985396221
0.001937059217
0.001566129809
0.002056234556
0.003406129208
0.004291926932
0.00327454769
0.002898155389
0.001826831355
0.001672972781
0.001669628288
0.001291596154
0.005294274147
0.002309392001
0.001131540458
0.0006903064578
0.0004770001102
0.00428933258
0.00189352522
0.001000142272
0.0006981202613
0.000580273282
0.002877770349
0.001896556633
0.001725304893
0.001794893272
0.001878085607
0.0009492119808
0.0009057922328
0.0007451199924
0.0005542952611
0.0004546657399
0.000744701604
0.0008352718769
0.0007947820922
0.0006062066915
0.0004805408871
0.0008506554071
0.001081856417
0.001196188502
0.0009358380009
0.0006919946316
0.001142449813
0.001790105328
0.002450667964
0.00213268985
0.001504257607
0.001160082786
0.001738875713
0.002479437659
0.002791771269
0.00209589719
0.0007143276224
0.001062810728
0.001457739733
0.001450065956
0.00102943682
0.0008829135239
0.0009513630546
0.0009051724698
0.0008529080833
0.0007265857094
0.0009014471483
0.0009410894456
0.001049405926
0.001107607128
0.001039124012
0.0009955724804
0.0009241048313
0.000915178272
0.0009171001404
0.0008870950546
0.001166996133
0.0009579323704
0.000844327316
0.0005964443322
0.0005747932919
0.001504163222
0.0009211634996
0.0008654260087
0.0005979465378
0.000587189552
0.001444053966
0.0009235096191
0.0008897581613
0.0007232726116
0.0007376894674
0.002809430008
0.002763450304
0.002244416046
0.001596218356
0.001275226139
0.002065276754
0.002386530513
0.002318523392
0.001709318426
0.001313702529
0.00237279837
0.003024841078
0.003462314142
0.002576076988
0.001831979916
0.00327764885
0.01236978046
0.01798569387
0.006431917112
0.004291965946
0.003364830815
0.01189835782
0.0180310909
0.02158298076
0.006478202209
0.001865198875
0.006349252213
0.009391523948
0.009719122683
0.002862302364
0.001303907521
0.002246856624
0.002534146714
0.002424650143
0.001807062169
0.001704141022
0.00162803463
0.003588774665
0.003535027055
0.00347330011
0.004844459352
0.001876595614
0.001741329973
0.001793517564
0.002133413124
0.002709082345
0.00188243207
0.001203848187
0.0009424185465
0.0008233464822
0.002398830016
0.001480264004
0.00111050464
0.0009084554479
0.0008972800528
0.002869122701
0.001801161483
0.001888883582
0.001714224777
0.001813910296
0.007276396913
0.01415120589
0.01134761867
0.003461925316
0.003688265644
0.005888101562
0.009985680459
0.01033324194
0.006584320373
0.01007805644
0.01079590375
0.01674200219
0.0359921261
0.01944374087
0.01069407774
0.004909055161
0.01007126037
0.01983227348
0.01611420347
0.01045757571
0.005571904172
0.005862955792
0.01202904671
0.01694013557
0.006893898574
0.009526834505
0.0129293668
0.06690064371
0.07910000033
0.01609598022
0.004088235357
0.003722961919
0.06409375001
0.01636969189
0.004883546254
0.00480861855
0.004769853381
0.00761874543
0.06423708012
0.05027595986
0.007291055097
0.003298642057
0.003187322991
0.007361481322
0.007244508719
0.00898812977
0.009041119822
0.01699630497
0.00632127446
0.005988613682
0.05093312728
0.02043974007
0.004150345193
0.002140637525
0.002121933916
6.005824321
2.152303502
0.04580614023
0.02358292809
0.04663067382
59.53057807
50.66933383
41.69677185
24.82436774
29.268164
13.7063103
15.01899372
14.48700332
12.88950742
48.58992445
34.7390929
150.5061881
365.2367633
125.5821835
251.9993528
18.91189691
21.11553803
64.52892959
54.24435331
22.27368232
13.27155295
2.627600268
29.72282467
41.49222398
9.249835037
47.17145866
23.88504368
598.6357317
2327.887321
194.3226628
23.820355
19.5853797
1998.346055
247.0966105
7.209706877
32.47476536
24.67042108
162.5441836
1648.96058
461.1042318
32.64642132
30.99234406
21.96819601
31.33029566
112.6726303
363.2763963
256.5251603
107.3995796
11.56147053
16.39437771
413.7068368
84.75809118
12.70057555
2.394813778
7.863304119
12194.94917
4782.610563
987.8170351
1363.363541
2767.531475
604973.2506
441817.4267
298471.0753
157389.3536
125226.6671
78685.52187
92056.68003
78337.81091
40989.27379
74081.23738
248479.5893
1111650.335
2339177.402
687205.5949
885159.2321
295583.2906
174638.1848
631574.0152
551425.8246
119265.0101
85939.92488
21833.41361
318295.9132
276561.9736
60177.34986
334653.0081
99695.46881
1249161.274
2664952.007
883188.2618
105469.0071
31051.92985
522611.15
355349.0206
25320.95318
87437.27118
85584.67279
315836.1595
933723.5468
439604.154
181081.4092
299624.0373
132773.5423
49335.18191
79213.2886
1672692.801
1829555.031
810011.234
62170.7312
58844.50322
1348930.037
416036.4613
88672.05537
24421.60213
108464.0363
32232778.93
25736220.72
893237.8422
806028.0157
1599755.524
29875404.74
37945366.93
43328728.83
41163710.24
34236670.35
45962473.79
49553729.58
51478606.81
1747815.536
2305253.527
44292352.82
22100072.99
13379631.29
36065385.15
18872998.53
49976947.41
54717142.41
40639212.3
38524762.3
43385568.93
2576554.469
1761453.625
61146495.33
61973001.67
2394296.98
41584290.39
48952336.86
38107880.1
35392143.23
30290811.77
1485359.976
1338436.538
38627133.62
39535381.9
1455826.833
1380730.159
1302402.61
35129254.91
37251155.61
32781953
40165249.18
38440990.58
2076685.008
762842.9065
558525.1901
13812166.4
11005867.92
25835602.03
790088.9689
460753.7648
7172066.297
31781829.99
31648203.29
1122602.935
24755668.16
318473.4081
4739853.172
31889823.01
34625194.46
27449522.28
640315.077
518647.4835
3262904.845
7997117.032
3430165.049
9514640.435
9006905.57
15780739.12
42098692.2
31678373.52
1266955.277
674170.0247
603703.2451
477994.2329
497474.874
5361127.561
2718664.782
608671.0058
509913.0004
439950.9384
58878265.6
70950290.02
6499513.244
5823663.212
56802328.91
6287840.233
10941754.36
408025.7824
464755.7311
500014.2077
34157899.1
34517440.93
11103696.61
10009926.67
33586458.01
35158809.61
35000719.86
9755612.317
8475076.057
3497775.088
3304248.837
8565077.403
31108958.87
1352311.307
666391.8296
659954.112
507567.6099
2071245.629
28745774.04
591438.6605
422209.7942
357547.2159
10102947.8
24406518.56
6047062.046
61159.60297
153980.1958
6773259.262
8498899.121
490536.0349
194230.1954
142007.9118
155807.9741
1249973.607
81114.43699
2877612.648
1794120.137
5836300.832
10306074.4
6678238.901
165697.4086
202765.979
189330.5518
138595.2901
135034.0258
324521.4831
218452.429
163480.3944
134706.3913
102929.1014
14250622.55
15918404.35
513553.2712
330513.8617
10236559.57
1664069.355
2820713.524
108568.3648
124878.0416
133898.1151
8156572.226
8025410.308
4377076.434
3664042.882
7599911.467
8426285.44
7924037.226
3112187.877
3425781.256
1212148.748
150781.4007
3554198.95
7702191.773
27317459.04
642966.5751
193587.3968
180810.0295
3945025.897
7551447.636
20298898.46
111845.8591
87261.06702
4024619.74
6167943.833
2120478.302
36421.95636
41506.09871
1930939.964
2639486.691
33112.8901
540918.8339
57560.84194
47825.39659
356756.2273
19028.47845
1972400.798
837156.3376
3113810.272
3608963.304
2267126.757
63393.7744
89584.14528
90366.031
60458.40694
56654.17121
65115.57109
75114.96883
60036.07892
51016.88968
34534.70033
4793232.212
4728189.96
97582.47863
95604.45497
1828837.359
1135792.719
1352743.709
43618.01719
49402.81584
49528.08997
2623515.277
2454728.146
2266482.104
2079488.725
2756001.78
2730663.809
2350997.085
1298343.086
2045848.44
2108965.881
270918.4763
2708495.114
2808934.448
7819619.901
518076.5397
83852.27981
102613.5787
4623183.805
2454338.251
4444185.152
49339.53125
437840.9814
2349181.852
2182860.961
1293829.598
27798.44833
14801.4384
951308.7697
1227529.376
8937.347507
923257.2077
32284.94949
30843.37406
215769.5065
13568.99844
1734321.167
557635.16
1977890.531
2039751.442
1237751.445
165171.3145
49894.87904
53880.41468
63731.75365
31771.17061
62073.82847
33926.18882
30052.53314
25974.14683
16118.10025
2239052.751
1637784.658
54058.93606
39392.41361
566444.3191
1067802.296
958241.7833
119134.9789
24031.6381
84273.55812
1140252.155
1104689.92
1662514.394
1476817.27
1577251.873
1399343.312
946070.6026
687506.1888
1413683.354
1824295.248
508509.6586
2349285.393
920571.0681
2333726.057
18860317.11
48660.28377
248016.413
4104869.501
1048592.686
1181873.59
31916.62301
785953.7757
1704214.494
1118318.619
941978.321
19142.25665
7084.042363
601356.5873
731959.4711
71294.26432
862409.5909
29079.58549
55526.9684
161929.8275
39623.38835
1535276.02
441891.1508
1404728.848
1480434.235
805186.5689
240009.2241
32422.97258
36924.809
114067.1239
31574.57793
65345.72936
19733.86036
17841.36571
16033.90653
9682.140604
1220073.523
641079.2672
40408.43365
33028.37817
171369.7435
1019662.839
770211.8062
197564.5497
50170.31539
142148.2611
715262.7199
749657.3574
1330151.051
1894522.269
1124670.537
954191.9073
496391.8243
423859.3702
991855.8906
1293686.681
631993.5737
2046358.397
737735.3446
767670.6736
3511788.645
35501.6089
463012.8574
3352303.094
618750.0453
403188.143
32364.05193
857523.0784
1346492.868
715696.8545
646466.4929
13525.38084
60030.94083
425158.0508
488421.5825
-20535.28417
686474.4911
43742.49287
56480.60596
124951.6801
44081.10985
1330402.403
341396.6825
1018613.415
1256922.128
559909.0286
246302.4554
27768.13265
48427.35654
108846.8718
34958.6807
56744.10289
19642.74036
12019.68931
11178.58856
7603.788328
674677.5055
284359.4397
33645.00365
35086.15274
66512.56745
965236.7389
673589.779
218040.927
63763.87252
137173.8106
502020.8365
623495.6385
1180572.912
854581.7999
895271.3027
725241.2267
313464.3453
290488.974
752576.3551
937984.9059
679151.6379
1786624.869
403936.6398
300222.567
810765.4176
45997.53509
581674.522
2688808.803
370650.7308
148237.1894
59278.03069
813097.9087
1130717.464
507293.5311
464208.2191
29066.23993
74694.772
318631.0931
379856.6059
151249.7093
1.179104785e-05
1.057307941e-05
1.026237164e-05
1.029503489e-05
1.028362461e-05
1.106838794e-05
1.014513612e-05
1.03886288e-05
1.104856608e-05
1.147012843e-05
9.485292726e-06
9.122686626e-06
9.298099575e-06
9.554583938e-06
9.618213561e-06
8.9187259e-06
9.155355378e-06
9.255710397e-06
8.917113792e-06
8.561239338e-06
9.544028186e-06
1.078243015e-05
1.127850195e-05
1.016364605e-05
9.132994609e-06
1.028578341e-05
1.260366594e-05
1.396433376e-05
1.214299776e-05
1.033399911e-05
7.564248775e-06
1.026214346e-05
1.17055709e-05
9.899531836e-06
8.144410977e-06
5.816590136e-06
7.243003417e-06
8.793279287e-06
1.003526118e-05
1.100603693e-05
5.757367682e-06
7.434830932e-06
1.06940504e-05
1.564426641e-05
2.017880942e-05
6.132009735e-06
7.241016468e-06
8.973409614e-06
1.085609464e-05
1.222472069e-05
5.610356215e-06
5.824119736e-06
6.126236885e-06
6.348673074e-06
6.437984652e-06
4.860641446e-06
4.684177691e-06
4.537372676e-06
4.409619005e-06
4.314876903e-06
4.74515829e-05
3.652835299e-05
3.48366733e-05
3.619370261e-05
3.721472244e-05
4.182976447e-05
3.376892002e-05
3.770190584e-05
4.590200254e-05
5.187727427e-05
2.648126049e-05
2.368922887e-05
2.614281143e-05
2.923831005e-05
3.031222965e-05
2.155838192e-05
2.461720759e-05
2.608284404e-05
2.231864463e-05
1.856764149e-05
2.90598907e-05
4.305233795e-05
4.905948772e-05
3.622825331e-05
2.470935651e-05
3.792125377e-05
6.480642189e-05
8.140319049e-05
5.897796449e-05
3.787424823e-05
4.533908359e-05
7.497474745e-05
9.129296092e-05
6.913253983e-05
4.93389232e-05
2.598249054e-05
4.035350358e-05
5.569222114e-05
6.635558373e-05
7.568168218e-05
2.531111623e-05
4.126197472e-05
7.35540562e-05
0.000124562966
0.0001749868463
3.021095665e-05
4.048258132e-05
5.701988279e-05
7.493381567e-05
8.957456029e-05
2.472020563e-05
2.613474397e-05
2.882701029e-05
3.058681623e-05
3.175494032e-05
1.685111084e-05
1.50699438e-05
1.357083589e-05
1.227759881e-05
1.153048214e-05
0.0003473249978
0.0002588018336
0.0002555370426
0.0002784364964
0.0003006562641
0.0003052527391
0.0002432618294
0.0002946775849
0.0003895605965
0.0004687453708
0.0001656355138
0.0001476766931
0.0001763710908
0.000208523632
0.0002214586856
0.0001289515532
0.0001620988824
0.0001782562287
0.0001395232059
0.000103966888
0.0002120329696
0.0003576710414
0.000425196975
0.0002874040285
0.0001679983658
0.0003072046081
0.0006048473182
0.0008055593541
0.0005431891406
0.0003080043515
0.0003954372497
0.0007083463775
0.000891115488
0.0006359370227
0.0004255936496
0.000198339043
0.0003313185482
0.0004722334613
0.0005564603387
0.0006433999675
0.0001933589514
0.0003310756176
0.0006266740191
0.001115968629
0.001640661636
0.0002502590555
0.0003373647841
0.0004852234972
0.000644853749
0.0007926328578
0.0001964581626
0.0002041912633
0.0002284937993
0.0002421214897
0.0002559542656
0.0001213405625
0.0001052711673
9.148708881e-05
7.932709065e-05
7.381815455e-05
0.002646046628
0.002016274127
0.00209026233
0.002387903612
0.002717661333
0.002355553312
0.001954150252
0.002533631449
0.003537762261
0.004515584398
0.001181693972
0.001108299953
0.001399160739
0.001689709056
0.001806260743
0.0009690099136
0.001279767209
0.001423970419
0.001069143263
0.000764744494
0.0017902809
0.003190596796
0.00392116822
0.002534615597
0.00138871226
0.002694542096
0.005781784904
0.008213464873
0.005301291144
0.002812826769
0.00334362357
0.00641650188
0.008442402182
0.005734072289
0.003635962612
0.001541162017
0.002628439628
0.003798882969
0.004470105045
0.005334629894
0.00151190612
0.002582645596
0.005062684488
0.009447573477
0.01470791776
0.002106227034
0.002812624115
0.004068445099
0.005338354611
0.00672595171
0.001646972487
0.001689361974
0.001886442263
0.001960020124
0.002096702409
0.0009879673124
0.0008461859438
0.0007230309468
0.0006110521763
0.0005729852156
0.001436403533
0.0009350554892
0.0007488448774
0.0007914146375
0.0008446328578
0.001426990522
0.0009366189693
0.000811677116
0.0009399328321
0.001084926025
0.0008742702911
0.0008760910386
0.0008697909892
0.0007130605437
0.0007261838254
0.0008346785804
0.0006649159709
0.0006804418515
0.0006398265699
0.0006077493397
0.0009469421042
0.001022267856
0.0009997091877
0.0008182960069
0.0009014028429
0.001000230973
0.001265821327
0.001518370223
0.001227933484
0.00102129903
0.0006248573857
0.001012917665
0.001805499173
0.0009330777136
0.0006458199745
0.0003889982512
0.0005689190596
0.0006367132045
0.000710490063
0.0008316571825
0.0003890671983
0.0004984850285
0.000774857181
0.001302818371
0.002024518836
0.0004761608374
0.0005569965959
0.0007046907112
0.0008275536318
0.000995477203
0.000424509336
0.0004261939598
0.0004467093619
0.0004452627248
0.0004993901114
0.0003243816876
0.0002963426215
0.0002726319492
0.000250133323
0.0002439386524
0.001759152111
0.001608563093
0.002059615552
0.00209852212
0.002213876123
0.001672609189
0.001666743068
0.002350248371
0.002514969646
0.003032355103
0.001773583498
0.00124456243
0.001728492119
0.001929659052
0.001803792585
0.0012026384
0.001376691342
0.001451856004
0.001258730799
0.001011397612
0.002155171609
0.004003872253
0.002845667139
0.002205436585
0.001676990659
0.003056190841
0.005747433846
0.004424221145
0.00333672288
0.002266996201
0.00303604868
0.01193856635
0.002896109626
0.002312924512
0.001579710864
0.001023409772
0.001281124969
0.001531317243
0.001686832596
0.001890995507
0.001031120467
0.001379811245
0.001778994975
0.01070612418
0.01912041661
0.001408495585
0.001535716904
0.001773849207
0.001891756701
0.002280709534
0.001161181208
0.001325047253
0.001351752619
0.001352402675
0.00221709387
0.0008529419348
0.001572542569
0.0006869969604
0.0006124783792
0.0005992838293
0.05197129404
0.3283495091
0.01000695244
0.008869488812
0.01278959018
0.009851995164
0.003899325641
0.004863187447
0.006127287436
0.009275275524
0.01131682474
0.0125491559
0.006336555021
0.005594594523
0.006274623583
0.006279180592
0.007151950939
0.003500589443
0.004005458236
0.002981519438
0.01324556317
0.1500022098
0.01457226896
0.01038449814
0.006408680247
0.06942803971
9.504914648
0.2061923105
0.02069310744
0.005595778383
1.194907859
33.49022763
0.6180582662
0.03041879113
0.01043077626
0.01054452625
0.108027741
0.004901110512
0.01173319311
0.007536278625
0.004839648573
0.004491352821
0.004038147813
0.03020705492
0.1630807085
0.01172351806
0.007387363345
0.016124875
0.03006208162
0.007100050451
0.003439917533
0.008727218972
0.01838008467
0.02679766792
0.03790503382
0.01185417886
0.01680664149
0.01160936315
0.002448267601
0.003546189575
375.5041858
167.3097435
56.08053293
11.57053374
9.547862238
61.42784081
18.31766328
4.847850194
1.77118291
3.381908921
142.7939482
235.9240697
29.64945455
7.696679269
11.69545891
33.78826563
15.40293577
2.852364655
4.993350483
6.802747309
107.2967354
185.8582102
21.50448399
25.70184449
36.92018908
13188.1281
17553.81823
551.653207
87.0669409
7.20149095
60494.00688
80096.95985
2782.661432
300.1817288
23.30644773
100.3332674
167.2450888
9.525163444
88.74811921
100.4598768
16.49047794
6.173475527
10.30220837
196.2298936
4665.778077
28.7707611
29.42645521
209.2471858
931.8414407
490.0008765
43.99021616
34.14018451
52.21914433
109.7804381
385.5106447
283.9893219
364.5313903
210.7109977
66.31771429
45.74057993
1296167.376
1001257.745
354016.2311
47324.29907
36086.42029
187681.0079
73821.6157
27793.90682
9311.059352
27307.38299
276191.8786
400493.1061
193382.895
67110.29164
140474.4656
228684.2022
60965.63686
11593.11801
29266.90481
42348.65435
910207.764
719653.1377
108730.4338
164826.4911
100430.1948
41554751.49
44437056.22
1904160.117
544812.6605
28589.38719
7075397.48
18789884.68
2667382.131
1229538.511
102727.735
199539.1433
106105.6941
16415.248
183957.0572
506011.3187
46932.77435
19663.82157
50802.08366
315278.2045
3823774.832
203751.5103
328059.8502
871954.4793
1110872.813
1520217.21
566786.4416
184999.1577
157999.2788
154611.6172
394365.6127
687765.6748
421867.9116
220232.6207
65705.78669
30396.20156
10065898.29
34754264.19
50798765.99
3159322.624
4087656.783
42437331.28
3641073.66
2990123.171
2284595.302
12041049.62
31790157.03
36889252.64
48012229.57
3252239.649
3210956.877
38935601.28
44977590.41
897572.4027
405936.4326
351351.2466
25903798.6
31034240.31
58913369.17
5169007.481
1070688.11
281351.1752
535187.1564
17732962.58
44949405.05
2648203.19
170017.7318
1110921.517
33486767.02
14565698.91
34517986.77
41103368.52
45333304.28
1217781.769
40631532.11
25899770.59
41281922.76
40541077.02
42830785.75
43690482.3
12472882.96
31031368.11
38264696.5
44709032.08
40590369.4
19513935.74
20009011.14
43355001.07
41813921.19
36994831.76
26598011.95
8242747.363
28727536.61
33295826.52
31447301.6
700512.8097
515879.4381
2480653.918
13650161.5
46611331.23
39267378.27
4038719.834
43941958.82
54322871.61
62429275.1
36745290.43
512066.9082
1705239.407
10117023.19
50496883.38
48815308.78
1574280.481
17207014.38
2717240.102
1364826.579
1109066.496
545449.2941
618334.2058
9118606.409
48405278.28
2754717.274
7873.955213
68869.01401
539218.4182
836035.9066
47753599.16
16463.33246
307338.2468
857223.8391
569198.1766
450308.8878
3134111.597
15204096.95
45881685.44
6560883.348
305016.3197
13758728.31
17684710.16
15843324.48
5234842.905
411349.2489
600598.6049
542048.168
2003424.504
425537.8881
474047.5059
659157.7786
8109048.73
12326994.26
11483803.14
485387.7696
437807.5106
533547.2015
1349232.859
10490223.88
26587904.14
128313.1086
199021.9795
4229837.49
11003522.62
6565384.783
552853.508
9916172.051
11823713.23
11611004.97
4516801.381
129084.3187
149863.8304
3377485.792
12807941.43
11965037.59
123178.8338
8332510.564
42716962.47
2468248.891
1398635.517
163768.4893
214273.0053
4086121.113
16721199.54
39629336.96
24370.36646
30244.15495
178484.2354
287634.9925
10166192.42
17872.42104
100506.3217
267154.7056
172008.5396
126250.7228
165122.2189
5797467.7
12262629.87
852485.09
82095.22329
4266760.537
6186739.172
6374444.953
140252.2329
130519.3564
183958.6316
159351.8678
171798.9867
122756.8925
143256.1037
202799.6729
1522511.663
4470831.203
4280566.04
123174.86
153858.3951
162871.9184
149418.0326
3570562.484
5311795.945
45035.24206
167184.1322
1682284.17
3309637.342
1326222.126
509811.8216
3011202.375
3275583.573
2812682.154
848309.2645
43517.68737
61394.86049
2169178.794
4982487.177
4892360.581
722731.642
5046815.032
10851303.95
36624494.93
2040155.822
80076.48427
114557.6461
3113228.581
8844494.568
9472699.33
38978.01827
24647.22479
97455.94411
132825.5064
3264999.731
22669.17022
50266.45495
114321.1632
80366.06429
54431.58351
62911.73653
3777608.488
6957114.208
396914.4347
41297.08704
2042583.021
2806969.812
3685753.259
50871.08402
60773.19206
83816.26277
68202.59549
69178.18856
56437.29473
66085.25837
93625.45382
692631.4502
2322311.017
1968490.465
46918.39341
88453.98453
81948.1806
262398.9778
1768981.651
1624409.118
22145.95338
166810.0721
785191.6256
1197987.375
370560.3874
479029.63
1163131.132
1148662.117
1047611.948
362229.3095
20227.84662
264180.3684
1653726.393
2629736.76
3079598.077
1145955.074
3540640.325
3862583.056
10588672.04
3295999.411
53205.49485
351591.6063
2449334.35
5741765.846
3802027.877
38794.64587
23836.45587
79095.84784
245234.9474
1658718.165
22872.53228
34144.2111
63301.53445
47075.16996
30962.01761
144333.0647
2372650.719
7642885.952
288173.5666
22768.30458
1236267.374
1911884.963
2611902.804
119449.7083
34116.83641
47453.98656
38842.23056
121561.1105
36296.43498
34833.16572
53708.73789
457365.6957
1440763.515
1020139.717
55417.63643
59273.92846
53125.89277
446772.1456
1126208.306
887599.19
43280.06513
130561.2786
365247.6409
516075.0361
133975.751
378610.9992
520295.5689
525357.9865
360939.71
254810.9162
73297.51793
359253.1513
1337090.085
1743730.016
1977065.596
1229298.175
2990053.715
2063867.827
3143925.613
20241068.13
56871.58659
501229.5464
2066634.016
4215612.415
2426115.556
33890.27273
24149.29328
64845.26829
279682.7471
1111628.277
21131.17116
24628.97787
51359.81346
31188.19572
20655.85343
151788.9696
1466208.947
3399773.188
197780.0081
17304.78901
834129.5491
2207782.748
1915127.569
139096.0032
21746.18963
31736.79651
102406.7608
136367.0003
25130.278
23802.88474
34860.60688
313030.5523
890133.765
610847.9791
92385.71049
42205.56348
57615.00473
439320.1314
799921.7102
691544.404
51728.53549
94049.34476
208014.314
219531.4931
51112.92773
277645.5005
250651.5362
230630.2762
234686.5922
183925.1983
100501.739
386262.5964
1114713.539
1361144.566
1370516.251
1064896.043
2837995.165
1506669.731
1147291.808
3801218.417
85548.5372
530802.3697
1723773.795
3345294.365
1103119.105
28920.38265
24137.51612
88264.94811
260570.3534
781270.1574
19123.55947
20412.73365
43171.13697
22686.26806
24998.88971
122043.3053
825743.6283
1632124.025
128781.3451
14656.25494
575764.7231
952902.2845
1426190.788
120272.3721
15250.89518
44601.3627
113294.7452
126576.9443
24680.58955
16664.74017
39129.34946
211308.5334
591175.2289
360893.3298
85003.34589
50911.696
73126.34908
352975.8099
623219.0661
541598.9426
4.450349847e-06
4.191287116e-06
3.979260377e-06
3.815239017e-06
3.720416404e-06
4.753534712e-06
4.710158797e-06
4.522217941e-06
4.198708045e-06
3.970444718e-06
6.399280087e-06
7.200454051e-06
7.241491162e-06
6.194016232e-06
5.312503376e-06
9.768375055e-06
1.315462314e-05
1.469175589e-05
1.171846973e-05
8.856679196e-06
1.296818331e-05
1.989106622e-05
2.46142828e-05
1.912020238e-05
1.334739656e-05
1.086905754e-05
1.381550284e-05
1.580657719e-05
1.224742283e-05
8.824581028e-06
9.312811833e-06
8.859611917e-06
8.799078665e-06
7.986813688e-06
7.319993978e-06
8.28693958e-06
7.385694808e-06
7.071383712e-06
6.77818808e-06
6.591315586e-06
7.718923733e-06
6.95343518e-06
6.630725483e-06
6.473221865e-06
6.405451571e-06
8.25261115e-06
7.339661971e-06
6.788463232e-06
6.518085075e-06
6.417297154e-06
1.058322619e-05
8.875845021e-06
7.61166883e-06
6.910642886e-06
6.627310901e-06
1.413256727e-05
1.130303932e-05
9.063415472e-06
7.723590795e-06
7.141820709e-06
1.264847396e-05
1.01643912e-05
8.18407683e-06
6.690047012e-06
5.89567805e-06
1.517921462e-05
1.471746594e-05
1.30192508e-05
1.002370369e-05
8.017730844e-06
3.064321096e-05
3.843613701e-05
3.905735864e-05
2.859724927e-05
2.023474889e-05
6.445863866e-05
9.923631879e-05
0.0001158893055
8.364843697e-05
5.43157823e-05
9.828934221e-05
0.0001737312462
0.0002279621722
0.0001644181106
0.0001014222789
7.429179859e-05
0.0001067310053
0.0001299090389
9.117109289e-05
5.517828442e-05
3.404815585e-05
3.0259108e-05
3.037451458e-05
2.220995008e-05
1.550683049e-05
2.39404883e-05
1.579423058e-05
1.316104643e-05
1.041872443e-05
8.639335491e-06
1.843953014e-05
1.166458246e-05
8.897078189e-06
7.527989156e-06
6.934032814e-06
2.364013664e-05
1.528480763e-05
1.026482501e-05
7.86770144e-06
7.007212212e-06
4.741416141e-05
3.02766774e-05
1.790067211e-05
1.133540478e-05
8.81077371e-06
8.433405356e-05
5.434058518e-05
3.165333632e-05
1.872055505e-05
1.342365403e-05
8.163179829e-05
5.918343776e-05
4.188011826e-05
2.918351541e-05
2.294090473e-05
9.926724358e-05
9.571258154e-05
8.19759334e-05
5.616269046e-05
3.954671341e-05
0.0002324680915
0.0003031571968
0.000312683417
0.0002156461579
0.0001415479199
0.0005443835627
0.0008768598571
0.001050136087
0.0007265317692
0.0004466782747
0.0008747751779
0.001641360636
0.00223998178
0.001557599247
0.00091330776
0.0006245407429
0.0009550094123
0.001214157394
0.000820261266
0.00046604039
0.0002437055068
0.000215821564
0.0002258761479
0.0001484543311
8.537532325e-05
0.0001526967581
8.456863834e-05
6.490456401e-05
4.094074259e-05
2.524192818e-05
0.000103688783
4.836852146e-05
2.647847636e-05
1.553637464e-05
1.081338202e-05
0.0001506155385
8.008392188e-05
3.765102023e-05
1.800169978e-05
1.125190492e-05
0.0003743044579
0.0002153395672
0.0001031979315
4.634113465e-05
2.552552762e-05
0.0007236448481
0.0004325671599
0.0002224624221
0.000108055698
6.359220373e-05
0.0006327610891
0.0004371108661
0.0002940747874
0.0001932688929
0.0001470192542
0.0007192022802
0.0006955728771
0.0005923142006
0.000386656383
0.0002604911814
0.00175039383
0.002346076888
0.002467252018
0.001634525708
0.001030314374
0.004311799321
0.007271231197
0.009022966042
0.00602583283
0.003558961393
0.007147632935
0.01437990855
0.02082457314
0.0140334135
0.007873906654
0.00492000614
0.008039942969
0.01086644673
0.007120297419
0.003852122745
0.001869593743
0.001681249082
0.0018544754
0.001170469188
0.0006255139036
0.001131888466
0.0005963011073
0.000465940128
0.000274123662
0.0001480878949
0.0007331766046
0.0003100335421
0.0001502939599
7.043457288e-05
3.658493477e-05
0.001130260756
0.000571703015
0.0002367655531
8.741326647e-05
3.883991631e-05
0.00308497282
0.001711252354
0.0007613221819
0.0003017941592
0.0001423406598
0.006183920688
0.003556044193
0.001730643183
0.000781242968
0.0004313247716
0.0002577935767
0.0002220056654
0.0001972409869
0.0001804761544
0.0001735937768
0.0002595824105
0.0002548335257
0.0002871732868
0.0002657717273
0.0002533315458
0.000412873665
0.0005141995449
0.0005436431513
0.0003942654008
0.0003293323605
0.0006683286929
0.00134773464
0.001722572706
0.0008988455281
0.0006079349497
0.0009703506592
0.001880685981
0.002850754328
0.001936606092
0.001137032152
0.0007323996512
0.001125617983
0.001547875597
0.001064720222
0.0006571470414
0.000779041264
0.0006716898927
0.0006962604157
0.0006315617725
0.000581865297
0.0006235033432
0.0005780281427
0.0005692351699
0.0005528187569
0.0005422959475
0.0005891842555
0.0005541935335
0.0005418559656
0.0005359537491
0.0005334919596
0.000624738019
0.0005770017066
0.0005488773164
0.0005372257977
0.0005337664027
0.0008083812551
0.0006800422608
0.0005938122786
0.0005542598461
0.00054138088
0.001111198418
0.0008522217056
0.000679471719
0.0005942958672
0.0005646852226
0.0006550523316
0.0005556949398
0.000485312575
0.00148909589
0.001485779348
0.001531095758
0.001533503295
0.0008203348705
0.0007829621174
0.001042885752
0.001617018516
0.001679239818
0.001199633252
0.00102030682
0.001139790701
0.001511871426
0.002208792584
0.002843224151
0.002055244934
0.001435099799
0.001973057302
0.003374075476
0.005306127844
0.003725502524
0.002344470691
0.001669593367
0.002280020068
0.003087597777
0.00228015143
0.001569443259
0.001539141149
0.001341841589
0.001538525712
0.001651932778
0.0008661643144
0.001099669097
0.0008491379624
0.000810493637
0.0007192992864
0.0007035147135
0.0008781196173
0.0006776423187
0.0006621758367
0.0006335865826
0.0006214832858
0.001077820585
0.0008091546818
0.0006987139959
0.0006400071948
0.0006229046364
0.002242686665
0.00141821257
0.0009333114064
0.0007224096958
0.0003506209918
0.004329515418
0.002427644326
0.001400802275
0.001085798246
0.001761682296
0.001473301415
0.01803967642
0.008745051856
0.000794262729
0.000742122387
0.001471174061
0.01327102372
0.001376238214
0.001585338687
0.0008451454516
0.002547285479
0.005126242081
0.01026036572
0.002157243223
0.001440244827
0.0373227806
0.02010125415
0.01340909437
0.00610795658
0.006012511383
0.02573497968
0.02028841488
0.1126077323
0.05011986259
0.009004369898
0.009002215122
0.005343630052
0.01201755733
0.01176834745
0.00383922762
0.01847883879
0.003571821008
0.004143088342
0.004142971576
0.001825455283
0.01150836626
0.00472511279
0.003058639052
0.005579784229
0.007995827057
0.002097327563
0.001739379456
0.001584770358
0.0007216695267
0.0006428145028
0.009026090913
0.003201245619
0.001705817821
0.0005674220297
0.002557751427
0.0155036279
0.006367616227
0.007585269502
0.003193243971
0.005008131617
0.01601804746
0.02604457316
0.0275080658
0.02626352804
0.02542330598
335.5730732
354.7837547
76.25857859
8.765236857
4.072679882
127.8478533
125.8577599
48.87645505
7.845611225
4.035739565
577.9606245
218.8424736
35.43407628
2.307186199
2.119595532
3345.105886
405.7933895
83.62993983
19.22375288
38.79292982
138.7097096
322.3361049
2693.112016
319.7448082
22.91568617
15.91144613
11.0819154
12.68581487
16.80199179
12.64004283
95.21397028
15.65680328
17.02045023
6.491198711
6.063629461
164.4345576
11.14030831
8.668320881
13.93278091
42.1167617
42.23867638
8.818055626
3.789754469
2.063960863
1.464707637
221.0848277
42.40885428
7.428536644
1.135538331
0.2269165859
453.2438357
178.115867
226.8526719
43.00051772
20.34616739
5903.58706
1254.699173
724.4809599
357.6163066
188.1375889
594709.7747
344554.7576
115811.7851
32269.81943
19037.89477
450962.8057
252826.5855
160239.1281
38294.70576
25291.67043
792202.1898
588749.3441
158788.0231
12187.30307
16457.76507
1517911.387
1064697.935
365202.1086
112286.6971
237692.0754
237849.1631
575255.6947
1367929.182
738700.1287
120451.7641
56812.11023
31806.44608
31169.87554
107722.5666
175549.7348
400750.2212
165843.8345
283440.8912
65938.02976
53746.50916
368211.8593
39682.04821
25300.63026
77224.38793
150750.03
167020.856
54641.98867
16359.96746
6364.928952
1418.073445
364440.7846
112275.7651
15996.90237
3308.788138
486.429798
740597.8727
318148.4889
205884.9559
57586.4502
36816.57981
2884920.326
1206138.369
581694.995
178947.2249
86812.99135
7268646.274
20399457.55
30267861.69
27440118.9
25051017.96
239295.7634
10823858.25
16018211.65
29566242.51
23897875.86
190396.1777
15683264.22
34536943.45
609395.915
490977.0509
9154985.645
21945672.63
36137519.07
41255334.37
28423001.85
37238453.59
43679826.99
46571652.27
47325195.72
44220480.13
41033622.51
2669934.437
3475643.058
42634281.24
28089330.27
29645649.21
39852545.63
40693237.68
37961310.75
31217098.48
34212574.54
1179751.897
844633.9972
31501158.14
27679434.67
33018763.09
30648944.31
259142.0883
136402.529
131164.1337
26807221.11
30419753.05
303428.0602
93585.31524
46130.95305
21511851.11
33510201.71
31473077.48
28904036.08
26302504.07
11018183.81
22987851.2
30209666.85
29976077.97
26100186.32
380312.9669
592692.4911
435621.6429
8714564.813
6728703.667
57824.61918
445599.1248
484618.9224
5998035.369
7774134.426
17279.7013
563148.0043
3545459.566
31157274.49
28743772.56
355738.1566
493671.5965
385501.9444
3697336.904
409081.5107
434259.9165
2769931.052
777645.55
838901.2629
1217516.539
6535733.467
46560717.04
53830331.97
455403.0871
492153.6607
408302.2629
8918797.266
3359317.466
9368697.903
9854208.686
1879339.042
32384121.05
1892119.024
9836181.977
282285.7942
2897204.278
10404528.89
287479.8853
168033.422
68963.60716
518350.1195
10194854.45
282905.7653
97731.69304
52454.26877
615243.3166
1032432.56
8044606.943
8780954.423
7399966.743
500434.7616
477911.4667
271140.3719
7225359.785
5596015.484
137757.6718
193043.9886
138226.539
1452499.632
760532.9275
26273.00849
148870.8145
156199.2221
1154867.834
2470473.191
10857.53464
200178.7183
1940772.772
7664563.842
6251655.72
127997.3314
150349.5242
99032.33766
116511.9394
96696.73253
77268.27103
156712.2946
145550.5513
113205.1292
92788.25737
514734.191
10905794.48
10521681.88
120159.7573
128139.9758
113448.3245
2146268.533
275087.8052
2684497.237
3262095.665
526522.3998
8156482.604
27992220.24
3890035.972
51763.39785
397895.999
4142388.566
25545854.17
122509.5997
35682.04346
150858.1405
6481116.525
354844.2556
62085.94485
34834.66197
175626.4456
102429.8161
3536267.653
3189237.093
2502055.347
156407.4923
126434.0609
57263.79693
1981007.136
1067649.204
86903.02354
93363.49616
59705.26734
380055.9236
177205.7703
30744.43921
79051.18453
78847.38029
746931.2714
1118039.199
22610.52719
112713.5217
2304263.162
2404916.151
1888126.653
71075.68475
69440.49776
43831.19661
116407.3564
50960.93072
33589.87218
50530.16521
52454.12696
40215.78737
28089.40059
120572.4192
3513857.892
2692490.629
48720.14917
50979.39077
50021.54007
1044879.496
544070.2319
1365067.222
1648021.986
1216143.208
2796013.471
6193731.548
2518922.428
1371136.692
1023964.45
1749178.747
7702660.583
72797.64431
27111.44015
852663.0032
3439669.066
25918855.02
102666.9817
21974.83043
77206.19489
291481.1072
2225267.961
1645435.889
1225535.951
77162.56471
50437.82253
20300.65854
986004.3094
495755.8713
61447.55882
55576.7992
33903.87521
200273.0742
152121.9227
29964.0182
50050.87868
48690.34682
674291.5186
654168.6462
24783.50621
76573.65816
2116517.904
1590567.062
950896.2539
44900.67203
42448.60229
28260.75775
310957.8252
142649.343
20279.1579
22958.96058
22193.22211
20077.97274
9717.085858
99068.19577
1468394.479
900966.1391
26294.29252
26626.64536
29388.24195
775278.6215
755816.0281
979458.6874
1092003.166
1463478.038
1568526.428
2013454.228
2045738.522
2552808.55
1426495.947
957831.1757
3620990.554
54237.4511
22771.53687
1604573.376
1977114.947
7970494.963
131436.2612
18035.81755
47398.36099
657848.7711
1577086.108
1066073.696
856801.7201
48209.41581
31498.82121
186146.0788
717757.5355
410078.0078
44522.38989
37543.16334
30148.89455
151363.6367
140153.2973
25912.47444
36106.49308
82003.1635
589172.8391
474713.5346
23835.36732
137587.6054
1815977.4
1032232.92
621504.3932
30321.00402
28287.77885
41190.55726
379394.4013
241084.189
13585.93408
18397.1285
7617.564896
12584.61503
6038.414846
84623.68056
721677.0045
379602.7822
26488.38991
45960.376
52655.12199
670350.2557
809589.4045
742238.718
819347.7296
1462022.327
912127.6475
1131031.558
1790684.722
2852204.666
1585446.093
688524.0083
2550044.567
52171.98532
22196.00258
1879740.872
1368881.578
4737686.338
283447.425
19795.68249
115686.9219
829116.7304
1278361.019
918086.9535
770037.1579
116857.8836
59040.86433
318287.7732
613845.5183
380520.469
45146.71912
28318.07445
39638.65502
118067.2966
115713.7668
21956.58731
28858.56573
108859.9416
501527.4919
381152.0477
22194.97629
165987.4495
1492722.502
1040809.505
494160.7466
21832.56904
20593.77531
62635.9816
368020.8172
255947.4488
19346.88993
20924.10091
15441.9693
13809.78027
8137.436914
67245.27689
371760.883
192116.2674
42956.47923
59632.49812
80647.46755
622768.717
819427.5525
636309.1973
664229.6608
1402767.643
708873.6983
649615.7772
1605545.149
2561117.493
1581404.666
488288.7517
2096101.46
111234.8026
22678.01222
1926641.349
1057300.479
1907277.948
24097795.41
91640.80494
159409.8741
897263.7495
1082180.501
655046.8553
704833.4786
127147.0221
104883.2172
391837.2091
575868.4833
367007.4242
1.411447631e-05
1.136252251e-05
9.103234894e-06
7.726593275e-06
7.139056449e-06
1.055014052e-05
8.869216591e-06
7.606068751e-06
6.905648504e-06
6.623682563e-06
8.06340619e-06
7.268100658e-06
6.752716854e-06
6.499414267e-06
6.406784772e-06
7.122814082e-06
6.687533556e-06
6.46873839e-06
6.379383814e-06
6.350791591e-06
6.887931508e-06
6.56140257e-06
6.414803489e-06
6.359176995e-06
6.342325162e-06
6.7798117e-06
6.590284167e-06
6.45986661e-06
6.38377099e-06
6.353687007e-06
4.328560039e-06
4.137512808e-06
3.324466631e-06
2.609291709e-06
2.282828155e-06
7.727271693e-06
8.04048282e-06
5.92766452e-06
3.847819349e-06
2.858710431e-06
1.291875469e-05
1.348900854e-05
9.6638142e-06
5.741589109e-06
3.818345841e-06
1.229326923e-05
1.068351872e-05
7.38880939e-06
4.671234724e-06
3.381720283e-06
9.14442743e-06
7.196702679e-06
5.127930763e-06
3.665790567e-06
2.977484234e-06
8.272864353e-06
6.703409195e-06
5.234932127e-06
4.133756896e-06
3.539659957e-06
8.50564076e-05
5.552189289e-05
3.219534846e-05
1.867127828e-05
1.329911896e-05
4.78510057e-05
3.047000399e-05
1.788675034e-05
1.128422689e-05
8.771515186e-06
2.249688139e-05
1.483264118e-05
1.00043092e-05
7.730139165e-06
6.933918511e-06
1.35368822e-05
9.41293168e-06
7.459904028e-06
6.704136162e-06
6.471494307e-06
1.160631102e-05
8.374083409e-06
7.022527918e-06
6.54397605e-06
6.404734807e-06
1.040630157e-05
8.612641388e-06
7.429542233e-06
6.756726167e-06
6.497419372e-06
2.281235514e-05
2.154552731e-05
1.395957631e-05
7.203154161e-06
4.189300795e-06
5.809664676e-05
6.148170926e-05
3.996821388e-05
1.897938357e-05
9.412340933e-06
0.0001146050471
0.0001224589492
8.007240759e-05
3.815077818e-05
1.869362055e-05
0.0001071522214
8.979309648e-05
5.435185128e-05
2.656629076e-05
1.407948438e-05
7.283859652e-05
5.223604856e-05
3.11341757e-05
1.679990886e-05
1.037907771e-05
6.326651344e-05
4.746864132e-05
3.284086322e-05
2.190989102e-05
1.630189757e-05
0.000747144173
0.0004426915139
0.0002224291244
0.0001054014213
6.099484071e-05
0.0003860569631
0.0002173242199
0.0001024126725
4.562945401e-05
2.513368289e-05
0.0001448028509
7.668909515e-05
3.56839243e-05
1.712035673e-05
1.084779517e-05
6.620203196e-05
3.052338879e-05
1.478329265e-05
9.032796455e-06
7.315322664e-06
5.273154024e-05
2.29933141e-05
1.160517397e-05
7.869019276e-06
6.831249551e-06
4.042044284e-05
2.479084697e-05
1.478036383e-05
9.411636566e-06
7.464474587e-06
0.0001731098703
0.0001649855959
9.9448513e-05
4.241091427e-05
1.801460252e-05
0.0005005814085
0.0005402388686
0.0003415582171
0.000147023807
6.203713173e-05
0.001077045283
0.001189957071
0.0007500290737
0.000330115709
0.0001459838967
0.001007224595
0.0008338288286
0.000477748611
0.0002128947103
0.000100678456
0.0006571884541
0.0004523691829
0.0002533209892
0.0001244517589
6.957625345e-05
0.000559326639
0.0004130342404
0.0002788875008
0.0001781649303
0.0001285979505
0.006342398044
0.003538349543
0.001669047283
0.0007326891668
0.0003955937787
0.00323256347
0.001723559784
0.0007501519372
0.0002953900517
0.0001402262961
0.001110133769
0.0005438185327
0.0002210821185
8.230407737e-05
3.706826644e-05
0.0004621141123
0.0001808295032
6.488011191e-05
2.434853932e-05
1.264907476e-05
0.0003821578526
0.0001315610097
4.347983692e-05
1.652739756e-05
9.452936651e-06
0.0002686990094
0.0001426992256
6.465135624e-05
2.607290849e-05
1.317838638e-05
0.001291762047
0.001252586698
0.0007186277872
0.000281392328
0.0001060575801
0.003982299068
0.004528523861
0.002804053038
0.00114276417
0.0004486561468
0.009390912523
0.01088657159
0.006601586706
0.002724523439
0.001127654642
0.008872496966
0.007253293056
0.003953350591
0.001646616946
0.0007299285034
0.005595496951
0.003688992897
0.001972901971
0.0009234689512
0.0005004180192
0.0047139685
0.00348117984
0.002339307622
0.001470103478
0.001058212041
0.001116586356
0.000842177675
0.0006692388136
0.0005879419824
0.000560376301
0.0008202146641
0.0006794132716
0.0005921598588
0.0005536221393
0.0005412222128
0.0006242960564
0.0005760561827
0.0005485506755
0.0005372335446
0.0005404061373
0.0005679848582
0.0005450017486
0.0005421631638
0.0005328320442
0.0005319782281
0.000564083722
0.0005416240836
0.0005344658775
0.0005325308449
0.0005320988525
0.0005526486992
0.0005419686198
0.0005358300794
0.0005331678548
0.0005323256186
0.0002646200157
0.0002656803001
0.0002016703079
0.0001519699493
0.000133233172
0.0005884839158
0.0006857150648
0.0004610540599
0.0002527104326
0.0001704589544
0.001326837673
0.001602429645
0.0009807069423
0.0004538603149
0.0002507784874
0.001278727699
0.001042898306
0.0005956949169
0.0003063699151
0.0001992252648
0.0008316069429
0.0005697610915
0.0003506993733
0.0002255138641
0.0001778041993
0.0007252470762
0.0005707608344
0.0004236429481
0.0003081715509
0.0002557221903
0.004216237207
0.00246608993
0.001340763794
0.0008883897704
0.0007433660174
0.002271038106
0.001437150069
0.0009270521878
0.0007190969215
0.0006549355235
0.001084474372
0.000844219236
0.0004680796851
0.0003454275524
0.0001827562364
0.0007976442523
0.0005701566241
0.0003137059952
0.0003324242241
0.0004688146816
0.0008002506007
0.0006673020232
0.0003019371758
0.0005459678481
0.0005294534915
0.0007235179912
0.0006642490679
0.0004995935687
0.0006351249965
0.0005670770633
0.0006226532898
0.0006397848772
0.0004787116315
0.0003596578131
0.0001717622901
0.001438291827
0.001794154397
0.00116342549
0.0006066145904
0.0003761647722
0.003580351713
0.004622875722
0.002659541827
0.001142203172
0.0008547623993
0.003570539192
0.002788891481
0.001483845796
0.0007228517741
0.000461303834
0.002252695967
0.001467797845
0.0008655021709
0.0005501961192
0.0004788923877
0.001992425075
0.001583236389
0.001163088
0.0008172971068
0.0006662747605
0.9098618004
0.008724655991
0.002953720094
0.001893615561
0.001599173884
0.004622718237
0.0006740662028
0.002078875288
0.001069323965
0.0008578644363
0.002435053499
0.004227777168
0.003824021581
0.002082363669
0.001356739606
0.002993494665
0.004216080187
0.004104280693
0.001771948666
0.0002039724213
0.001839328945
0.002209476949
0.008071659406
0.002705803148
0.001941955118
0.005305851338
0.007087038648
0.01220703133
0.00120854456
0.001190213858
0.007433589306
0.001950861329
0.001850818507
0.001802496791
0.001051102489
0.003797668369
0.003020280027
0.002448244349
0.002188466647
0.003253224431
0.01661522189
0.01874195821
0.005145662951
0.01050759668
0.005395126461
0.01521645189
0.006932387802
0.005801185118
0.005383520439
0.001201965013
0.007277913808
0.007017747699
0.004860217623
0.006125700276
0.00588394196
0.005750444756
0.009266210661
0.005083423492
0.003417809887
0.00474678711
10209.55187
476.6604807
49.2384565
11.59979833
8.400365604
352.7155315
100.1983908
17.27357051
3.929273093
4.261182755
25.2562864
12.81879885
7.322490389
2.127859724
2.071100716
29.67949545
17.81231921
8.733649091
4.087477131
0.5284584323
32.22594098
27.21861359
8.214735979
8.2184983
7.583004706
36.63645903
136.1873005
15.50823991
3.745634941
7.174319628
71.60129126
23.20220419
3.041183907
7.803304977
6.90982871
26.76308737
15.59499763
5.224921655
2.936064475
1.65983324
229.4931338
1373.016242
63.26405023
47.4866035
38.06118004
108.283023
45.92533749
14.43083776
10.09130948
1.065892825
184.7441963
76.07774696
41.44886737
30.80579837
24.64764367
178.0309166
112.4791538
80.93281908
52.96554384
75.61849229
37079543.06
1392652.858
206196.0946
38835.17675
24932.19906
697560.2966
421609.6333
91744.49944
14281.52166
16846.76371
113351.4236
35547.06367
13801.92244
3541.209757
7030.410667
199030.8598
68919.48277
17308.232
4591.813602
1637.621939
197279.4892
85979.12084
25644.97549
20250.64055
15123.04173
97196.21435
95583.03778
22975.79464
12234.60077
16676.70368
143180.6872
53058.70021
11833.10488
26142.04949
20218.43412
142872.3911
54283.64042
25040.0549
8405.260308
8625.177036
428198.8796
745912.2328
106266.9446
168177.8607
169687.9187
334150.2887
123077.231
24172.74776
7401.539785
1113.309819
979982.3265
360165.4775
158045.5136
56492.43513
42829.72632
1369564.998
983344.08
589399.4933
255062.6431
247404.3928
416121.1686
19030637.69
35265081.26
1300624.692
26610890.17
32606866.34
31694033.26
719706.0338
104719.4857
96484.74728
32410636.37
536450.7161
88844.73662
37813.55271
25925.74379
32386799.44
30097744.42
191405.0627
134849.0808
148449.5478
33543964.26
32351005.06
28805126.45
28899482.3
27016159.07
32318866.71
29955212.18
29418066.36
29053910.3
26670826.56
31474446.48
538508.0678
298487.1924
28200126
26719369.79
33889028.15
1590314.69
690837.0373
281912.3271
212502.8682
43104431.52
39713210.4
32828129.71
30208172.07
9562193.307
48031333.4
40670006.8
26821623.1
390985.4746
69007.29669
30711703.8
31700792.4
32975199.53
1019601.37
397909.3417
2208179.501
3546491.825
21985222.74
33068545.7
29171853.23
97659.25387
496175.8114
7172865.849
26120877.03
7927247.929
3028349.582
9238040.604
25616629.43
204109.6784
78633.11978
10522113.22
585779.9135
152768.4324
160702.7041
21391262.27
2773838.321
9386785.817
26077536.86
24281301
22552215.15
334838.3756
6834725.884
9296052.792
192015.0511
130472.7655
8177749.738
8945956.053
9009546.199
6879571.519
154009.8305
3834211.361
30944915.27
29673876.41
6879213.47
3326802.025
10297870.6
32379088.33
30919189.7
471323.4458
144368.6993
7532438.159
6234961.468
10446435.37
2297698.931
401809.6608
6327166.86
11893748.39
14568306.42
655826.1165
155182.801
572438.3979
389792.706
7705922.128
29191666.14
25237799.99
336594.0334
286572.1082
556228.3493
375594.2527
413720.5181
55598.8188
147811.4872
2953018.535
6132314.373
2803816.127
1348010.314
4718806.457
9095661.402
161285.5693
55371.91663
5677115.144
707228.8446
116413.1419
121830.4173
5746453.375
579638.6271
3911209.491
6661738.852
6463308.707
5489443.332
82764.03723
2007162.366
3545132.251
45057.25837
23778.68647
2568081.048
3108708.272
3123880.512
1397905.306
24914.25811
865616.2692
7383180.186
7070030.014
3510633.655
1919048.271
3738547.384
7666899.622
9032424.292
564642.2652
175580.1363
1670712.512
1713416.474
4287567.559
1462976.166
190900.0109
955292.2473
4689795.872
4912234.045
26918037.75
167759.9104
171376.259
115353.6589
3175918.64
6936647.488
5552338.284
188278.7588
85858.87019
167848.1166
92656.6062
56051.35469
45305.02675
235647.3958
2533510.255
2522269.297
1265915.181
2272129.322
2351297.851
5418198.589
220287.5395
17547038.02
2793355.099
22776653.91
92041.85123
100610.6886
1927417.803
1170595.309
1973633.141
2336111.24
2295480.815
1626246.632
33588.86281
1226413.331
2022018.61
76526.71982
13640.97712
1393128.517
1431185.246
1596444.811
639876.5616
11704.54238
1081229.734
2011728.32
2183229.811
2520218.014
2138004.636
1908165.823
2534940.792
3093787.102
23884733.65
24359873.41
869087.0868
1306951.501
2718977.857
2190174.141
2245615.99
720926.695
2839696.377
1975082.103
6845783.388
17131137.56
70789.58584
53986.62297
2615337.582
2169152.45
1308282.421
373001.0844
50686.9298
78116.00957
37184.83022
113359.2648
171384.6701
999485.1926
2274743.69
1559588.287
571139.1061
2547276.628
1753720.212
4178319.449
329869.266
4433493.203
1438555.876
7230194.366
67958.30771
98500.34387
870855.3152
1523208.425
1121390.937
1179943.639
1337120.877
682614.6428
79321.01195
967632.7738
1460135.407
565011.0535
336237.647
962619.9489
808690.5835
1045182.5
473674.2114
8798.041208
1200120.838
1205779.107
1082810.416
1705230.83
1543449.051
1204014.738
1203611.352
1073943.92
5587840.897
5368616.206
637488.5309
1164790.557
1842024.442
2280821.503
2223286.637
789088.4986
2444769.877
777433.5017
2066043.183
6103187.412
343854.3299
305000.8002
2561133.263
1132944.281
646315.5702
869975.8251
43052.90434
51281.03101
180958.7056
452591.3881
379305.2681
1442507.962
1928705.133
892666.6467
276911.4059
2214819.01
1138578.466
2242760.512
14556146.52
1182271.902
809158.9264
3952064.274
88442.46861
192041.2919
698549.9342
1636511.746
725078.4072
944290.0259
926841.7254
435379.0873
185888.5008
813691.2297
1174174.816
889195.8231
606436.6642
796486.8208
544347.488
789931.2843
412137.9085
42135.06088
1145866.869
609766.7561
592296.5279
1172412.831
1138916.476
851225.5672
603791.2779
514701.7255
1639689.465
1837734.011
581338.1705
1004737.293
1443189.707
2184916.534
2076914.35
934111.2812
2129409.273
444785.9934
811941.9022
1786163.728
448076.6195
516870.8739
2274283.63
807016.219
366914.3233
822692.2671
44442.30876
65474.61609
311590.1146
568966.5637
502329.388
1657701.916
1589888.474
512445.9757
152830.9399
1679865.975
640173.7585
1035439.967
3893996.441
379234.6709
566360.4406
1784971.908
16863969.11
12597158.19
388662.2914
1603097.495
529575.0641
578843.2489
629677.154
313934.1684
250471.1415
712197.8676
995828.3299
1029544.22
713152.9253
690840.5779
415279.0826
647119.2782
381006.3554
71921.26176
1027028.423
382026.4551
357262.899
857506.5487
909784.1755
666168.024
444616.4142
310907.7924
861080.9783
910351.2027
575764.2642
871447.9359
1163925.971
2045646.491
1897113.712
904889.0505
1366867.608
306758.3655
394911.8042
657578.2472
437017.6572
620497.4214
2253062.327
556630.2762
268072.1967
646651.3864
48807.83844
103789.7373
372489.5904
541407.6693
)
;

boundaryField
{
    walls
    {
        type            calculated;
        value           uniform 0;
    }
    inlet
    {
        type            calculated;
        value           uniform 0;
    }
    outlet
    {
        type            calculated;
        value           uniform 0;
    }
}


// ************************************************************************* //
