/*--------------------------------*- C++ -*----------------------------------*\
  =========                 |
  \\      /  F ield         | OpenFOAM: The Open Source CFD Toolbox
   \\    /   O peration     | Website:  https://openfoam.org
    \\  /    A nd           | Version:  7
     \\/     M anipulation  |
\*---------------------------------------------------------------------------*/
FoamFile
{
    version     2.0;
    format      ascii;
    class       volScalarField;
    location    "2";
    object      qin;
}
// * * * * * * * * * * * * * * * * * * * * * * * * * * * * * * * * * * * * * //

dimensions      [1 0 -3 0 0 0 0];

internalField   uniform 0;

boundaryField
{
    walls
    {
        type            calculated;
        value           nonuniform List<scalar> 
768
(
462.6987106
454.3634549
436.8967621
441.7406128
452.3774408
464.8499383
464.8279975
458.1186882
441.4871508
443.1796209
455.0507197
465.1091392
501.7583314
490.80873
467.457485
484.790498
488.2792671
511.3454045
507.8553049
499.0850579
480.7915799
487.4737167
492.8677873
510.2550441
616.5801441
590.2770531
561.2547271
601.0390785
617.3185538
660.8485749
639.8900235
590.4861066
599.2391112
643.7163736
629.1114297
652.9983351
917.1268335
900.879009
876.0505271
968.9096914
980.0456625
972.4868749
946.8427681
871.9145822
965.8989425
1125.103823
1045.746066
1053.244342
1854.575073
1882.600447
1923.054119
2069.12662
1808.030757
1850.03001
1980.668878
1722.319767
2005.935996
2225.805
2181.869829
2263.482664
4627.926946
4690.179456
5023.264485
4563.531382
4178.558874
4469.47858
4618.034986
4060.61386
4231.404148
5062.561166
5485.750539
5866.706562
13014.42228
12548.16324
12103.2836
11183.46787
11264.25844
12592.90144
12794.41748
13037.59682
10910.24639
13830.14225
13254.87296
14303.64785
36127.82633
32444.07165
31708.49936
30057.80089
31505.29613
35764.86806
38684.56173
35057.95569
27586.37662
32400.95645
34443.44591
38130.13514
86472.79692
79998.73817
82558.23463
78401.08506
78100.31964
89225.20651
90756.7573
89386.20922
75098.36829
80268.73701
84536.81682
92853.14625
145168.0432
132497.2077
143796.1055
144554.6668
135156.7893
150114.4008
142521.5807
147149.1917
124445.9064
127136.2662
139480.676
154878.8701
184657.0663
181673.8777
181764.9197
182339.6603
184946.533
189073.7902
188035.7661
184980.1147
168797.8271
169863.5672
180656.899
191472.6459
204293.5565
203442.7669
200408.7432
200566.1537
205289.3402
207844.3583
207921.812
203309.102
192132.2288
192231.8368
201108.3473
208556.6361
210079.9688
209683.5696
204347.1798
204989.7631
211885.5194
213447.7136
213728.0875
208520.6769
198634.217
198264.7541
207641.747
215051.8289
210775.875
211884.3434
202976.4675
204793.3039
215837.481
215720.9402
216569.6078
209230.7607
197578.0442
197319.0619
209327.0087
219774.8706
209008.1686
214805.5117
199438.8633
202543.8168
220449.7043
217059.5478
220990.6697
208770.0063
190798.391
190980.3773
208642.2832
225585.1542
205587.022
222433.3443
194695.0865
198172.2414
227404.866
215237.2432
230294.3675
208873.8469
176410.2375
176993.9307
206655.5641
232950.2429
462.4348893
456.1993192
444.3446541
445.2412857
457.2185451
465.2166695
464.4608579
459.3255115
441.503881
438.070862
455.2052557
462.3830397
505.9037488
497.1765857
488.3550538
489.3427509
501.3706454
518.1063575
508.3713902
503.5070848
477.1289768
469.4707488
491.0904776
500.2371897
658.6383029
620.254879
594.9525663
611.6669304
637.5830133
688.5101645
644.494659
614.3406148
587.5316413
568.8536639
608.8664444
624.2548118
1035.930583
972.2946204
908.023059
903.6607283
1017.035459
1108.440314
953.763391
947.947973
951.6377424
896.9499752
972.5919266
1010.101781
2095.988762
1913.904868
1831.822101
1703.267672
2090.09697
2118.468555
1924.135118
1936.065413
1890.523398
1918.902663
2090.995441
2179.278369
4930.20816
5383.7807
5040.06625
4149.18122
4646.198213
5135.576836
4885.701914
4668.31762
4907.9668
5017.454253
5485.179202
5204.349893
12983.80563
14071.7449
14655.90482
12664.06189
13065.90793
15539.18558
14388.21236
13367.30799
13966.15779
12325.83747
14836.0323
14028.63495
36285.77555
37324.70085
34096.72753
34906.50891
35177.90982
38819.1156
41763.31373
38852.47156
35686.73889
32314.51177
37191.31032
37529.06286
90194.72333
87249.01631
80489.83554
83551.1182
90021.34867
93955.00749
95295.75294
89120.01503
87267.40541
79809.90458
86524.03311
89663.78432
142946.9888
131334.6593
122859.457
128407.4033
153762.995
156024.9026
150442.6857
133355.3308
143354.8451
127316.9744
134499.812
147149.6651
179263.5498
169048.2744
162000.603
168031.2132
185326.4737
187567.6935
182903.8843
170238.3234
175067.2805
167774.9092
177808.3799
183530.1801
193476.6221
186729.9143
179455.1471
185226.5265
197587.1254
199897.2121
197216.8659
189919.6096
191516.1809
190629.7904
198661.9453
202572.6064
195370.5376
190189.9827
181420.5243
186802.9885
197576.0463
200706.64
200201.1877
195722.4123
195960.5741
196603.6728
204184.1862
207875.9124
193963.7349
186605.2855
175454.3788
181871.0218
194209.5807
198886.5285
200022.276
195564.7647
195678.8478
194216.3941
203186.3495
207489.3067
192374.7139
177097.3344
163348.3902
173494.2841
191556.3453
198096.6986
200210.5201
192308.3204
193808.0183
185528.9158
197949.716
203681.9773
192057.4723
160971.101
147312.0011
163680.3141
192937.5149
200005.9462
203324.862
186260.9312
192662.5509
168648.4421
188161.4015
197811.8868
464.3559483
454.2322887
441.0790105
440.5078755
457.2591755
464.2913793
465.853137
457.5605972
438.0366383
440.252475
456.7497696
467.0856657
499.8285638
482.7347065
475.2743419
477.7903127
497.6872265
504.0458013
512.6838626
502.7769544
476.6145936
480.1948784
498.9868641
518.6708207
605.3489745
581.8195209
594.3409627
588.6523806
589.2589047
607.3099762
638.7899163
609.7749126
570.0999677
571.0626445
618.3505707
655.4133089
862.9224307
875.9913628
962.8195762
851.5413068
842.654385
861.8217676
1049.677785
969.0253983
894.9172413
867.6921882
970.1280913
1028.748628
1625.354556
1738.013993
1982.044934
1675.785734
1680.32264
1810.289574
2231.310523
2101.988036
1872.981504
1670.408483
1958.724887
1976.696803
3819.887521
4255.81163
5496.163051
4413.688535
4341.981929
4273.203076
4970.635051
5523.250845
4855.777416
4237.883716
4952.597831
4955.926206
10644.70989
12187.61738
14811.05587
13141.67626
13734.84736
12672.22826
13661.19546
16622.0956
12423.46249
12317.1134
14116.28376
14717.44245
31538.28207
33156.05133
39684.15897
38702.31213
41668.82737
36852.27209
38383.1977
45891.7999
34571.0203
37485.11033
39087.0719
37907.82784
83338.81147
84009.97063
85815.73285
91407.5667
93613.30751
92019.9261
92167.57144
95836.53731
82431.5661
85366.87038
92985.9113
92820.49436
142644.5457
140594.8989
130237.6488
151740.6506
160820.585
157059.1859
147992.2122
146281.6798
125942.6338
126616.5302
146349.5575
153202.1609
184669.5696
181800.2802
174012.0431
183262.6986
190676.0907
188958.4317
183302.4085
176294.7404
161414.4567
161707.224
180314.7841
185926.7724
206864.8242
203215.925
195288.255
197056.4058
202046.8569
201850.3113
198015.5472
191253.4881
179400.0266
180323.9351
193984.9251
196781.6742
214134.4347
209201.5392
200234.2082
199056.7952
203817.8261
204552.3154
201499.2375
194934.1793
182753.4785
183341.6582
195478.0188
197189.6166
214823.6549
209042.0232
199813.8893
198248.705
204553.0906
206222.003
203009.2507
194534.8528
177507.8589
178208.4829
193331.6977
196131.7777
212603.2545
206680.8917
198170.8414
197702.684
206970.8023
209514.928
206275.6351
192885.1997
162661.8014
165067.4768
190769.5639
198062.981
208203.1043
203646.8183
196114.0779
197222.2664
210533.2519
212239.0663
212848.5781
193255.5325
132908.7121
138869.645
190225.8042
207873.7687
467.287455
458.5202799
437.6262665
438.6174664
458.892125
465.5355537
467.8871082
454.0300888
441.0802161
439.3895298
455.8384719
467.933768
514.9519484
504.0281524
473.3703178
486.9896043
506.9519828
506.8515371
515.768899
500.6456585
488.6179823
477.7320964
492.8710358
504.3603007
638.2279917
647.7053739
594.5471319
645.6250262
615.6209736
612.4085749
618.5162239
604.7784838
618.1796623
595.3058564
605.187981
618.3176597
1007.303112
1063.190591
1012.840268
1070.014878
909.3412692
870.4647769
922.2755416
904.522861
1004.368426
906.2171097
940.0851999
949.9335
2202.358597
2511.269287
2209.02228
2015.244506
1714.003967
1652.916708
1871.357829
1752.132276
1920.668083
1822.073425
1938.536308
1919.193179
5683.139247
5943.386573
4906.090277
4888.532833
4250.838689
4234.446666
4907.864602
4706.595437
5075.416322
4800.621267
5099.134063
4408.788947
14966.95176
14445.52961
12658.52782
11751.26594
11581.13455
11692.70309
13068.74767
14084.9865
15021.31895
14505.63484
14934.23774
11939.80398
36405.54095
36421.14684
36553.79211
32041.93194
32202.4839
32924.95453
37102.24931
41562.84995
37946.69748
40231.63177
36458.8215
33039.24877
83938.61219
71820.38529
78388.92589
78229.52762
81362.94244
84400.87964
96214.40143
100513.0534
97167.36539
95220.38804
90654.60015
85684.81332
138507.3148
127813.4044
127138.3907
125279.7231
132160.5138
140798.3154
164893.4113
168316.9865
162165.4326
158429.821
151743.9271
140542.7252
190614.174
185781.1255
178897.8061
170541.0719
180866.7929
191911.3982
201198.6533
201869.3336
194248.6583
189601.6738
187520.3907
185124.5105
211031.1272
208975.2009
201499.5351
196611.1037
209202.2542
216883.8788
219779.0199
217846.9004
209713.4932
204832.3976
206584.9063
207886.6851
219082.0779
218923.2136
211148.9218
208497.0884
221770.6618
226616.5322
226478.8009
223647.0003
214862.0272
209435.3542
213794.9547
215937.9058
227222.0421
229178.9399
220409.3071
214812.6627
230234.229
231472.6581
228900.1631
226640.9643
216799.9697
210231.8361
216220.5369
218125.6707
240660.6218
245481.6529
235466.6533
216611.4448
239316.2536
235798.224
229315.3656
229467.3497
218307.9419
210255.8321
216849.6163
218193.4774
262090.3803
269116.7067
261535.5277
206318.0698
250257.9284
244138.2365
227337.1808
230940.8076
218278.1694
210238.3622
215926.4033
218315.6766
)
;
    }
    inlet
    {
        type            calculated;
        value           nonuniform List<scalar> 
384
(
469.1361664
472.6988308
470.3281541
471.3951886
474.49177
473.0553801
476.0516656
482.8469165
475.1816648
473.3963859
469.3522781
466.434055
473.4814341
472.5099904
471.4072731
470.6131832
470.0458099
470.5302854
472.7180766
479.8308691
474.0888284
473.1068482
472.3000838
467.8204744
472.3680439
472.4165351
471.1009736
470.9974232
470.1430456
476.1769082
477.2638879
482.9732472
478.9051594
474.527058
473.254362
471.5120304
471.5258393
471.0835786
471.6273543
471.6711217
472.5146542
474.8856728
475.022365
479.2329927
480.0409803
479.4342085
474.8270272
476.1185358
477.7096656
473.4303823
470.7076623
471.3505933
473.6957632
475.8998283
475.4182634
478.5786572
480.3372251
479.8249265
471.8090175
473.3592017
477.4669084
480.564533
473.0251115
469.8406572
473.3744069
473.234126
474.0559287
479.3067463
484.2800711
484.1808366
475.0826791
472.8885799
472.1099589
479.4986887
477.7524406
471.3129778
475.0844439
474.3348938
477.6123149
477.6880534
475.9339038
476.3764618
478.1318145
473.7798677
467.234409
473.5044088
473.9794479
473.4776233
480.3595174
476.0028459
474.5806669
472.1390731
471.4732137
473.4049397
476.0347456
475.8010562
466.6054934
473.6009166
474.5227174
476.9368393
478.5749907
472.2482961
467.8563252
467.4369892
468.9983006
471.0531845
474.2332811
477.9939827
469.1237424
476.8896303
474.997979
475.1900874
478.7863668
477.5292924
473.6605926
470.970691
471.8691973
475.1645202
474.6988438
474.6659666
472.4556972
477.9948146
480.3024998
475.6590185
474.310401
474.505594
469.2874644
469.5105405
470.4490166
475.528442
475.5457835
473.5098766
468.5657979
472.1731445
475.6937547
475.0449471
475.8870192
474.3946433
467.9811276
469.7539412
472.6206103
476.5305779
473.4729138
470.240004
465.3452567
466.4277044
469.4696003
472.2134163
473.795352
470.9671662
466.6598321
467.7301503
470.5447924
476.7352818
471.1509268
467.909996
462.7597793
463.2719814
465.0486163
467.9754377
467.726016
468.127855
467.6739582
468.8216069
472.3797348
476.7633265
469.2096057
465.706126
461.5951876
460.9028154
462.7940032
468.3108949
466.6106144
468.4892481
469.6368685
471.309855
472.3159984
475.4626141
466.128729
464.5014864
462.469199
462.3824306
465.2389185
472.4423387
468.8382613
474.3252291
473.8969772
475.9028031
475.1270093
475.1141166
465.5531552
465.2731667
464.5690931
463.574598
460.688127
465.1243672
461.2329453
466.3190185
466.6519382
467.4838366
465.6246194
466.7120493
464.6637199
467.5629295
467.2457119
468.8365143
468.6743057
471.8479353
470.9937925
470.0682123
470.8743981
472.8983932
471.583587
470.0568588
466.5805067
465.9782716
465.5927888
467.5978792
467.6205584
468.2523921
468.9522643
467.1521436
471.7327593
468.8735321
467.8057772
469.3232173
465.924272
466.0482862
465.362583
466.503935
466.0105584
467.4897274
469.5916774
467.921681
473.0693966
469.2081426
467.7226687
467.2605299
464.3692566
466.439258
467.2561155
467.6903601
467.3205764
470.3704674
476.2120924
474.6982361
478.013346
470.1750409
469.8939022
467.5601365
464.307954
467.6453899
470.0784712
468.3843221
461.6759528
462.633929
468.1023764
467.2362646
469.0909981
462.8406716
464.9898386
463.1589813
465.2655772
470.0354801
466.8661728
469.2139074
471.9285676
475.3508431
475.9800526
469.8203205
469.0007843
470.9392486
471.1944981
469.0532434
470.4049632
467.8218601
465.8600092
468.1349072
469.0707328
470.596374
468.3422559
464.2057992
464.2231649
468.0219556
470.1213822
468.4775038
467.846343
466.0951712
464.9564601
465.6785244
467.0742505
466.4837131
465.4408987
464.7483317
465.1751188
467.758833
471.8450072
468.4509993
465.2676514
465.4870753
465.2035747
464.8124248
468.1225723
470.073998
471.7650215
471.8007168
471.3235548
472.5811267
470.4479744
469.3377599
465.1155152
466.3681201
466.5918676
463.8471263
465.2666422
464.6515964
466.5016347
466.2975169
468.108295
466.9829799
462.2314307
464.8408243
466.7068388
469.3728476
466.3886386
470.6951881
470.3060686
470.0942892
473.060364
471.8214162
467.1370283
464.4062437
465.0909377
467.331943
467.8270804
465.6941154
463.9240247
467.6250978
469.4925419
467.5977327
467.5049343
470.094516
465.7771653
464.639869
465.2516612
466.5923213
465.9989894
463.2266746
462.1775304
464.779324
470.0760141
469.357649
467.9741668
470.3096487
468.0180643
468.343135
466.1612636
465.9635566
464.6767717
462.1868151
462.251791
464.5287539
472.1945519
472.3127388
472.4598054
471.8056646
471.6992124
474.5018024
469.8719605
467.5641625
464.4975757
462.5372193
464.3454492
465.492119
467.7074667
468.7313379
466.0215428
466.7231265
466.4090374
469.1657555
466.6223701
462.5782482
464.9695098
464.4594057
)
;
    }
    outlet
    {
        type            calculated;
        value           nonuniform List<scalar> 
384
(
169932.1433
167945.0351
155855.4578
154570.9029
164253.7418
171941.5468
177268.3158
181713.9434
184416.2073
187454.2104
192140.6689
196014.1525
160944.2207
162379.6242
156350.977
154277.6765
159833.8288
166598.6863
172493.8489
177409.8551
181280.1491
185594.437
190794.5006
195245.5826
159762.615
160767.7475
156912.6231
154010.639
156341.5963
161472.2677
167242.7453
172762.1852
178069.2053
184033.2396
190591.7341
196745.3776
160293.1732
160704.7138
157729.3672
154253.9058
154226.3635
157499.4966
162536.3816
168313.1716
174729.5137
182007.1913
189588.4994
196615.3972
163397.903
162571.5395
159644.4743
155728.6118
154027.0968
155486.5857
159334.1223
164813.6305
171765.3528
179941.1874
188442.5678
196555.5205
165074.5602
164312.399
161962.1765
158261.5074
155736.0363
155748.2316
158196.2058
162793.9489
169524.1823
177887.1702
186786.3875
195655.2755
166417.8127
166205.9007
164722.3581
161768.2351
159263.8105
158468.4425
159725.7761
163178.9494
169179.6419
177181.0702
185996.1407
195618.8817
166846.6517
167644.7987
167242.715
165447.5201
163804.7252
163079.5645
163734.3323
166315.9161
171575.8887
178855.632
186338.1301
193999.6089
168855.8095
169382.2123
169484.195
168767.1488
168432.0862
168321.5249
168945.9217
171133.5196
176251.3018
183865.4849
190855.9435
195408.1711
164938.7325
169314.2145
171094.2167
171698.6453
172850.1967
173205.1384
173717.0422
175339.7909
180554.2296
190647.7615
202667.3203
215170.2984
173790.414
176933.2043
176551.0051
176382.5185
178014.2701
177702.1506
177413.4349
177045.0727
179753.6491
189097.5632
201572.5023
213280.6458
179067.7034
182745.279
179988.586
179874.0916
182960.752
181871.5239
181708.1192
179800.2378
179482.5924
188257.2058
203007.0034
215560.2413
183794.1124
190153.9431
183075.1463
183970.6525
189248.6611
185984.3889
186757.6922
183339.9094
178166.9786
184476.5163
202172.2635
215647.648
186341.7225
194855.0295
186573.3979
187776.0199
194925.5202
189740.9425
192174.6291
187469.2217
179861.7848
185948.5246
205668.7606
221372.1777
190877.0269
202504.7586
191852.7578
193220.1869
203103.3569
195239.6944
200675.1062
194141.1169
183479.6255
189683.1678
212588.2236
229933.2466
196576.0885
213947.1014
199785.1283
201223.6453
215263.3433
202832.1703
213150.3542
203138.1511
187050.6985
192112.7718
217926.0998
237103.5219
202643.0635
229988.7121
210476.5373
211746.9131
232432.0294
210044.0695
229500.8969
212206.2799
185381.257
187176.2766
218656.5735
241116.887
228279.5882
226340.3456
230053.8802
196275.1264
203152.448
206556.8436
204289.4994
204492.9467
203695.7101
203726.1914
200295.1769
200960.6136
237274.573
235759.0939
239814.828
200853.1094
211831.3863
215419.66
210386.6664
210110.3993
208480.4431
207642.7804
203346.3583
203886.0534
249718.0893
249720.9361
253535.1567
205925.7059
221626.2135
225254.5322
216509.5467
216242.2158
214087.6219
212568.1546
207520.2608
208166.8863
264159.8419
268051.5164
273453.5325
212046.8548
234657.1704
238372.8804
223857.907
224127.4297
221657.0878
219648.5233
213589.1376
214294.5896
278542.7218
286592.8363
299621.5258
217504.6749
254305.1984
258138.0796
232680.2444
234473.197
231705.9565
229403.5727
220773.9345
222504.8921
197117.8489
193920.2792
189511.2678
187717.5552
185691.5825
180894.3095
176377.1952
168319.7449
151958.3917
149811.6347
171306.4776
176684.0685
198981.2978
196199.2574
192400.3115
190862.6534
189259.7731
183777.4666
179334.0862
170005.9266
148471.4785
146791.1106
172868.585
180882.6158
201699.3446
199580.6607
196461.1376
195403.0242
194582.1895
188287.8116
184228.8667
173081.8784
143853.0585
143179.1081
176472.1222
187940.3846
204904.0245
203993.4602
201808.7499
201594.2023
202353.5302
195479.7164
193332.7921
180509.6812
139542.913
140646.2251
184239.0387
199213.4193
208645.4189
209806.5978
209119.0357
209494.3261
212501.0119
204399.7481
206988.8895
193007.7075
130624.3727
132912.7985
193372.536
214167.4743
168273.497
155860.5634
157285.5527
159317.8478
164986.5742
166906.3994
168119.5598
167231.6541
171577.4211
161094.6583
172588.6211
179333.2815
170399.785
155255.6953
156476.4521
160196.7671
168352.9924
170815.3258
172270.5455
169591.2098
174456.78
162259.1285
174186.2101
181836.2657
175692.3996
157463.1496
158259.5735
163824.6475
174929.0827
177640.388
179508.4982
174359.7654
179914.3034
164695.934
177176.4833
185809.0202
182853.6737
160233.5875
161412.6501
169518.7658
184707.8442
187109.9366
189526.5097
180584.7727
187474.325
166582.898
179644.5192
189902.1345
190022.4152
158492.4867
160283.8339
172094.517
194630.1278
196085.1573
200310.261
184644.9874
195756.0536
164998.3534
180750.9692
194232.9687
)
;
    }
}


// ************************************************************************* //
