/*--------------------------------*- C++ -*----------------------------------*\
  =========                 |
  \\      /  F ield         | OpenFOAM: The Open Source CFD Toolbox
   \\    /   O peration     | Website:  https://openfoam.org
    \\  /    A nd           | Version:  7
     \\/     M anipulation  |
\*---------------------------------------------------------------------------*/
FoamFile
{
    version     2.0;
    format      ascii;
    class       volScalarField;
    location    "2";
    object      rhoEffLagrangian;
}
// * * * * * * * * * * * * * * * * * * * * * * * * * * * * * * * * * * * * * //

dimensions      [1 -3 0 0 0 0 0];

internalField   nonuniform List<scalar> 
6144
(
1458.973173
0
0
1344.630471
0
0
1318.518301
1327.121824
1344.629867
1371.680037
0
1458.970934
0
1365.019824
0
1307.034111
1291.258508
0
0
1291.259647
0
0
0
1409.28814
1371.678039
0
1300.541169
0
1263.747714
1256.60476
0
1263.7467
1278.244903
1300.540268
0
0
1344.631712
1307.035057
1278.246142
1257.361175
1243.764424
1237.058452
1237.059427
1243.764264
0
1278.244903
1307.032984
1344.630835
0
1291.257833
2527.489523
1243.764476
1230.739155
1224.31548
1224.314848
0
0
0
1291.259606
1327.122002
1318.519431
1283.495935
0
1237.057066
1224.316068
1218.025519
1218.020752
1224.313525
1237.057688
0
0
0
0
1283.495893
1256.606015
1237.060199
0
1218.022921
0
0
2474.117432
0
1283.492306
1318.518392
0
0
0
1243.764579
1230.740501
1224.313444
0
1230.73875
1243.762751
1263.745603
1291.260349
1327.123297
1344.631852
1307.033934
0
1257.361601
1243.763205
0
1237.058375
1243.76394
1257.362696
1278.244203
1307.034743
0
0
1331.343609
1300.541895
0
0
0
1256.603463
1263.745237
1278.245646
0
1331.343141
1371.678897
1409.289034
0
1331.344175
1307.032746
2582.517209
1283.497299
0
1291.258664
1307.034024
1331.342862
0
0
1458.971972
1409.287572
1371.677846
0
1327.119691
1318.521003
1318.519833
0
0
0
0
1458.971166
1458.970943
0
1371.679512
1344.631308
0
1318.520179
0
1327.122335
1344.630934
1371.678857
0
1458.972479
0
1365.022215
1331.343948
0
1291.259039
0
1283.495011
0
1307.035181
0
1365.020573
0
1371.67817
1331.34255
1300.543015
1278.245219
1263.747968
1256.605266
0
1263.749001
0
1300.543857
0
1371.678376
1344.629819
0
0
1257.362688
0
1237.060474
1237.059791
1243.765438
0
1278.246027
0
0
0
0
1263.747405
0
1230.740867
0
0
0
1243.763448
0
1291.260353
0
0
1283.496272
0
1237.059264
0
0
1218.02483
0
1237.060237
1256.604615
1283.495398
0
1318.52034
1283.497269
0
1237.059804
2448.629853
1218.023788
0
1224.315737
1237.060384
0
1283.495338
1318.51917
0
1291.258436
1263.748117
1243.764495
0
0
1224.312929
1230.740769
1243.765735
0
0
0
1344.632481
1307.034793
1278.246069
0
1243.763725
0
1237.059651
1243.764656
1257.361181
0
1307.03628
1344.631303
0
0
1300.542713
1278.246745
1263.745295
0
1256.60445
0
1278.244943
1300.542959
0
0
1409.288397
0
0
0
0
1283.495097
0
0
0
0
1365.02134
1409.28763
0
1409.287656
1371.679375
0
0
0
1318.51997
1327.123942
0
1371.680371
1409.287734
0
1458.972036
0
1371.676783
1344.629402
0
1318.519793
1318.519632
0
0
1371.68012
0
0
0
0
1331.345725
1307.03578
1291.259255
0
0
1291.26005
1307.03399
0
1365.02107
0
0
1331.342481
0
1278.245663
0
1256.605254
0
0
1278.245915
1300.543267
0
0
0
1307.036334
1278.246075
0
1243.763317
1237.060069
1237.059932
1243.765324
1257.363075
0
1307.03611
1344.631332
0
2582.519489
0
1243.763363
0
0
1224.315971
0
1243.764786
1263.748003
1291.25973
0
1318.520169
1283.49597
1256.603881
0
0
2436.052307
0
1224.31614
0
0
1283.49329
1318.520057
0
1283.497201
1256.605913
0
0
1218.025404
1218.026343
0
0
1256.604212
1283.496473
1318.520523
0
0
0
0
1230.740708
1224.312859
1224.315828
0
1243.763414
1263.746615
1291.257843
0
1344.629558
1307.034479
1278.245558
1257.361133
0
1237.05925
0
0
0
0
1307.035415
0
1371.678639
1331.342319
1300.542622
0
1263.74797
0
1256.604218
0
1278.244989
0
0
0
1409.287667
1365.021118
0
1307.034123
1291.258628
1283.495373
0
1291.259555
1307.034558
1331.343998
0
1409.28881
1458.972445
1409.289152
0
0
1327.122293
1318.518903
0
1327.122145
0
0
0
1458.972979
1458.968196
1409.288603
1371.677356
0
0
1318.520554
0
1327.124007
1344.631948
0
0
1458.97256
1409.288
0
0
1307.034381
1291.258447
0
1283.494784
0
1307.035869
0
1365.022341
0
0
0
1300.541665
0
1263.747483
0
1256.605874
0
0
1300.543302
0
1371.679574
1344.632314
0
0
0
0
0
1237.060076
0
1257.362108
0
1307.036067
0
1327.123406
0
1263.746264
0
1230.738529
1224.313356
0
1230.738889
1243.764791
1263.747969
0
0
0
1283.493876
0
1237.059536
0
0
1218.022797
0
1237.06082
1256.604745
0
1318.51969
1318.52042
1283.494991
0
1237.059996
1224.31301
0
1218.025759
1224.315722
1237.059459
0
1283.49705
1318.519876
0
1291.259193
0
0
1230.740106
0
0
0
1243.763792
1263.745593
0
1327.123302
0
0
0
0
0
1237.059579
1237.05925
1243.764723
0
1278.246023
1307.035962
0
1371.676599
0
1300.542392
0
1263.746281
0
1256.605064
1263.746107
0
1300.543208
0
1371.678808
0
0
1331.343914
1307.033835
1291.25875
0
1283.495614
0
1307.035925
0
1365.018746
0
1458.969861
0
0
1344.630163
1327.120855
0
0
0
1344.629154
1371.680049
0
0
0
0
0
0
0
0
1318.519329
0
1344.631193
0
1409.287652
1458.971756
1409.288533
1365.020035
0
1307.035553
0
0
1283.495019
1291.259786
0
1331.342437
1365.020742
0
0
1331.344293
0
0
1263.747231
1256.605921
0
1263.746536
0
0
0
1371.678325
0
1307.035502
0
1257.362409
1243.764715
1237.058639
0
1243.762971
0
1278.245712
0
1344.629746
1327.120623
0
0
1243.764764
0
0
1224.31472
0
0
1263.746925
1291.26017
0
1318.518023
0
0
0
1224.314575
1218.024102
0
0
1237.058865
0
0
1318.512743
0
0
1256.603635
1237.059118
0
1218.025075
1218.02222
1224.313082
1237.057925
0
0
0
0
1291.259011
1263.746164
0
0
0
1224.312331
1230.738774
0
0
1291.259048
0
1344.630673
1307.031632
0
1257.35927
0
1237.058054
0
0
1257.362575
1278.246108
0
1344.630514
0
0
0
1278.245835
0
1256.604057
0
1263.746066
1278.244138
0
1331.344529
0
0
1365.020639
1331.343181
1307.035251
0
0
1283.496998
0
1307.035008
1331.344429
0
1409.289273
0
0
1371.679308
0
1327.121235
0
1318.519157
1327.123125
0
1371.678689
1409.289086
1458.969741
0
1409.287203
0
0
1327.12198
1318.520808
0
1327.121964
0
1371.678553
0
1458.971711
0
0
1331.34149
1307.033608
0
0
0
0
1307.035047
1331.342597
0
0
1371.677668
1331.341656
0
1278.245495
0
1256.603824
0
1263.747263
1278.245482
0
1331.34481
0
0
1307.033231
1278.244216
1256.979972
0
1237.057259
1237.058272
1243.764023
0
1278.243005
0
1344.63022
0
0
1263.747269
0
0
1224.315049
1224.313105
1230.739596
1243.763785
0
1291.258459
1327.122435
1318.51425
0
0
1237.059213
1224.314071
1218.024473
1218.022196
0
1237.0571
1256.604131
0
0
1318.519455
0
0
1237.05933
1224.312361
1218.016093
0
1224.311106
1237.059614
0
0
1318.518044
0
0
1263.74583
0
0
1224.313509
0
0
0
1263.746865
0
0
1344.626614
1307.035112
0
0
1243.764175
0
1237.059705
1243.762935
0
1278.240686
1307.035564
0
1371.678792
1331.343665
0
1278.243828
0
0
0
0
1278.244473
0
1331.341544
1371.677239
1409.286433
0
0
0
1291.257816
1283.494876
0
1291.258112
0
0
1365.020829
0
1458.971983
1409.287236
0
0
1324.829631
0
0
1327.122914
1344.629872
0
1409.288307
0
0
1405.23464
1369.863503
1343.198867
1325.473867
1315.389011
0
1324.146318
1343.469138
0
1408.338663
1457.992683
1406.070398
0
0
0
1289.261931
0
1280.845505
1288.331041
0
1330.222296
1364.076361
0
0
0
2598.869033
1276.79432
1262.586024
0
1256.055871
0
1277.338846
1294.691844
0
1370.025877
1343.47824
1305.896144
0
0
0
1235.817971
0
0
0
0
1305.468868
1342.858022
0
1290.31992
1262.873801
1242.840616
0
1223.271939
0
0
1242.473496
1262.207128
0
1325.991825
0
0
1255.72394
0
0
1216.937092
1216.219382
1222.771431
0
1255.203856
0
1317.410538
1317.063933
0
0
1235.041788
0
0
0
0
0
1255.916088
1282.590105
0
0
1289.934625
1261.756055
1241.75403
0
1223.222457
1222.868199
1229.169162
1243.10971
0
1290.330628
0
0
1305.96971
1276.965667
0
1234.384369
0
0
1237.541782
1256.709193
0
1304.808712
1343.331188
0
0
1299.220903
0
1261.130548
1254.137709
1255.17485
1262.266819
0
0
0
0
1406.850986
0
0
1306.334994
1288.457161
1280.68798
0
1285.50567
0
1330.754762
1362.451057
0
1456.659815
1406.90351
1370.859121
0
0
0
0
1326.112627
0
0
1405.952173
1456.25037
310.041069
0
0
1333.475744
0
0
0
0
1341.001963
1347.224385
0
1441.527527
1398.133205
779.6915972
449.8569839
0
641.0982594
1260.063681
1259.719325
0
1291.389048
0
0
0
1359.36032
0
1277.892248
0
0
224.1012054
1254.761005
1258.195385
1257.876985
0
0
1359.007068
1328.869934
1299.195637
0
1255.215289
1233.79075
0
1219.489377
1242.782319
1255.958794
0
1287.033712
0
0
703.7983824
0
0
1223.108639
1200.77036
0
1212.930005
0
0
0
1306.199588
1308.988317
534.2302729
1253.626015
0
1216.433387
0
309.7727129
0
1215.545173
0
1268.502774
1294.655159
0
1274.839035
0
1216.575129
1221.121058
0
1060.284038
1202.591038
1235.115404
1243.509926
0
1314.965179
1325.394233
1694.098946
0
1226.130359
0
622.3629745
1215.750969
0
1221.764689
1262.538199
0
0
1340.628851
0
0
1237.310173
0
945.3021998
1235.309593
0
1241.816464
0
0
1327.43126
645.3321465
0
1291.138142
1272.449439
1241.412369
1253.400343
1235.305504
1245.572891
0
1295.602788
670.0962907
1358.450099
0
1235.974286
0
1289.052248
1257.467151
0
0
0
1306.263429
0
1338.087644
0
1443.882163
0
0
0
1323.878577
0
1301.390485
1317.148993
0
1199.119801
0
0
0
235.7913733
0
446.1808808
470.8066332
0
226.8452302
234.2294886
0
391.4221902
224.632
0
220.0688049
0
211.7677847
205.1850196
203.4234132
0
432.813243
0
0
439.9925455
220.1894922
0
218.727284
0
0
0
200.2555697
196.8339966
0
419.9650986
197.9839858
0
454.2370288
261.1444527
238.5541928
426.9803899
198.5940228
412.6039583
0
388.593461
0
241.5825374
0
203.8212309
212.1740015
236.0596457
235.5454838
0
427.9584982
887.732992
224.3075019
0
414.9932111
193.0111672
1310.584792
231.735905
214.1397149
213.8551681
203.3982572
201.0447683
423.8349776
0
0
862.9593089
0
210.351376
186.2955544
0
0
209.2788798
240.3444503
201.4028612
195.3784005
619.1560305
195.8529448
213.9025216
190.5154177
0
217.766216
197.0859617
230.1014546
229.1405877
211.7833919
203.9374858
421.0266953
196.1992346
0
202.439384
190.0449213
190.7251279
194.2111537
203.4398124
202.9684336
208.6005657
215.5081534
264.5836171
426.4775471
0
425.0195094
0
195.057899
418.4450942
195.2998823
243.4759215
202.740598
242.5770764
0
208.0683004
238.4320574
201.2850106
0
201.4601435
0
203.6908744
0
201.7685625
207.4879887
0
213.5656535
0
209.5540786
0
200.651615
231.7431587
199.8482298
233.8544372
444.6646039
212.3278738
0
470.9913747
0
489.0645767
435.8971606
207.3912513
207.6728056
204.3528988
0
207.5689063
0
0
226.5319489
257.9346841
0
218.9109371
215.8924777
0
210.4097999
209.468702
421.420316
0
213.107612
212.3453162
0
0
217.6555226
210.5836757
205.6606412
0
202.0568738
197.6650819
0
0
204.909645
0
0
223.4207851
217.7574616
205.3186953
202.7370529
194.6955734
200.8520462
0
0
200.0949613
0
199.4548513
0
219.2810944
0
0
201.8810249
196.6371392
193.5426933
0
0
191.485211
0
0
197.4200559
210.4109267
208.5912978
0
196.6484723
197.005796
194.3766448
0
0
0
0
194.5225722
204.42198
0
209.4832281
201.3451003
195.1195004
192.0837244
194.325871
190.406331
193.0179539
0
0
0
201.1189767
0
210.5827974
0
199.0707891
190.2316902
0
190.7027492
0
190.2645784
191.9248312
0
200.110672
0
0
206.7222644
0
0
195.9816112
195.1487424
0
0
0
202.8693818
0
209.9692629
210.0234587
202.4946787
203.688447
199.8054184
0
193.585956
0
0
0
202.2676433
0
210.376949
216.9583057
215.4187356
197.56033
0
200.4217951
0
191.2714541
0
0
206.0466859
0
210.9780879
0
214.8961178
0
200.446462
201.8220328
203.3187719
0
206.4737735
202.3378979
0
216.7613359
0
229.7607087
222.9050643
426.633611
0
414.337998
203.9534229
216.7357758
0
211.9206948
212.5629534
0
230.1198486
0
0
0
0
0
0
0
0
0
0
0
0
0
0
0
0
0
0
0
0
0
0
0
0
0
0
0
0
0
0
0
0
0
0
0
0
0
0
0
0
0
0
0
0
0
0
0
0
0
0
0
0
0
0
0
0
0
0
0
0
0
0
0
0
0
0
0
0
0
0
0
0
0
0
0
0
0
0
0
0
0
0
0
0
0
0
0
0
0
0
0
0
0
0
0
0
0
0
0
0
0
0
0
0
0
0
0
0
0
0
0
0
0
0
0
0
0
0
0
0
0
0
0
0
0
0
0
0
0
0
0
0
0
0
0
0
0
0
0
0
0
0
0
0
0
0
0
0
0
0
0
0
0
0
0
0
0
0
0
0
0
0
0
0
0
0
0
0
0
0
0
0
0
0
0
0
0
0
0
0
0
0
0
0
0
0
0
0
0
0
0
0
0
0
0
0
0
0
0
0
0
0
0
0
0
0
0
0
0
0
0
0
0
0
0
0
0
0
0
0
0
0
0
0
0
0
0
0
0
0
0
0
0
0
0
0
0
0
0
0
0
0
0
0
0
0
0
0
0
0
0
0
0
0
0
0
0
0
0
0
0
0
0
0
0
0
0
0
0
0
0
0
0
0
0
0
0
0
0
0
0
0
0
0
0
0
0
0
0
0
0
0
0
0
0
0
0
0
0
0
0
0
0
0
0
0
0
0
0
0
0
0
0
0
0
0
0
0
0
0
0
0
0
0
0
0
0
0
0
0
0
0
0
0
0
0
0
0
0
0
0
0
0
0
0
0
0
0
0
0
0
0
0
0
0
0
0
0
0
0
0
0
0
0
0
0
0
0
0
0
0
0
0
0
0
0
0
0
0
0
0
0
0
0
0
0
0
0
0
0
0
0
0
0
0
0
0
0
0
0
0
0
0
0
0
0
0
0
0
0
0
0
0
0
0
0
0
0
0
0
0
0
0
0
0
0
0
0
0
0
0
0
0
0
0
0
0
0
0
0
0
0
0
0
0
0
0
0
0
0
0
0
0
0
0
0
0
0
0
0
0
0
0
0
0
0
0
0
0
0
0
0
0
0
0
0
0
0
0
0
0
0
0
0
0
0
0
0
0
0
0
0
0
0
0
0
0
0
0
0
0
0
0
0
0
0
0
0
0
0
0
0
0
0
0
0
0
0
0
0
0
0
0
0
0
0
0
0
0
0
0
0
0
0
0
0
0
0
0
0
0
0
0
0
0
0
0
0
0
0
0
0
0
0
0
0
0
0
0
0
0
0
0
0
0
0
0
0
0
0
0
0
0
0
0
0
0
0
0
0
0
0
0
0
0
0
0
0
0
0
0
0
0
0
0
0
0
0
0
0
0
0
0
0
0
0
0
0
0
0
0
0
0
0
0
0
0
0
0
0
0
0
0
0
0
0
0
0
0
0
0
0
0
0
0
0
0
0
0
0
0
0
0
0
0
0
0
0
0
0
0
0
0
0
0
0
0
0
0
0
0
0
0
0
0
0
0
0
0
0
0
0
0
0
0
0
0
0
0
0
0
0
0
0
0
0
0
0
0
0
0
0
0
0
0
0
0
0
0
0
0
0
0
0
0
0
0
0
0
0
0
0
0
0
0
0
0
0
0
0
0
0
0
0
0
0
0
0
0
0
0
0
0
0
0
0
0
0
0
0
0
0
0
0
0
0
0
0
0
0
0
0
0
0
0
0
0
0
0
0
0
0
0
0
0
0
0
0
0
0
0
0
0
0
0
0
0
0
0
0
0
0
0
0
0
0
0
0
0
0
0
0
0
0
0
0
0
0
0
0
0
0
0
0
0
0
0
0
0
0
0
0
0
0
0
0
0
0
0
0
0
0
0
0
0
0
0
0
0
0
0
0
0
0
0
0
0
0
0
0
0
0
0
0
0
0
0
0
0
0
0
0
0
0
0
0
0
0
0
0
0
0
0
0
0
2359.508429
0
1929.70006
0
2121.028459
0
1753.090279
1613.174951
0
1822.194519
0
1531.200201
0
1320.347566
1645.743565
1509.925825
0
0
1210.282063
0
1420.785437
1315.078877
1224.013032
1144.739683
1498.798167
0
1278.090158
0
1114.041511
1498.797443
1379.674262
1278.091479
0
1114.031758
1544.970508
1420.785808
1315.079821
0
1144.741741
1645.746138
0
1394.817029
0
1210.282115
0
0
0
0
1320.34855
2121.029627
0
1753.093454
1613.173273
0
0
2359.505839
0
1929.697135
0
0
0
0
1929.700549
0
2121.028054
0
1753.094871
0
0
0
1664.072194
1531.200154
0
1320.348522
0
0
1394.815787
0
0
0
1420.785712
0
0
2289.483148
0
1379.67246
1278.090463
0
1114.039799
1498.796618
0
0
1190.441522
1114.042936
0
0
0
0
0
1645.74417
0
1394.816902
0
1210.282741
0
1664.074506
1531.201416
0
1320.347994
0
0
1753.094358
0
1493.938356
0
2359.507412
0
1929.701018
0
0
2359.509722
0
0
0
2121.028168
0
1753.093846
1613.173687
0
0
1664.073582
1531.201405
0
1320.347685
0
1509.926602
0
0
1210.282025
1544.969398
0
1315.079988
0
1144.743402
0
2759.346752
0
0
0
0
0
1278.089589
0
0
1544.972214
1420.784907
0
1224.014669
1144.741815
0
1509.925733
0
0
1210.281488
0
0
0
0
1320.348175
2121.030527
0
1753.094776
1613.17277
0
0
0
2123.069578
0
0
0
2359.507477
0
1929.698207
0
0
0
1753.095278
1613.173717
0
1822.193191
0
1531.201068
0
1320.349946
0
1509.925468
1394.816618
0
1210.281649
0
1420.786986
1315.078886
0
0
1498.798576
0
0
0
1114.040167
1498.796377
0
0
1190.44141
1114.03951
0
1420.786785
1315.078879
0
1144.742197
1645.745807
0
1394.815509
0
1210.282395
0
1664.073209
0
0
0
2121.029236
0
0
1613.173082
0
0
0
0
1929.700496
0
0
2359.508958
0
1929.615267
0
0
0
0
1613.174854
0
0
1664.073292
1531.202143
0
1320.347788
0
0
1394.555782
0
0
0
1420.786346
1315.076997
0
1144.740201
1498.79563
0
1278.087093
0
1113.837936
0
1379.672151
1278.090398
0
0
1544.969599
1420.786416
0
0
1144.740437
1645.741941
0
1394.815417
0
0
0
0
0
1417.977653
0
0
0
1753.050792
1613.173197
0
0
0
0
1929.696584
0
0
2359.506842
0
1929.699661
0
2121.026712
0
1753.091072
1613.173778
0
0
0
1531.2
0
0
0
0
0
0
1210.283511
0
0
1315.078476
0
1144.740437
0
1379.67144
1278.089564
0
1114.041262
1498.796383
0
1278.089045
1190.442198
0
0
0
1315.079392
0
2289.48169
1645.744102
0
0
0
1210.278379
0
1664.069772
1531.200741
0
1320.347434
0
1919.589212
0
0
0
0
2359.501559
0
0
0
0
2357.292352
0
1927.410146
0
0
0
0
1612.505367
0
1821.188957
0
0
0
1319.664036
0
1509.13262
0
0
1209.76121
0
1420.002733
1313.604299
0
1143.893512
0
0
0
0
1113.295616
0
1377.45483
0
1188.89006
1113.088865
1542.397049
1418.597918
1313.063601
0
0
1642.307664
0
1393.567938
0
1209.405596
1818.552555
0
0
0
0
2117.36296
0
1750.490572
1610.921982
0
0
2355.530934
0
1926.946378
0
0
0
0
1903.944114
0
2100.805257
0
0
0
1477.730865
0
1644.773683
1524.966892
0
1303.310685
0
0
1389.167667
0
1201.596519
0
1419.696383
0
0
1138.286086
1497.873208
0
1276.146761
230.8185104
1106.287668
0
2733.567338
485.8911345
0
0
1512.403626
1409.713353
0
250.3183144
1132.520004
0
0
0
0
2392.054044
0
0
1521.148669
0
1316.290869
2084.743386
0
1736.633824
1608.846366
0
0
786.9580386
0
1560.757333
0
435.8832942
692.3544505
333.0479329
311.411958
0
0
0
329.5433645
291.0780506
0
0
290.6656843
505.271669
0
215.7496322
258.1271489
0
574.0075973
227.9911343
0
351.9181554
405.1660531
206.6369209
661.6237285
187.2527057
269.7974717
0
205.4249572
187.8138769
371.6727787
237.820908
0
0
212.6315968
0
0
256.2721116
210.1647724
192.4916537
186.3240109
323.5275323
237.3505849
255.739575
0
208.0223573
286.9985422
577.0759932
484.2151894
0
209.9534724
0
0
281.8682874
0
263.652699
427.1737297
367.5300064
0
0
281.8566668
420.1731363
0
0
0
280.0795065
0
301.0056551
0
0
236.4326822
0
263.6143238
250.8502099
0
212.8521129
0
231.5650078
216.7209269
206.405049
193.9787993
0
0
0
198.49057
0
239.2907201
216.8380498
204.0638331
0
175.5042536
0
219.5191369
0
183.7324559
177.4344353
0
227.6754296
0
0
183.9582781
263.1273068
0
0
204.1464209
0
0
266.6311824
243.6114083
0
0
327.1227347
0
278.6719889
0
233.8562108
0
0
0
310.0748904
0
0
0
0
0
0
0
0
0
0
0
0
0
0
0
0
0
0
0
0
0
0
0
0
0
0
0
0
0
0
0
0
0
0
0
0
0
0
0
0
0
0
0
0
0
0
0
0
0
0
0
0
0
0
0
0
0
0
0
0
0
0
0
0
0
0
0
0
0
0
0
0
0
0
0
0
0
0
0
0
0
0
0
0
0
0
0
0
0
0
0
0
0
0
0
0
0
0
0
0
0
0
0
0
0
0
0
0
0
0
0
0
0
0
0
0
0
0
0
0
0
0
0
0
0
0
0
0
0
0
0
0
0
0
0
0
0
0
0
0
0
0
0
0
0
0
0
0
0
0
0
0
0
0
0
0
0
0
0
0
0
0
0
0
0
0
0
0
0
0
0
0
0
0
0
0
0
0
0
0
0
0
0
0
0
0
0
0
0
0
0
0
0
0
0
0
0
0
0
0
0
0
0
0
0
0
0
0
0
0
0
0
0
0
0
0
0
0
0
0
0
0
0
0
0
0
0
0
0
0
0
0
0
0
0
0
0
0
0
0
0
0
0
0
0
0
0
0
0
0
0
0
0
0
0
0
0
0
0
0
0
0
0
0
0
0
0
0
0
0
0
0
0
0
0
0
0
0
0
0
0
0
0
0
0
0
0
0
0
0
0
0
0
0
0
0
0
0
0
0
0
0
0
0
0
0
0
0
0
0
0
0
0
0
0
0
0
0
0
0
0
0
0
0
0
0
0
0
0
0
0
0
0
0
0
0
0
0
0
0
0
0
0
0
0
0
0
0
0
0
0
0
0
0
0
0
0
0
0
0
0
0
2359.499978
0
1929.699583
0
2121.027855
0
0
1613.175874
0
1822.192583
0
1531.201664
0
1320.347552
0
1509.927706
1394.815668
0
2420.564881
1544.969888
0
1315.079242
0
1144.743047
0
1379.6731
1278.089612
0
1114.041534
1498.795505
0
0
0
1114.040159
0
1420.787247
0
1224.014
2289.483717
1645.745433
1509.927228
1394.81614
0
1210.28299
0
0
1531.201463
0
1320.348359
2121.027728
0
1753.094521
1613.172214
0
2655.20606
0
0
0
0
2655.207933
0
0
0
0
0
0
1753.091096
1613.172356
0
1822.195962
0
1531.202032
0
1320.349121
1645.745971
1509.92745
1394.817537
0
1210.283061
0
1420.786403
0
0
0
1498.796248
1379.674401
1278.091513
0
1114.041971
1498.797895
0
1278.08957
0
0
0
1420.786512
1315.080602
0
0
0
1509.925537
0
1296.013203
0
1822.195471
0
1531.20039
0
1320.349755
0
1919.589394
0
1613.174679
0
0
2359.506568
0
1929.702491
0
0
2359.508206
0
1929.700333
0
0
1919.591124
0
0
0
1822.194853
0
1531.200827
1417.980139
1320.349925
0
0
0
1296.013281
0
1544.968608
0
1315.079582
0
1144.742784
0
1379.673041
0
1190.440747
0
1498.796089
0
1278.093243
0
1114.040462
0
1420.784356
1315.081785
0
1144.741345
1645.742629
0
1394.816168
0
1210.283337
1822.194489
0
0
1417.980818
0
0
0
1753.093113
1613.174975
0
0
0
0
1929.70151
0
0
2359.507653
0
1929.70251
0
2121.029599
0
1753.093167
0
1493.939444
1822.195927
0
0
0
1320.346694
0
0
0
0
0
0
1420.784752
0
0
1144.743208
1498.796912
1379.672902
1278.091253
0
1114.040724
0
0
1278.091055
0
1114.042251
0
1420.786138
0
0
1144.741312
0
1509.926214
0
0
0
0
0
1531.201579
0
1320.347939
2121.025438
0
0
1613.171741
0
0
0
0
1929.697961
0
0
2359.508988
0
1929.700378
0
0
1919.588913
0
0
0
0
0
1531.201745
0
0
0
1509.92523
1394.817696
0
1210.282348
1544.486949
0
1315.080372
0
1144.741316
0
1379.67365
0
1190.442863
1114.041214
1498.794895
1379.67216
0
0
1114.04145
0
0
0
1224.013818
1144.740784
1645.745961
0
1394.592405
0
1210.281363
0
1664.069613
0
0
1320.030025
0
0
1753.094188
1613.169645
0
0
2359.505611
0
0
0
2655.205614
0
0
1929.697804
0
0
0
1753.093698
0
0
0
1664.072806
0
0
1320.34784
1645.742635
0
1394.815848
0
0
0
1420.785844
1315.07906
0
1144.742805
1498.795676
0
1278.089606
0
1114.042012
1498.791969
1378.120693
0
1190.439566
0
0
1420.783951
1315.078648
0
1144.740517
0
1509.92718
0
0
1210.277272
1822.194211
0
1531.200158
0
1320.34594
2121.027977
0
1753.088884
1613.17049
0
0
0
0
1929.696383
0
0
2358.785478
0
0
0
2117.198741
0
0
1612.715633
0
1820.359803
0
1530.052481
0
1319.649885
0
0
1393.71217
0
1209.875627
0
1419.191905
0
0
1144.248451
1496.928119
0
1276.698417
0
1113.618577
0
0
1275.784017
0
1113.428566
0
1418.158401
1312.832817
0
1143.765512
0
1508.720429
1393.736528
0
0
0
1662.719533
0
0
1317.576304
0
0
0
0
0
0
2357.030062
0
1927.948878
0
0
2346.764106
0
1925.715507
0
2092.777855
0
0
0
0
0
1624.696578
1523.515977
0
0
0
0
1379.247118
0
1205.895237
0
1416.983113
1312.404294
0
1127.521004
1470.034982
1371.949504
0
0
1105.994653
1245.984888
433.1604525
1238.437736
0
1105.420769
0
1402.082568
0
743.7817904
0
1616.920247
0
0
0
1563.754882
0
1655.028985
0
1030.337894
0
2104.573882
0
1749.807128
0
1465.864983
0
1494.993545
0
1897.704081
0
0
366.3675981
356.6722899
0
0
0
0
374.5746098
0
918.9099465
0
261.8722242
264.8154286
336.7059973
208.3585179
265.1886566
0
0
201.5432053
210.8191346
0
506.0097455
0
201.8263043
184.8543026
233.2358154
222.683188
842.8675836
213.6284401
0
0
214.8364984
201.8211983
184.67547
0
0
228.4666099
0
0
184.114208
0
0
227.078539
0
193.2699922
0
280.7247003
634.1411971
0
208.3835247
339.6373128
0
274.2662914
0
265.4130578
0
0
336.6372237
0
0
0
0
0
0
281.7446651
334.6154118
0
274.2179625
0
240.5920973
286.2018983
0
243.649312
229.7925791
0
0
237.3213298
0
0
0
237.8104275
226.1570354
0
199.3414578
0
238.7431685
237.194392
400.7583368
0
181.6219851
0
0
0
380.6065699
172.7441721
239.620715
220.650786
0
189.0397598
182.9653701
0
234.6131034
0
204.3781199
192.5395949
288.4566077
261.1250064
0
227.0666716
209.8154095
0
0
0
0
233.4588267
417.9042668
0
339.4875184
309.9770636
0
0
0
0
0
0
0
0
0
0
0
0
0
0
0
0
0
0
0
0
0
0
0
0
0
0
0
0
209.5543196
0
0
0
0
0
0
0
0
0
0
0
0
0
245.9120823
0
0
0
0
0
0
0
0
0
0
0
0
0
0
0
0
0
0
0
0
0
0
0
0
0
0
0
0
0
0
0
0
0
0
0
0
0
0
0
0
0
0
0
0
0
0
0
0
0
0
0
0
0
0
0
0
0
0
0
0
0
0
0
0
0
0
0
0
0
0
0
0
0
0
0
0
0
0
0
0
0
0
0
0
0
0
0
0
0
0
0
0
0
0
0
0
0
0
0
0
0
0
0
0
0
0
0
0
0
0
0
0
0
0
0
0
0
0
0
0
0
0
0
0
0
0
0
0
0
0
0
0
0
0
0
0
0
0
0
0
0
0
0
0
0
0
0
0
0
0
0
0
0
0
0
0
0
0
0
0
0
0
0
0
0
0
0
0
0
0
0
0
0
0
0
0
0
0
0
0
0
0
0
0
0
0
0
0
0
0
0
0
0
0
0
0
0
0
0
0
0
0
0
0
0
0
0
0
0
0
0
0
0
0
0
0
0
0
0
0
0
0
0
0
0
0
0
0
0
0
0
0
0
0
0
0
0
0
0
0
0
0
0
0
0
0
0
0
0
0
0
0
0
0
0
0
0
0
0
0
0
0
0
0
0
0
0
0
0
0
0
0
0
0
0
0
0
0
0
0
0
0
0
0
0
0
0
0
0
0
0
0
0
0
0
0
0
0
0
0
0
0
0
0
0
0
0
0
0
0
0
0
0
0
0
0
0
0
0
2359.508406
0
1929.701896
0
0
0
0
1613.172501
0
1822.194807
1664.070511
0
1417.976053
0
0
0
1394.814669
0
1210.280318
0
1420.786217
1315.079515
0
1144.742203
1498.796608
1379.672404
1278.092014
0
1114.042014
0
1379.673761
1278.088683
0
1114.041066
1544.969926
0
1315.076091
0
1144.742822
0
1509.927834
0
0
2420.56457
1822.194458
0
1531.197798
0
1320.349289
0
0
1753.093957
1613.173863
0
0
2359.507336
0
1929.701305
0
0
0
0
1929.70228
0
2121.029401
0
1753.093532
0
1493.939793
0
0
1531.202622
0
1320.349034
0
1509.927248
1394.816658
0
1210.282858
1544.971471
0
1315.079046
0
0
0
1379.674045
0
0
1114.042315
1498.796981
1379.673454
0
1190.439479
0
0
1420.786757
1315.079819
0
0
0
0
0
1296.014496
0
0
1664.073033
0
0
0
2121.027917
0
1753.093162
1613.172943
0
0
0
0
0
0
0
2359.507781
0
0
0
0
0
1753.092794
1613.173266
0
0
1664.072757
0
0
1320.349118
0
0
1394.817682
0
0
0
1420.78806
1315.080681
0
1144.742557
1498.799516
1379.673547
1278.09155
0
0
0
1379.673068
1278.089603
0
1114.042098
1544.968567
0
1315.080123
0
1144.742402
1645.746279
1509.928096
0
1296.013182
1210.283099
1822.193938
0
1531.201763
0
1320.348576
0
1919.589754
0
1613.174055
0
0
0
0
1929.700991
0
0
2359.507389
0
1929.696565
0
2121.027162
0
1753.089287
1613.172507
0
0
0
1531.202763
0
0
1645.743635
0
1394.816418
0
1210.28209
1544.972127
0
1315.079893
0
1144.742663
0
0
1278.090415
0
2228.011792
1498.797017
1379.673179
0
1190.442276
0
0
1420.785735
1315.076007
0
1144.741587
0
0
0
0
1210.281484
0
1664.07342
0
1417.980581
0
0
1919.5894
0
1613.172104
0
0
2359.508863
0
0
0
0
2359.506755
0
1929.441612
0
2121.024228
0
0
1613.175162
0
1822.191354
0
1531.200942
0
1320.347549
0
0
1394.817164
0
1210.279691
0
1420.78424
1315.076863
0
1144.741764
1498.793801
1379.671883
0
1190.440002
0
1498.451368
0
1278.090853
0
0
0
0
0
0
1144.742234
1645.742909
1509.925137
0
0
1210.282678
1822.192562
0
1531.202547
0
1320.347591
0
0
0
1613.175147
0
0
2359.396756
0
1929.702046
0
0
2359.505217
0
1929.698512
0
0
0
1753.090786
0
1493.938529
0
1664.07113
0
0
0
0
1509.922334
1394.812704
0
1210.282604
0
0
0
1224.011337
1144.741419
1498.724547
1379.673029
0
1190.439225
1114.041838
1498.794973
1379.672714
0
0
1114.041233
1544.966022
1420.783801
1315.077648
0
1144.742217
0
1509.925473
1394.814815
0
0
0
0
1531.201901
0
1320.3492
2121.026481
0
0
1613.17429
0
2655.207643
0
2123.067705
1929.700246
0
2651.136591
0
2120.025626
1927.925333
0
0
0
0
1611.310129
0
1817.005379
1659.273062
0
1416.319747
0
0
1504.884907
1390.524994
0
1209.826216
0
1419.729414
0
0
1142.905866
0
1378.605293
0
0
1113.315577
0
1378.248246
1276.947468
0
1113.403432
1543.432667
0
0
1219.919704
0
0
1507.633955
1392.880047
0
1209.660381
1819.532721
0
1529.132897
0
1319.628315
0
1917.361737
0
1611.348837
0
2649.000179
0
0
0
0
0
1759.702205
0
1915.223373
0
2116.909014
0
1715.134612
0
1489.592086
0
638.3800409
1512.244325
0
0
1364.29323
0
0
0
1192.172827
0
1413.560891
370.6036971
0
0
1493.9497
1361.861374
1276.914417
0
1101.759798
0
0
1271.926118
0
1102.902697
1516.793155
0
1297.224568
0
0
0
0
1369.670058
0
1186.797681
1783.017971
0
1508.655587
0
0
0
0
510.6319314
1593.534119
0
0
2348.885649
0
1720.898615
0
0
0
0
337.3717888
0
365.3536878
0
273.2698621
0
239.1379259
289.7016346
265.9627598
244.5377476
0
243.3684358
0
244.348271
226.5284407
0
193.376224
0
244.9953208
0
464.1879135
0
0
0
639.5247072
0
177.8630263
257.7428857
223.1686262
428.6654525
0
177.1680579
245.4125039
0
0
194.0379245
382.6569573
0
264.3940962
221.7808568
206.0017781
0
285.0375902
262.8614634
0
246.7512779
0
343.002996
0
277.1807084
0
233.2119143
0
0
328.9279885
0
0
0
370.5831296
0
0
276.1476014
335.445069
0
555.474314
259.3876211
0
290.5740435
0
245.2227068
0
212.0066201
262.7026444
237.6671939
222.3835444
204.1799651
193.6653993
243.5516653
0
205.3463107
0
181.1572192
237.8301142
221.9665758
0
378.3154512
177.0874236
238.508201
0
206.526418
190.8550421
0
0
227.3867766
0
194.5405865
180.4973713
261.7855228
242.1022052
0
0
0
0
0
0
225.2483851
206.1450926
0
305.5400307
0
258.5540602
0
410.4143875
0
338.2595259
0
275.9627845
0
0
353.1886515
0
0
0
0
0
0
0
0
0
0
0
0
0
0
0
0
0
0
0
0
0
0
0
0
0
0
0
0
0
0
0
0
0
0
0
0
0
0
0
0
0
0
0
0
0
0
0
0
0
0
0
0
0
0
0
0
0
0
0
0
0
0
0
0
0
0
0
0
0
0
0
0
0
0
0
0
0
0
0
0
0
0
0
0
0
0
0
0
0
0
0
0
0
0
0
0
0
0
0
0
0
0
0
0
0
0
0
0
0
0
0
0
0
0
0
0
0
0
0
0
0
0
0
0
0
0
0
0
0
0
0
0
0
0
0
0
0
0
0
0
0
0
0
0
0
0
0
0
0
0
0
0
0
0
0
0
0
0
0
0
0
0
0
0
0
0
0
0
0
0
0
0
0
0
0
0
0
0
0
0
0
0
0
0
0
0
0
0
0
0
0
0
0
0
0
0
0
0
0
0
0
0
0
0
0
0
0
0
0
0
0
0
0
0
0
0
0
0
0
0
0
0
0
0
0
0
0
0
0
0
0
0
0
0
0
0
0
0
0
0
0
0
0
0
0
0
0
0
0
0
0
0
0
0
0
0
0
0
0
0
0
0
0
0
0
0
0
0
0
0
0
0
0
0
0
0
0
0
0
0
0
0
0
0
0
0
0
0
0
0
0
0
0
0
0
0
0
0
0
0
0
0
0
0
0
0
0
0
0
0
0
0
0
0
0
0
0
0
0
0
0
0
0
0
0
0
0
0
0
0
0
0
0
0
0
0
0
0
0
0
0
0
0
0
0
0
0
0
0
0
0
0
0
0
0
0
0
2655.206968
0
2123.073434
1929.701515
0
0
0
1753.092853
1613.174129
0
1822.195595
0
0
0
1320.3471
0
1509.92749
1394.818122
1296.01351
0
0
1420.785448
1315.080232
0
1144.742998
1498.796254
0
1278.090634
1190.441527
1114.041875
1498.796646
1379.672629
1278.090855
0
1114.043032
1544.971002
1420.786804
0
0
1144.74068
1645.746116
0
1394.817229
1296.014556
0
0
0
1531.201339
0
1320.348456
2121.029306
0
0
1613.170668
0
0
2359.49432
0
1929.697856
0
0
2359.504316
0
3859.400035
0
0
1919.591073
0
1613.173845
0
0
1664.073633
1531.201221
0
0
0
1509.927975
0
0
1210.284454
0
1420.785648
1315.079333
0
1144.74333
0
0
0
0
1114.042477
0
1379.672998
0
1190.441817
1114.042051
1544.969096
0
1315.08036
0
0
0
1509.926425
0
0
1210.283195
0
1664.072925
0
0
1320.348587
2121.028176
0
1753.093179
1613.173652
0
0
2359.511575
0
1929.700179
0
0
0
0
0
0
2121.029831
0
1753.094026
1613.173047
0
0
0
1531.201004
0
1320.349157
3291.48939
0
0
1296.014411
0
1544.970676
1420.787508
0
0
1144.742559
1498.796723
1379.673344
0
1190.442426
0
1498.796715
0
1278.089934
0
0
0
1420.787568
1315.081275
0
1144.741563
0
1509.924899
1394.815597
0
1210.282941
1822.194191
0
1531.200692
0
1320.34826
2121.030072
0
0
1613.172964
0
0
2359.510069
0
1929.702052
0
0
2359.509056
0
1929.69827
0
0
0
1753.093651
0
0
1822.195475
0
0
0
1320.346405
0
0
0
0
1210.281851
1544.970662
1420.78486
1315.079628
0
1144.741804
0
1379.674491
1278.091468
0
0
0
1379.674787
0
1190.440681
1114.039842
0
1420.78417
0
0
1144.742061
1645.74512
0
1394.816323
0
0
1822.19401
0
1531.202203
0
1320.349296
0
1919.588342
0
1613.170345
0
0
0
0
1929.699112
0
0
2359.505208
0
0
0
2121.023925
0
0
1613.169435
1493.936134
0
1664.072203
1531.20015
0
1320.347147
1645.744996
0
1394.817426
0
1210.28329
0
0
1315.080618
0
0
1498.798159
0
0
0
1114.040072
1498.798329
0
1278.090026
0
1114.039553
1544.970934
1420.783132
0
1224.0129
0
0
1509.925117
1394.814278
0
1210.280626
1822.191801
0
0
0
1320.340588
0
0
1753.094247
1613.174793
0
0
2359.509562
0
0
0
0
0
0
1929.698023
0
0
1919.588706
0
0
0
1822.192722
1664.068139
0
0
1319.789687
0
0
1394.81593
1295.201409
1210.281347
0
1420.78731
1315.076908
0
1144.742534
1498.791398
0
0
1190.442443
1114.039366
1498.798439
1379.673824
0
0
1114.042816
0
0
1315.078747
0
1144.740277
0
1509.925078
0
0
1210.281107
0
0
1531.200525
0
0
0
1919.584809
0
1613.170806
0
0
0
0
1929.698943
0
0
0
2120.571591
1927.828286
0
2116.250708
0
1751.033858
1611.286788
0
0
0
0
0
0
0
0
0
0
1208.980625
0
1419.705505
0
0
1144.356097
0
1378.583181
0
0
0
0
1378.225049
1276.887467
0
1113.554304
0
1419.367217
1313.775971
0
1144.254853
0
1508.312343
1393.485836
0
0
0
1662.404364
0
0
1319.553531
0
0
1751.745864
0
0
0
0
0
1927.382496
0
0
2347.66484
0
1898.125368
0
2085.610811
0
0
1591.510975
0
0
0
1511.377519
0
1319.625512
1640.18365
0
1392.372362
1267.153465
0
0
1405.617706
1310.274486
0
1140.915641
1495.256019
444.6130071
1265.913869
0
1110.979181
1472.538895
1364.529834
0
1178.240799
0
0
1413.015779
0
1212.746674
0
0
301.6016911
1383.201962
0
1208.146448
1819.012376
0
1521.040873
1392.850235
0
0
1898.737708
0
1588.242063
0
0
2354.998046
0
1895.914535
0
411.8537571
400.6804209
0
314.5467293
0
0
663.1154965
276.7753412
0
239.5567798
286.5854021
0
241.7140355
0
230.6889986
291.9009962
271.940827
222.7485067
0
193.5721028
0
220.8101943
242.7137726
199.2855879
0
239.5459174
219.0662784
202.9938541
0
201.3293471
0
217.6385251
0
192.1223991
181.5417606
281.4278482
0
234.2454327
0
185.1993837
257.7882584
239.3095724
0
230.2325943
201.784505
0
261.6789976
0
0
0
380.5569911
0
313.8373356
0
244.0338885
417.6233578
0
336.4773606
0
279.2980285
0
0
337.135913
0
277.7670258
0
0
0
0
0
0
0
0
0
215.582832
0
237.7311434
0
205.0516875
0
239.1530955
226.6464471
0
192.9662126
367.1656594
0
0
199.8216847
189.3472687
182.7308524
233.9430212
0
197.5927891
186.395172
179.6556748
0
221.9564061
210.4453685
0
0
0
241.7742477
0
208.2747533
392.2063559
0
0
242.9959981
224.2354819
0
0
297.7246504
0
251.0168789
0
0
756.1010592
0
308.2732671
0
0
0
0
0
0
0
0
0
0
0
0
0
0
0
0
0
0
0
0
0
0
0
0
0
0
0
0
0
0
0
0
0
0
0
0
0
0
0
0
0
0
0
0
0
0
0
0
0
0
0
0
0
0
0
0
0
0
0
0
0
0
0
0
0
0
0
0
0
0
0
0
0
0
0
0
0
0
0
0
0
0
0
0
0
0
0
0
0
0
0
0
0
0
0
0
0
0
0
0
0
0
0
0
0
0
0
0
0
0
0
0
0
0
0
0
0
0
0
0
0
0
0
0
0
0
0
0
0
0
0
0
0
0
0
0
0
0
0
0
0
0
0
0
0
0
0
0
0
0
0
0
0
0
0
0
0
0
0
0
0
0
0
0
0
0
0
0
0
0
0
0
0
0
0
0
0
0
0
0
0
0
0
0
0
0
0
0
0
0
0
0
0
0
0
0
0
0
0
0
0
0
0
0
0
0
0
0
0
0
0
0
0
0
0
0
0
0
0
0
0
0
0
0
0
0
0
0
0
0
0
0
0
0
0
0
0
0
0
0
0
0
0
0
0
0
0
0
0
0
0
0
0
0
0
0
0
0
0
0
0
0
0
0
0
0
0
0
0
0
0
0
0
0
0
0
0
0
0
0
0
0
0
0
0
0
0
0
0
0
0
0
0
0
0
0
0
0
0
0
0
0
0
0
0
0
0
0
0
0
0
0
0
0
0
0
0
0
0
0
0
0
0
0
0
0
0
0
0
0
0
0
0
0
0
0
0
0
0
0
0
0
0
0
0
0
0
0
0
0
0
0
0
0
0
0
0
0
0
0
0
)
;

boundaryField
{
    walls
    {
        type            calculated;
        value           uniform 0;
    }
    inlet
    {
        type            calculated;
        value           uniform 0;
    }
    outlet
    {
        type            calculated;
        value           uniform 0;
    }
}


// ************************************************************************* //
