/*--------------------------------*- C++ -*----------------------------------*\
  =========                 |
  \\      /  F ield         | OpenFOAM: The Open Source CFD Toolbox
   \\    /   O peration     | Website:  https://openfoam.org
    \\  /    A nd           | Version:  7
     \\/     M anipulation  |
\*---------------------------------------------------------------------------*/
FoamFile
{
    version     2.0;
    format      ascii;
    class       volScalarField;
    location    "2";
    object      SrhoRhoDiffWorkFieldBefore;
}
// * * * * * * * * * * * * * * * * * * * * * * * * * * * * * * * * * * * * * //

dimensions      [0 0 0 0 0 0 0];

internalField   nonuniform List<scalar> 
6144
(
-1.103507709e-15
0
0
-7.169276116e-15
0
0
-1.498985224e-14
-9.535296219e-15
-1.145138424e-14
0
0
-5.246814967e-13
0
-1.108928651e-14
0
-7.03614489e-15
-2.691124325e-14
0
0
-5.176387336e-15
0
0
0
-5.557195715e-13
-4.00285627e-14
0
-1.434860494e-13
0
-4.765606505e-15
-5.864640519e-15
0
0
-2.537876365e-14
0
0
0
-3.757851601e-14
0
-5.712295432e-14
-1.510741079e-13
-5.816225196e-15
-1.069164916e-14
-1.81639309e-14
-1.954894298e-14
0
-3.789343178e-14
0
-1.476194801e-14
0
-8.706999797e-14
-8.337747367e-13
-8.451186385e-13
-2.455125968e-14
-1.911253101e-14
-3.331759292e-14
0
0
0
-5.88607929e-13
-6.605398361e-13
-9.907297895e-14
-9.011346741e-14
0
-8.912678632e-13
-1.791510132e-14
-2.0623082e-14
0
-3.073160586e-14
-1.635990028e-13
0
0
0
0
-9.506175657e-15
-6.092704803e-15
-1.065884843e-14
0
-1.716630597e-14
0
0
-1.125833292e-12
0
0
-1.350514196e-12
0
0
0
-8.052415661e-15
-7.3403444e-15
-7.358487219e-14
0
-4.197324042e-14
-7.539185477e-13
-7.002876273e-13
-1.377264501e-12
-1.475239499e-12
-4.79045403e-15
-7.220959853e-15
0
-1.45144203e-14
-5.256440675e-14
0
-1.394232843e-14
-7.453154718e-15
-7.422175009e-15
-1.175218937e-14
-1.382159033e-14
0
0
-8.104179614e-15
-6.429789213e-15
0
0
0
-1.298228008e-14
-1.462141106e-14
-4.428865832e-15
0
-1.600143581e-14
-1.470722137e-14
-2.844864634e-14
0
-1.065944669e-14
-1.519403893e-14
-7.763159786e-14
-8.253661539e-15
0
-9.84971832e-15
-1.193336741e-14
-1.722236787e-14
0
0
-3.347948716e-14
-3.624155656e-14
-1.62262342e-14
0
-2.192160806e-14
-4.903416411e-15
-1.134266834e-14
0
0
0
0
-1.333815686e-12
-5.179723801e-15
0
-2.366693522e-15
-1.804817055e-14
0
-2.205918741e-14
0
-9.498680089e-15
-1.101229833e-14
-6.97485997e-15
0
-5.34677741e-13
0
0
-5.620878377e-15
0
-2.318502353e-14
0
-1.463535173e-14
0
-3.944599925e-16
0
-5.494279299e-13
0
-4.520170786e-14
-4.041839668e-14
-1.557950742e-13
-1.518165271e-13
0
-4.893154944e-15
0
0
0
-1.155870168e-14
0
-1.503771797e-14
-5.480626141e-14
0
0
-1.49208801e-13
0
0
-1.395375408e-14
-2.212456404e-15
0
-3.080021574e-14
0
0
0
0
-6.085588702e-13
0
-1.448412905e-14
0
0
0
-1.239510238e-13
0
-6.125574499e-13
0
0
-1.076430955e-13
0
-8.789370072e-13
0
0
-4.928459719e-14
0
-1.221372602e-13
-5.42213821e-14
-6.307886202e-13
0
-7.562611538e-15
-7.469834306e-15
0
-1.370574737e-14
-1.170063227e-14
-9.117816001e-15
0
-2.454042696e-14
-7.300333596e-13
0
-1.181512776e-12
-1.404562401e-12
0
-7.601929854e-15
-6.833757801e-15
-8.332444021e-15
0
0
-4.905972777e-14
-3.778494621e-14
-7.324793084e-13
0
0
0
-2.023473549e-15
-5.688476279e-15
0
0
-8.524890785e-15
0
-7.42418504e-15
-9.807968953e-16
-9.746795439e-15
0
-9.898570543e-15
-1.037060763e-14
0
0
-3.785161904e-17
0
-7.286255048e-14
0
-4.994836865e-15
0
-5.715155454e-15
-4.216145871e-15
0
0
-2.886093452e-14
0
0
0
0
-1.173502908e-14
0
0
0
0
-1.325787533e-12
-1.310597674e-12
0
-3.628587245e-14
-6.791902238e-15
0
0
0
-6.221887711e-15
-2.046672113e-15
0
-4.697429124e-15
-1.302926661e-12
0
0
0
-6.520606303e-14
-2.50043627e-14
0
-1.351929084e-14
-2.007759356e-14
0
0
0
0
0
0
0
-8.712208363e-15
0
-1.674433238e-15
0
0
0
-1.47764084e-14
0
-4.235095672e-15
0
0
-2.338550701e-14
0
-1.360232446e-14
0
-4.954826905e-16
0
0
-6.075508763e-17
0
0
0
0
-7.132626477e-15
-9.523320971e-17
0
-7.067988037e-15
-9.265983586e-16
-1.623907637e-17
0
-7.781862705e-16
0
-4.290525956e-15
-1.264270981e-14
0
-6.584347023e-12
0
-9.80637096e-15
0
0
0
0
-3.405056756e-15
-2.456914101e-15
0
0
-3.077402706e-12
-3.35690934e-12
-1.933436391e-15
0
0
-2.44039346e-14
0
0
0
0
0
0
0
-8.851477007e-16
-2.033620756e-14
0
0
0
-5.372516962e-14
0
0
0
0
0
0
0
0
0
0
-4.190696363e-15
-1.791379635e-15
0
-8.342893142e-15
-6.146426071e-15
0
0
-6.918469278e-15
-4.474424456e-15
-3.344291574e-14
-5.065895493e-14
0
-1.018146978e-14
0
0
0
0
-1.051956154e-14
0
-4.350684982e-15
-1.497031326e-14
-2.192825159e-14
0
-2.382697885e-15
0
-3.414242789e-15
0
-4.161678621e-14
0
0
0
-3.038886775e-15
-1.01170553e-15
0
-1.700573342e-15
0
0
0
0
-3.982027784e-15
-7.66049282e-15
0
0
0
0
0
0
0
0
0
0
0
0
0
0
-9.143513725e-14
-1.246786464e-15
-3.088370436e-13
0
0
-2.799859036e-14
0
-3.95167433e-15
0
0
0
-2.139789759e-16
-2.743081827e-15
0
0
-6.239326275e-15
-1.572984262e-13
0
-3.176669125e-14
0
-4.348121064e-14
0
0
0
0
0
-2.005168632e-13
0
-4.339321222e-17
0
-2.609590377e-14
0
0
-1.323738989e-13
0
-6.189444883e-15
-1.415749593e-13
0
0
0
0
0
-8.22077231e-14
0
-8.436390967e-14
0
0
0
-1.557263895e-12
0
-6.06384065e-14
0
-1.333061432e-13
-4.901013383e-14
0
-2.844305343e-14
0
0
0
0
0
-3.703008759e-12
0
0
0
0
-1.762161563e-14
0
-2.560511656e-13
-9.989906758e-15
0
0
-1.364882169e-13
-8.838597278e-14
0
-2.79689783e-14
-2.7876188e-14
0
-3.277075329e-13
-3.220000675e-13
-5.870996015e-15
0
0
-1.849068476e-14
0
-3.537790706e-15
0
0
-8.827339393e-14
0
0
0
-3.95874255e-13
-3.00573525e-13
0
0
0
0
0
0
0
-1.135395037e-14
-6.140509034e-13
-3.335128767e-15
0
-2.234968629e-13
-1.740866787e-13
0
-2.308167751e-14
0
-8.726273963e-14
0
-1.93565683e-14
0
-1.31945125e-13
0
0
-2.648707181e-13
0
-1.057535345e-13
0
0
-2.676930422e-15
-1.033892302e-14
-1.281364345e-13
0
0
0
-2.674894827e-13
0
-1.569798399e-13
0
0
0
0
-8.188149331e-15
-1.136993296e-13
0
0
0
-1.037413374e-12
0
0
0
0
0
0
0
0
0
-1.67318952e-13
0
-1.760406208e-13
0
-2.180716902e-13
-3.581848797e-13
0
0
0
-2.91015741e-13
0
0
-4.203141913e-11
-2.286006375e-13
0
-1.425932829e-14
-4.858755328e-11
0
0
-2.33109358e-13
0
0
0
-1.809064087e-15
0
-2.159504726e-11
0
0
0
-4.543233041e-13
0
-3.19299494e-13
0
-1.140603743e-13
-5.206723728e-15
-2.128035198e-13
0
-2.111132324e-11
0
0
0
-2.328089423e-13
-1.17850081e-10
0
0
0
0
0
-1.043138453e-11
0
0
0
-3.476976182e-13
0
-1.169168528e-10
0
0
0
0
-6.040523241e-14
0
0
-1.854867185e-13
0
0
0
0
0
-8.616151573e-11
-3.5646623e-13
0
-7.879868897e-12
-1.175719166e-10
-1.187882721e-10
-4.474755936e-13
0
0
0
0
-2.738785953e-13
-2.2152349e-13
0
0
0
-1.53821757e-10
-1.17980959e-10
0
0
-3.094092227e-13
0
-5.696055558e-14
-1.243303509e-13
0
-6.28093044e-14
0
-2.290098307e-14
0
0
-1.086579117e-10
-1.088276356e-10
0
-6.054216879e-11
0
0
0
-5.823656839e-14
0
-3.965609378e-11
0
-6.698864778e-13
-1.086645775e-10
0
-5.92961154e-11
0
0
0
-3.131345362e-11
-2.087006588e-13
0
0
-3.810113613e-13
0
-6.468478102e-11
-6.941182721e-13
0
-4.494514412e-13
0
0
0
0
-1.085542008e-10
0
-6.171302998e-13
0
0
-7.022587651e-15
-8.130990769e-14
-3.59219923e-13
0
-1.063988476e-10
0
0
-7.379892276e-11
-3.033296247e-11
0
-1.18560497e-10
0
-7.230614605e-11
0
-7.102687875e-11
0
0
-8.420906589e-11
-1.406664401e-10
0
0
0
0
-6.271151353e-11
-1.526909696e-10
0
0
-1.047952377e-10
-5.148268945e-11
0
-4.668492139e-11
0
-1.388879219e-10
0
-8.769304982e-11
-4.472695418e-13
0
-4.700587613e-11
0
0
-4.064213141e-11
-8.057627472e-11
0
0
-9.472495078e-11
-6.069512514e-11
-7.946812474e-11
0
-1.150615574e-10
0
-1.357975298e-10
0
0
-5.462963178e-11
0
0
-3.559618787e-11
-1.288785543e-10
-3.821162728e-11
-4.978691801e-11
0
-1.057659648e-10
-1.090269369e-10
-2.242473668e-10
0
0
-8.09887009e-11
-9.817610515e-11
-2.492281363e-11
-5.683579512e-11
0
-1.236921075e-10
-7.819166887e-11
0
0
-6.650302592e-11
0
0
-5.918304679e-11
-1.314959306e-10
0
0
-1.626574814e-10
-5.387380636e-11
0
0
-6.790894695e-11
0
0
-1.032781461e-10
0
0
-7.167250821e-11
0
0
0
-2.821516714e-11
0
0
-1.521328588e-10
-4.356617551e-11
0
0
-4.439670862e-11
0
-3.5305472e-11
-1.637705138e-10
0
-2.454993825e-10
-1.313442302e-10
0
-7.840430877e-11
-7.380755826e-11
0
-1.334874129e-10
0
0
0
0
-1.904923444e-10
0
-7.185910012e-11
-1.326953676e-10
-1.251167487e-10
0
0
0
-2.317826886e-10
-2.373177279e-10
0
-1.850655074e-10
0
0
-9.691202627e-11
0
0
-1.014035777e-10
0
0
-9.622269141e-22
0
0
0
-1.043918589e-10
0
-6.595742304e-11
0
0
-4.085408082e-07
-1.70077759e-07
-1.426362717e-07
-3.687457938e-07
-3.84469428e-07
0
-1.585532403e-07
-1.335480544e-07
0
-9.335803172e-08
-9.263586e-08
-3.371787638e-07
0
0
0
-4.542903818e-07
0
-1.449283706e-07
-1.606198467e-07
0
-1.314562129e-07
-9.534775253e-08
0
0
0
-2.238870738e-07
-1.208963087e-07
-1.346196288e-07
0
-6.744777924e-08
0
-8.51230293e-08
-5.073959191e-07
0
-1.753957459e-07
-1.271066073e-07
-1.285775591e-07
0
0
0
-1.46570755e-07
0
0
0
0
-1.741627988e-07
-1.913206299e-07
0
-1.227187238e-07
-9.600441454e-08
-1.009116791e-07
0
-1.134802448e-07
0
0
-1.123115333e-07
-1.419240066e-07
0
-1.31502449e-07
0
0
-9.631808005e-08
0
0
-1.192287606e-07
-1.864809129e-07
-1.704171783e-07
0
-1.147893748e-07
0
-1.299186597e-07
-1.35022544e-07
0
0
-2.556171984e-07
0
0
0
0
0
-8.761269924e-08
-9.017051873e-08
0
0
-1.258345073e-07
-2.463391831e-07
-2.512948813e-07
0
-1.018992021e-07
-1.68265593e-07
-1.837899344e-07
-8.490240256e-08
0
-9.186022055e-08
0
0
-1.071602834e-07
-1.313059758e-07
0
-6.276150117e-07
0
0
-6.814784135e-07
-9.688007802e-08
0
-3.312665474e-07
-2.879207912e-07
0
0
-1.329505816e-07
0
-2.898911534e-07
-2.756614526e-07
-1.994958401e-07
-2.065034075e-07
0
0
0
0
-2.25958799e-07
0
0
-7.501946062e-08
-2.076800593e-07
-2.111681479e-07
0
-6.448362221e-07
0
-8.981365955e-08
-3.167006241e-07
0
-2.113695975e-07
-2.249143826e-07
-8.349524363e-08
0
0
0
0
-1.096446609e-07
0
0
-3.341423167e-07
-3.133871156e-07
-6.471912763e-07
0
0
-9.618376415e-07
0
0
0
0
-1.012975744e-06
-1.939541418e-06
0
-1.40230097e-06
-3.600226442e-07
-8.617896459e-08
-1.123226676e-10
0
-9.28497424e-08
-2.068596073e-06
-8.804288147e-07
0
-1.358289637e-06
0
0
0
-1.242593517e-06
0
-1.863022872e-06
0
0
-1.020608542e-09
-4.535512846e-07
-6.357823938e-07
-1.806891235e-06
0
0
-1.989158763e-06
-1.42936622e-06
-7.71527485e-07
0
-2.345049872e-07
-1.378796201e-06
0
-1.366288431e-06
-1.154094151e-07
-1.454667727e-07
0
-1.84469707e-06
0
0
-5.305510379e-13
0
0
-8.049546013e-07
-2.295345085e-06
0
-1.663128258e-06
0
0
0
-1.797297485e-06
-1.079404733e-06
-5.895779926e-07
-2.225943331e-07
0
-7.278719114e-07
0
-4.474863573e-07
0
-1.671419485e-06
0
-1.621552796e-06
-1.890158078e-06
0
-6.025007158e-07
0
-1.981757775e-06
-2.771323769e-07
0
-2.726649216e-10
-1.660932836e-06
-6.674891712e-07
-1.165692554e-06
0
-3.412788408e-07
-1.439145655e-07
-1.868471017e-06
0
-1.715070023e-06
0
-2.019040761e-12
-8.197147286e-07
0
-1.636303319e-06
-1.599764724e-07
0
0
-2.731478762e-07
0
0
-1.771570126e-06
0
-1.743632847e-08
-2.400688015e-07
0
-1.792197472e-06
0
0
-1.731755047e-06
-3.517099748e-13
0
-7.63868935e-07
-6.16901902e-07
-1.85392938e-06
-3.236996908e-07
-1.998292453e-06
-9.401422655e-07
0
-5.31616012e-07
-2.338199697e-06
-1.542779482e-06
0
-7.910356708e-08
0
-1.613725866e-06
-1.669857181e-06
0
0
0
-1.021636045e-07
0
-2.387563288e-06
0
-1.150313777e-06
0
0
0
-2.365884247e-07
0
-1.600166921e-06
-6.607718445e-07
0
-1.864061751e-06
0
0
0
-6.280845146e-07
0
-1.34621341e-06
-1.108931451e-06
0
-7.385765978e-07
-7.267188412e-07
0
-1.782477416e-06
-7.670316516e-07
0
-6.85396694e-07
0
-7.319636196e-07
-7.288806373e-07
-8.867223481e-07
0
-1.542502338e-06
0
0
-1.712890531e-06
-6.322115189e-07
0
-6.248032785e-07
0
0
0
-7.499047364e-07
-7.677197155e-07
0
-1.709860225e-06
-7.060079365e-07
0
-1.367404222e-06
-4.460505184e-07
-6.228125328e-07
-1.309224082e-06
-9.831644586e-07
-1.044201456e-06
0
-1.426963155e-06
0
-1.620978811e-07
0
-6.503292126e-07
-6.797051309e-07
-6.391643637e-07
-6.679435654e-07
0
-2.342728901e-06
-1.275288284e-05
-7.100535423e-07
0
-1.40327528e-06
-7.53769353e-07
-8.070188905e-06
-8.056807357e-07
-6.338335006e-07
-7.22895531e-07
-7.542909519e-07
-7.623817098e-07
-1.897526726e-06
0
0
-1.276142742e-05
0
-6.893668208e-07
-9.180891299e-07
0
0
-7.362607145e-07
-4.961001077e-07
-5.993721848e-07
-5.967193811e-07
-1.548224127e-06
-7.402656737e-07
-6.753477884e-07
-7.329402276e-07
0
-6.815233188e-07
-7.452236496e-07
-7.16257333e-07
-7.240932407e-07
-5.218374818e-07
-5.442261428e-07
-1.100359887e-06
-5.787771596e-07
0
-7.055455651e-07
-7.515375307e-07
-7.326095816e-07
-7.761219948e-07
-7.019968769e-07
-7.858634384e-07
-7.951442034e-07
-7.707980041e-07
-4.125378385e-07
-1.42432764e-06
0
-1.415749323e-06
0
-7.184057096e-07
-1.493020849e-06
-8.331190575e-07
-1.126599516e-09
-6.456553484e-07
-5.50727897e-07
0
-8.99392225e-07
-6.385488931e-07
-7.45409108e-07
0
-7.385693954e-07
0
-7.241289067e-07
0
-8.311177919e-07
-6.579784042e-07
0
-8.344752381e-07
0
-7.299210138e-07
0
-8.424609312e-07
-7.619183988e-07
-7.023109085e-07
-5.855423113e-07
-1.631809893e-06
-7.918754904e-07
0
-1.1855608e-06
0
-1.044024797e-06
-5.260384084e-07
-8.066115822e-07
-8.55926742e-07
-8.769024343e-07
0
-6.801927064e-07
0
0
-5.465271719e-07
-5.195795951e-07
0
-7.473505818e-07
-7.925122393e-07
0
-9.768667298e-07
-9.254126498e-07
-1.739158983e-06
0
-9.760460756e-07
-9.722465039e-07
0
0
-7.648496053e-07
-7.695289761e-07
-7.652148346e-07
0
-9.762109101e-07
-9.216023343e-07
0
0
-9.315250112e-07
0
0
-7.742400117e-07
-7.510017586e-07
-7.440405083e-07
-1.124874573e-06
-1.039084522e-06
-8.372190647e-07
0
0
-9.958669082e-07
0
-7.592345815e-07
0
-8.019173542e-07
0
0
-1.057923981e-06
-1.058650621e-06
-8.084895151e-07
0
0
-9.145909117e-07
0
0
-8.087576499e-07
-8.053000511e-07
-8.120352994e-07
0
-1.002935205e-06
-1.090044937e-06
-8.117063786e-07
0
0
0
0
-9.463862496e-07
-7.866677677e-07
0
-8.241574637e-07
-8.203563507e-07
-1.099598487e-06
-1.039620844e-06
-8.707547735e-07
-8.339784351e-07
-8.400459644e-07
0
0
0
-7.271959143e-07
0
-6.378840993e-07
0
-6.482583414e-07
-6.164482075e-07
0
-7.867524004e-07
0
-7.990965195e-07
-7.91380322e-07
0
-8.397251912e-07
0
0
-6.479817577e-07
0
0
-8.43373651e-07
-8.207722131e-07
0
0
0
-8.158299912e-07
0
-8.619469505e-07
-9.22609704e-07
-9.542765206e-07
-8.444380002e-07
-8.243107809e-07
0
-7.859759676e-07
0
0
0
-8.571810182e-07
0
-6.678466635e-07
-9.402552501e-07
-1.01235527e-06
-8.225229437e-07
0
-8.063916688e-07
0
-8.104197477e-07
0
0
-9.146952207e-07
0
-6.660938668e-07
0
-9.202776654e-07
0
-8.731885934e-07
-9.341142511e-07
-9.248275679e-07
0
-7.39715967e-07
-9.196296628e-07
0
-6.876859147e-07
0
-8.454170036e-07
-8.997899068e-07
-1.712433997e-06
0
-1.855666569e-06
-9.509755448e-07
-7.817589131e-07
0
-9.627539331e-07
-9.039140846e-07
0
-6.817486264e-07
0
0
0
0
0
0
0
0
0
0
0
0
0
0
0
0
0
0
0
0
0
0
0
0
0
0
0
0
0
0
0
0
0
0
0
0
0
0
0
0
0
0
0
0
0
0
0
0
0
0
0
0
0
0
0
0
0
0
0
0
0
0
0
0
0
0
0
0
0
0
0
0
0
0
0
0
0
0
0
0
0
0
0
0
0
0
0
0
0
0
0
0
0
0
0
0
0
0
0
0
0
0
0
0
0
0
0
0
0
0
0
0
0
0
0
0
0
0
0
0
0
0
0
0
0
0
0
0
0
0
0
0
0
0
0
0
0
0
0
0
0
0
0
0
0
0
0
0
0
0
0
0
0
0
0
0
0
0
0
0
0
0
0
0
0
0
0
0
0
0
0
0
0
0
0
0
0
0
0
0
0
0
0
0
0
0
0
0
0
0
0
0
0
0
0
0
0
0
0
0
0
0
0
0
0
0
0
0
0
0
0
0
0
0
0
0
0
0
0
0
0
0
0
0
0
0
0
0
0
0
0
0
0
0
0
0
0
0
0
0
0
0
0
0
0
0
0
0
0
0
0
0
0
0
0
0
0
0
0
0
0
0
0
0
0
0
0
0
0
0
0
0
0
0
0
0
0
0
0
0
0
0
0
0
0
0
0
0
0
0
0
0
0
0
0
0
0
0
0
0
0
0
0
0
0
0
0
0
0
0
0
0
0
0
0
0
0
0
0
0
0
0
0
0
0
0
0
0
0
0
0
0
0
0
0
0
0
0
0
0
0
0
0
0
0
0
0
0
0
0
0
0
0
0
0
0
0
0
0
0
0
0
0
0
0
0
0
0
0
0
0
0
0
0
0
0
0
0
0
0
0
0
0
0
0
0
0
0
0
0
0
0
0
0
0
0
0
0
0
0
0
0
0
0
0
0
0
0
0
0
0
0
0
0
0
0
0
0
0
0
0
0
0
0
0
0
0
0
0
0
0
0
0
0
0
0
0
0
0
0
0
0
0
0
0
0
0
0
0
0
0
0
0
0
0
0
0
0
0
0
0
0
0
0
0
0
0
0
0
0
0
0
0
0
0
0
0
0
0
0
0
0
0
0
0
0
0
0
0
0
0
0
0
0
0
0
0
0
0
0
0
0
0
0
0
0
0
0
0
0
0
0
0
0
0
0
0
0
0
0
0
0
0
0
0
0
0
0
0
0
0
0
0
0
0
0
0
0
0
0
0
0
0
0
0
0
0
0
0
0
0
0
0
0
0
0
0
0
0
0
0
0
0
0
0
0
0
0
0
0
0
0
0
0
0
0
0
0
0
0
0
0
0
0
0
0
0
0
0
0
0
0
0
0
0
0
0
0
0
0
0
0
0
0
0
0
0
0
0
0
0
0
0
0
0
0
0
0
0
0
0
0
0
0
0
0
0
0
0
0
0
0
0
0
0
0
0
0
0
0
0
0
0
0
0
0
0
0
0
0
0
0
0
0
0
0
0
0
0
0
0
0
0
0
0
0
0
0
0
0
0
0
0
0
0
0
0
0
0
0
0
0
0
0
0
0
0
0
0
0
0
0
0
0
0
0
0
0
0
0
0
0
0
0
0
0
0
0
0
0
0
0
0
0
0
0
0
0
0
0
0
0
0
0
0
0
0
0
0
0
0
0
0
0
0
0
0
0
0
0
0
0
0
0
0
0
0
0
0
0
0
0
0
0
0
0
0
0
0
0
0
0
0
0
0
0
0
0
0
0
0
0
0
0
0
0
0
0
0
0
0
0
0
0
0
0
0
0
0
0
0
0
0
0
0
0
0
0
0
0
0
0
0
0
0
0
0
0
0
0
0
0
0
0
0
0
0
0
0
0
0
0
0
0
0
0
0
0
0
0
0
0
0
0
0
0
0
0
0
0
0
0
0
0
0
0
0
0
0
0
0
0
0
0
0
0
0
0
0
0
0
0
0
0
0
-4.457622193e-13
0
-2.322821611e-13
0
-5.550878217e-13
0
0
-4.484106298e-13
0
-9.585742099e-14
0
-9.535725991e-14
0
0
-1.162089136e-13
-8.400428547e-14
0
0
0
0
-1.581287126e-13
0
-5.292935837e-14
-6.303987854e-14
-1.600181599e-13
0
-1.56500992e-13
0
-6.661182267e-14
-3.545349151e-14
-3.469788141e-14
-3.595525417e-14
0
-9.970652724e-14
-4.299014535e-14
-3.675773028e-14
-3.766364619e-14
0
-2.925575764e-14
-6.794200427e-15
0
-6.7139503e-15
0
-1.591608473e-14
0
0
0
0
-1.7616827e-14
-1.325871816e-12
0
-6.417667694e-13
-6.196984681e-13
0
0
-4.891069917e-13
0
0
0
0
0
0
-2.959385825e-13
0
-5.507477125e-13
0
-4.870514085e-13
0
0
0
-1.082190714e-13
-7.214508409e-14
0
-7.738934224e-13
0
0
-2.682625905e-14
0
0
0
-1.029886409e-13
0
0
-1.259985649e-13
0
-1.591760974e-13
-1.48834973e-13
0
0
-3.879804123e-14
0
0
-2.344592723e-14
-1.751586753e-14
0
0
0
0
0
-1.227101772e-14
0
-5.479489391e-15
0
-1.188763019e-14
0
-3.955769038e-15
-7.14300021e-15
0
-1.747724991e-14
0
0
-6.032980573e-13
0
-1.096684172e-13
0
-4.6943501e-13
0
-1.236933745e-12
0
0
0
0
0
0
-6.41241337e-15
0
-4.975888306e-15
-9.687074526e-15
0
0
0
0
0
-5.160657867e-14
0
0
0
0
-2.547570708e-14
0
0
-1.132950854e-14
0
-1.432811877e-13
0
-3.361180041e-14
0
0
0
0
0
-3.514965041e-14
0
0
-1.444410477e-14
-2.562819308e-14
0
-3.454211845e-15
-5.744197756e-14
0
-6.411447125e-15
0
0
-1.74081627e-14
0
0
0
0
-7.387382105e-14
-1.773722652e-15
0
-1.041745881e-14
0
0
0
0
-1.666261132e-14
0
0
0
-1.674955209e-13
0
-1.682316136e-13
0
0
0
0
-1.274894239e-14
0
-8.159315313e-14
0
-3.746199173e-14
0
-1.262496735e-14
0
0
0
0
-7.06976513e-13
0
-7.894673938e-14
-4.726383899e-14
0
0
0
0
0
0
-4.20070659e-13
-2.466414999e-14
0
0
-4.20249942e-13
-8.32429268e-13
0
-1.081005613e-13
-3.089488535e-14
0
-3.800202294e-14
-1.814559107e-15
0
-1.870117678e-14
0
-4.192815032e-14
0
-3.838366922e-15
0
0
0
-1.623345539e-14
0
0
-5.728832642e-14
0
0
0
0
-1.574556471e-13
0
0
-3.016832971e-13
0
0
0
0
0
0
0
0
0
-3.67731024e-11
-9.687014963e-12
0
-2.655565897e-13
0
0
0
0
0
0
-5.765484405e-11
-2.283566145e-11
0
-6.930663374e-11
-2.599323734e-11
0
-1.725125339e-11
0
0
0
-2.51623376e-13
-3.652841662e-13
0
0
-2.638818909e-13
-4.044972263e-11
0
0
-6.85336998e-12
-7.767003987e-13
0
0
0
0
0
0
0
-1.378462536e-13
0
0
0
0
-3.245033528e-13
0
0
0
0
-8.263683808e-14
0
0
-8.099163076e-11
0
-8.747864204e-11
0
-1.170583226e-10
0
-1.795097774e-10
-7.565211998e-11
0
0
0
-1.957120911e-10
0
0
0
0
0
0
-3.423689147e-11
0
0
-8.613827362e-11
0
-1.197019998e-10
0
-6.459429724e-11
-1.194551301e-10
0
-1.306832206e-10
-4.422242011e-11
0
-1.793763904e-10
-4.075424893e-11
0
0
0
-4.503004835e-11
0
-3.193516698e-10
-1.354309129e-10
0
0
0
-3.931666544e-12
0
-1.542319576e-10
-7.663714022e-11
0
-1.293569617e-10
0
-5.833980339e-11
0
0
0
0
-1.539861933e-10
0
0
0
0
-1.70360214e-07
0
-1.741832936e-07
0
0
0
0
-6.902856677e-08
0
-7.57594081e-08
0
0
0
-9.748752523e-08
0
-7.177561824e-08
0
0
-7.745814859e-08
0
-6.25861583e-08
-1.379200733e-07
0
-1.036933694e-07
0
0
0
0
-9.320642961e-08
0
-1.948207182e-07
0
-1.489058107e-07
-1.074647847e-07
-2.020940818e-07
-1.830397875e-07
-1.825400198e-07
0
0
-2.415158206e-07
0
-1.141739867e-07
0
-1.670424857e-07
-2.470473688e-07
0
0
0
0
-2.905497809e-07
0
-1.647220585e-07
-1.579184857e-07
0
0
-1.839781901e-07
0
-1.620410113e-07
0
0
0
0
-1.715186274e-06
0
-1.228974609e-06
0
0
0
-1.516016915e-06
0
-1.649717221e-06
-4.411686362e-07
0
-1.749283715e-06
0
0
-8.194248757e-07
0
-1.139267696e-06
0
-6.859659941e-08
0
0
-8.322166883e-07
-7.091988248e-08
0
-1.581707828e-07
-5.660304587e-15
-1.044743162e-06
0
-2.003273286e-06
-2.730960324e-07
0
0
-1.956192471e-06
-1.15220998e-06
0
-4.236351485e-07
-1.241399577e-06
0
0
0
0
-3.0321081e-06
0
0
-9.681635295e-07
0
-1.638068714e-07
-1.680803231e-06
0
-1.060091925e-06
-1.781278153e-07
0
0
-2.259330385e-17
0
-1.459073038e-07
0
-6.921971367e-07
-1.412345429e-06
-6.195745844e-07
-5.92708459e-07
0
0
0
-6.221006886e-07
-5.309606315e-07
0
0
-7.704672151e-07
-1.557756767e-06
0
-7.673345546e-07
-8.240593982e-07
0
-3.590941219e-06
-7.437523412e-07
0
-8.095947681e-07
-7.89793557e-07
-8.869309222e-07
-5.401877233e-06
-5.495555412e-07
-8.043496183e-07
0
-8.403633579e-07
-6.866047599e-07
-1.063799302e-06
-7.159636091e-07
0
0
-6.74973301e-07
0
0
-6.279693753e-07
-7.159061244e-07
-7.632464068e-07
-7.242873388e-07
-5.112101609e-07
-6.690094282e-07
-5.680510241e-07
0
-5.359986053e-07
-6.916529299e-07
-1.118525747e-06
-1.255881129e-06
0
-7.515299948e-07
0
0
-5.283319038e-07
0
-6.814241551e-07
-5.757871256e-07
-6.210053349e-07
0
0
-7.382180651e-07
-8.207347575e-07
0
0
0
-6.38943098e-07
0
-6.61311027e-07
0
0
-8.292038605e-07
0
-9.323260688e-07
-9.838041637e-07
0
-8.200388391e-07
0
-8.805945947e-07
-8.762022568e-07
-9.464516769e-07
-8.502411277e-07
0
0
0
-7.133235264e-07
0
-9.615699082e-07
-9.228983084e-07
-9.921237701e-07
0
-7.027366788e-07
0
-7.345299413e-07
0
-8.108261225e-07
-7.726466462e-07
0
-7.64622828e-07
0
0
-6.682237214e-07
-7.287689826e-07
0
0
-7.002157026e-07
0
0
-7.531061784e-07
-7.009733082e-07
0
0
-6.783149012e-07
0
-6.442382269e-07
0
-8.256368681e-07
0
0
0
-8.195786716e-07
0
0
0
0
0
0
0
0
0
0
0
0
0
0
0
0
0
0
0
0
0
0
0
0
0
0
0
0
0
0
0
0
0
0
0
0
0
0
0
0
0
0
0
0
0
0
0
0
0
0
0
0
0
0
0
0
0
0
0
0
0
0
0
0
0
0
0
0
0
0
0
0
0
0
0
0
0
0
0
0
0
0
0
0
0
0
0
0
0
0
0
0
0
0
0
0
0
0
0
0
0
0
0
0
0
0
0
0
0
0
0
0
0
0
0
0
0
0
0
0
0
0
0
0
0
0
0
0
0
0
0
0
0
0
0
0
0
0
0
0
0
0
0
0
0
0
0
0
0
0
0
0
0
0
0
0
0
0
0
0
0
0
0
0
0
0
0
0
0
0
0
0
0
0
0
0
0
0
0
0
0
0
0
0
0
0
0
0
0
0
0
0
0
0
0
0
0
0
0
0
0
0
0
0
0
0
0
0
0
0
0
0
0
0
0
0
0
0
0
0
0
0
0
0
0
0
0
0
0
0
0
0
0
0
0
0
0
0
0
0
0
0
0
0
0
0
0
0
0
0
0
0
0
0
0
0
0
0
0
0
0
0
0
0
0
0
0
0
0
0
0
0
0
0
0
0
0
0
0
0
0
0
0
0
0
0
0
0
0
0
0
0
0
0
0
0
0
0
0
0
0
0
0
0
0
0
0
0
0
0
0
0
0
0
0
0
0
0
0
0
0
0
0
0
0
0
0
0
0
0
0
0
0
0
0
0
0
0
0
0
0
0
0
0
0
0
0
0
0
0
0
0
0
0
0
0
0
0
0
0
0
0
-2.51505209e-11
0
-1.231433107e-12
0
-1.304193867e-12
0
0
-3.64807858e-12
0
-8.069368172e-14
0
-4.486470684e-14
0
-2.344975114e-14
0
-8.034835207e-14
-7.390621022e-14
0
-1.171517653e-14
-1.637611827e-13
0
0
0
-4.266377598e-15
0
-1.494235501e-13
-1.550657668e-13
0
-8.922399972e-15
-1.470762562e-14
0
0
0
-5.001732121e-14
0
-7.30132756e-15
0
-1.944055469e-14
-4.260351733e-14
-2.282538675e-13
-2.216588877e-13
-2.217751506e-13
0
-6.763015332e-14
0
0
-2.319463429e-13
0
-2.025993085e-12
-3.783848771e-14
0
-7.481458802e-13
0
0
0
0
0
0
0
-1.14729578e-12
0
0
0
0
0
0
-3.55065581e-12
-3.48506164e-12
0
-6.226984365e-14
0
-7.897505348e-14
0
-6.8060882e-14
-7.776672175e-14
-8.324033296e-14
-6.50412457e-14
0
-1.0013844e-14
0
-1.8319709e-13
0
0
0
-1.797506773e-13
-1.530314291e-13
-1.545557072e-13
0
-1.07490132e-14
-3.043586144e-15
0
-4.116571521e-14
0
0
0
-7.109189791e-15
0
0
0
0
-2.226674755e-13
0
-6.306458462e-14
0
-2.235095855e-13
0
-2.24851879e-13
0
-1.946949895e-12
0
-7.720594076e-13
0
-6.799871271e-13
0
0
-6.654049714e-13
0
-6.345554454e-13
0
0
0
0
0
0
0
-2.490788457e-14
0
0
0
0
0
-1.355857807e-14
-3.695090122e-14
-8.186349061e-14
0
0
0
-4.443933909e-14
0
-6.835117595e-12
0
-7.073308143e-12
0
-3.924087877e-14
0
-7.014251681e-12
0
-5.626084852e-14
0
0
0
0
0
-5.960958049e-14
0
0
0
0
-3.568958304e-14
-6.238733853e-13
0
-1.286139269e-12
0
-7.536887544e-13
-5.538605541e-13
0
0
0
0
0
0
-3.588106523e-15
0
0
0
0
0
-2.591996505e-14
0
0
0
0
-5.717357475e-14
0
-6.083270665e-15
0
-5.815386065e-14
0
-1.443936475e-13
0
0
0
0
-2.041642297e-13
0
0
0
0
0
0
-8.478018364e-12
0
0
-4.105534063e-14
-9.051830282e-12
-5.947475937e-12
-6.640786895e-12
0
-1.215551111e-14
0
0
0
0
-4.718892731e-14
0
-7.777074104e-14
0
0
0
0
-2.974735726e-13
0
0
0
0
0
-3.759555497e-13
0
-1.039346935e-12
-1.440778589e-13
0
0
-6.096556563e-13
0
0
0
0
-2.820722397e-12
0
0
-2.495700823e-13
0
-2.649175955e-13
0
0
-1.740694224e-13
0
0
0
0
0
-1.116513665e-13
0
0
0
0
0
0
-2.277552699e-11
0
0
0
0
-1.697725365e-13
0
0
0
-3.439081502e-13
-5.846080222e-14
-1.063454144e-10
-1.027385252e-10
0
0
0
0
0
0
0
0
0
0
0
0
-7.152400387e-11
0
0
0
0
0
0
0
-1.346563583e-11
-1.272754567e-11
0
0
-1.248344067e-11
0
0
0
-3.264629995e-11
0
0
-1.023063185e-10
0
0
0
-6.286896244e-11
0
0
0
-7.379634966e-11
0
0
-7.548510264e-11
-1.244081832e-10
0
-5.319003567e-11
0
0
0
-3.994596071e-11
-1.242076407e-10
0
-3.2626188e-11
-1.008257355e-10
0
-1.009731599e-10
0
0
-8.586978483e-11
-6.096560581e-22
0
-1.356830044e-10
0
0
-1.483188576e-10
-1.966556563e-10
0
-7.031932371e-11
0
-5.386689732e-11
0
0
-1.169739426e-10
-5.629823357e-11
0
-2.92041376e-11
0
-3.72624521e-10
-3.89415121e-11
0
-7.832657802e-11
-1.847100794e-10
0
0
0
0
-6.724362284e-11
0
0
-4.461272483e-08
0
0
0
-3.049769726e-07
0
0
-4.045352111e-08
0
-1.576227102e-07
0
-1.411147057e-07
0
-8.014042027e-08
0
0
-1.502679659e-07
0
-4.955993632e-08
0
-1.658837255e-07
0
0
-6.540637862e-08
-1.864107997e-07
0
-1.614759393e-07
0
-5.929420558e-08
0
0
-3.006970973e-07
0
-1.057784213e-07
0
-2.94848857e-07
-2.906309467e-07
0
-1.322183939e-07
0
-1.031896482e-07
-1.004021187e-07
0
0
0
-1.038506759e-07
0
0
-3.114986993e-07
0
0
0
0
0
0
-1.256171586e-07
0
-1.547711612e-07
0
0
-9.096452009e-07
0
-2.725971226e-07
0
-2.130192527e-06
0
0
0
0
0
-2.749895013e-06
-8.058028043e-07
0
0
0
0
-1.145131104e-06
0
-5.089271075e-07
0
-4.140656338e-07
-3.119184262e-07
0
-1.874883507e-06
-1.321074653e-06
-7.838117769e-07
0
0
-9.991469393e-07
-1.523569416e-08
-2.982040536e-16
-1.504719883e-06
0
-1.515504274e-06
0
-1.670123811e-06
0
-2.272595684e-11
0
-1.642148189e-06
0
0
0
-7.2464369e-07
0
-6.753061679e-07
0
-6.928586981e-09
0
-1.026071649e-06
0
-2.443384089e-07
0
-2.11916446e-06
0
-1.634624181e-10
0
-2.468647468e-06
0
0
-9.260016069e-07
-7.894464838e-07
0
0
0
0
-5.761590107e-07
0
-2.629975263e-06
0
-8.083919938e-07
-7.210247899e-07
-7.293172797e-07
-8.328153e-07
-7.963552528e-07
0
0
-7.934041444e-07
-6.746656897e-07
0
-1.332394782e-06
0
-6.193832098e-07
-6.006033423e-07
-9.502945118e-07
-8.112488737e-07
-9.322114121e-06
-6.080898744e-07
0
0
-6.612033986e-07
-5.944183651e-07
-8.56929248e-07
0
0
-5.903139959e-07
0
0
-8.262150447e-07
0
0
-7.646907278e-07
0
-8.140339293e-07
0
-7.913091752e-07
-2.181665382e-06
0
-7.359550143e-07
-7.293915641e-07
0
-6.553581682e-07
0
-6.219385199e-07
0
0
-6.353663303e-07
0
0
0
0
0
0
-7.90411307e-07
-6.729842775e-07
0
-9.175350296e-07
0
-1.066968478e-06
-9.068436526e-07
0
-8.854404864e-07
-8.940427869e-07
0
0
-8.387610758e-07
0
0
0
-9.476222458e-07
-9.211881052e-07
0
-7.579042662e-07
0
-1.012302147e-06
-1.005745115e-06
-1.780108085e-06
0
-6.799786117e-07
0
0
0
-2.018026184e-06
-9.04808672e-07
-6.760863527e-07
-6.665418506e-07
0
-9.469971526e-07
-1.029122947e-06
0
-9.284710479e-07
0
-9.449217938e-07
-9.103615097e-07
-9.984765928e-07
-9.581118472e-07
0
-7.108573713e-07
-8.173257895e-07
0
0
0
0
-7.810974593e-07
-8.501496196e-07
0
-7.178501579e-07
-7.387378835e-07
0
0
0
0
0
0
0
0
0
0
0
0
0
0
0
0
0
0
0
0
0
0
0
0
0
0
0
0
-2.05989526e-07
0
0
0
0
0
0
0
0
0
0
0
0
0
-2.437008134e-07
0
0
0
0
0
0
0
0
0
0
0
0
0
0
0
0
0
0
0
0
0
0
0
0
0
0
0
0
0
0
0
0
0
0
0
0
0
0
0
0
0
0
0
0
0
0
0
0
0
0
0
0
0
0
0
0
0
0
0
0
0
0
0
0
0
0
0
0
0
0
0
0
0
0
0
0
0
0
0
0
0
0
0
0
0
0
0
0
0
0
0
0
0
0
0
0
0
0
0
0
0
0
0
0
0
0
0
0
0
0
0
0
0
0
0
0
0
0
0
0
0
0
0
0
0
0
0
0
0
0
0
0
0
0
0
0
0
0
0
0
0
0
0
0
0
0
0
0
0
0
0
0
0
0
0
0
0
0
0
0
0
0
0
0
0
0
0
0
0
0
0
0
0
0
0
0
0
0
0
0
0
0
0
0
0
0
0
0
0
0
0
0
0
0
0
0
0
0
0
0
0
0
0
0
0
0
0
0
0
0
0
0
0
0
0
0
0
0
0
0
0
0
0
0
0
0
0
0
0
0
0
0
0
0
0
0
0
0
0
0
0
0
0
0
0
0
0
0
0
0
0
0
0
0
0
0
0
0
0
0
0
0
0
0
0
0
0
0
0
0
0
0
0
0
0
0
0
0
0
0
0
0
0
0
0
0
0
0
0
0
0
0
0
0
0
0
0
0
0
0
0
0
0
0
0
0
0
0
0
0
0
0
0
0
0
0
0
0
0
-6.125585768e-13
0
-7.495569615e-13
0
0
0
0
0
0
-7.778124917e-13
0
0
0
0
0
0
0
0
0
0
-4.422934329e-13
-1.9595459e-13
0
-8.017797494e-13
-4.631099381e-13
-4.62391599e-13
-4.405964305e-13
0
-7.888749861e-13
0
-1.444765199e-12
0
0
-5.221650335e-13
-1.446130246e-12
0
-1.411863909e-12
0
-5.037233551e-13
0
-1.193053607e-14
0
0
-2.705505249e-14
-1.405272245e-14
0
-2.769894673e-14
0
-5.33954859e-15
0
0
-9.346246305e-15
-3.201043562e-14
0
0
-7.838874251e-15
0
-1.355397124e-14
0
0
0
0
-7.028224502e-13
0
-9.925000244e-15
0
-5.67604913e-13
0
-8.75698635e-13
0
0
-6.566299868e-13
0
-8.434032554e-13
0
-7.382693092e-13
-7.185539871e-13
0
-5.740917631e-13
-4.497837269e-13
0
-4.450830199e-13
0
0
0
-4.752153512e-13
0
0
-8.180965016e-13
-1.451254269e-12
-1.244132962e-12
0
-5.406719183e-13
0
0
-1.404924484e-12
-1.331023054e-12
0
0
0
0
0
-4.02238432e-15
0
0
-1.031818648e-14
0
0
0
-5.364885868e-15
0
-1.167667454e-14
-1.920793091e-14
0
0
0
0
0
0
0
0
0
0
0
0
0
0
0
0
0
0
0
0
-7.491263966e-15
0
0
0
0
0
0
0
-3.569532665e-15
0
-1.194734697e-11
0
-2.660967799e-14
0
0
0
0
-7.213034555e-12
-7.004153451e-12
0
-1.52508278e-14
-7.047367767e-12
0
-6.974518271e-12
0
-5.336447594e-14
-1.032088772e-15
-4.097912521e-14
0
-3.567614756e-14
-4.168191607e-15
-1.485337782e-14
0
-5.665164106e-16
0
-2.985225608e-15
0
0
0
-6.893667463e-15
0
0
0
0
-2.240171607e-14
0
0
0
0
-2.350480975e-12
0
-1.006473187e-14
0
0
-1.401212007e-13
0
0
0
0
0
0
-8.643867465e-15
0
-4.922764477e-14
0
-4.236288496e-14
0
0
-7.887769668e-14
0
-1.238391657e-11
0
0
-3.241542103e-13
0
-1.29174252e-11
-7.844727567e-12
-6.381123076e-12
0
-7.143475939e-13
0
0
-9.276843651e-12
-6.948601738e-12
0
-8.742366014e-14
0
0
0
0
-1.053537729e-13
0
-1.494488996e-14
0
-7.422305225e-14
0
0
-2.999185544e-14
0
0
0
0
-2.297289789e-14
0
0
0
0
0
0
0
0
-1.45224835e-13
0
0
0
0
-5.094397547e-14
0
-2.438225324e-13
0
-7.846072815e-14
0
0
0
0
-1.139450619e-13
0
-2.152549958e-11
-1.982781355e-11
0
-2.734051905e-12
-2.210526922e-11
-2.11786508e-11
0
0
0
-2.89567647e-22
0
-9.369602838e-12
0
0
0
0
0
0
-2.831189528e-12
0
-4.4494487e-14
0
0
-3.353150676e-11
-4.164270864e-13
0
-1.007363015e-13
0
-5.178580082e-13
0
0
0
0
0
0
0
0
-1.339525318e-10
0
0
-4.800753834e-11
0
-1.201507152e-10
0
0
0
-9.924656521e-11
0
-7.845673815e-11
0
-7.771745766e-11
0
0
0
0
-4.499764888e-11
-1.216758026e-10
0
-3.449986881e-11
0
0
0
-3.071241198e-11
-5.446378105e-11
0
-1.119085641e-10
0
-6.595559629e-11
-4.097491838e-11
-3.22019609e-11
-5.934316507e-11
0
0
-4.104513195e-11
-2.584126719e-11
-1.466629097e-10
-6.441569099e-11
0
-1.148209447e-10
0
-1.507112591e-10
0
0
0
0
0
-5.616193246e-11
0
-8.29529658e-11
-1.58163087e-10
0
0
-1.050992591e-10
0
-8.939613033e-11
0
-7.800705935e-11
-2.592835984e-10
0
-2.045359914e-07
0
-1.96442242e-07
-1.563726232e-07
0
0
0
0
-1.615057325e-07
0
-3.373976448e-07
-3.427037421e-07
0
-1.652641506e-07
0
0
-3.903578087e-07
-3.601027918e-07
0
-6.39130641e-08
0
-8.538342085e-08
0
0
-1.653973877e-07
0
-8.932490959e-08
0
0
-7.143517529e-08
0
-1.294989706e-07
-1.121657645e-07
0
-8.444700582e-08
-1.244028494e-07
0
0
-4.46586162e-07
0
0
-2.202737641e-07
-1.997955341e-07
0
-6.699280547e-08
-2.106306384e-07
0
-1.953128517e-07
0
-7.873374369e-08
0
-1.688336057e-07
0
-1.598571737e-07
0
-3.409395502e-07
0
0
0
0
0
-3.16690347e-11
0
-1.013021581e-06
0
-2.551708737e-07
0
-1.096106976e-06
0
-3.799942479e-07
0
-5.070237308e-16
-1.408544258e-06
0
0
-1.712138241e-09
0
0
0
-1.559898587e-06
0
-5.687100404e-07
-1.190219643e-06
0
0
-3.632558818e-07
-1.428328498e-06
-1.009585382e-07
0
-1.29835035e-06
0
0
-6.26156506e-07
0
-1.207123578e-06
-1.754937206e-06
0
-1.666408379e-06
0
0
0
0
-1.049045303e-06
0
-1.58975628e-06
-1.952863833e-06
0
-1.589114664e-06
0
0
0
0
-2.935570371e-17
-1.509717997e-06
0
0
-6.340010147e-07
0
-7.100630859e-08
0
0
0
0
-6.1869672e-07
0
-7.319464389e-07
0
-6.88772657e-07
0
-5.858571059e-07
-6.936584585e-07
-6.851449674e-07
-5.858296068e-07
0
-5.36002121e-07
0
-6.706314017e-07
-5.692206526e-07
0
-6.789125156e-07
0
-7.887469098e-07
0
-1.9442633e-06
0
0
0
-1.600979453e-06
0
-7.120179623e-07
-6.882145442e-07
-6.89840273e-07
-1.411739891e-06
0
-6.321427343e-07
-7.946832183e-07
0
0
-6.671355438e-07
-1.251364238e-06
0
-5.922546186e-07
-6.596528591e-07
-7.115710902e-07
0
-6.943990042e-07
-6.468981887e-07
0
-6.493500427e-07
0
-6.210305901e-07
0
-7.601786281e-07
0
-8.357770676e-07
0
0
-8.024429794e-07
0
0
0
-7.485706859e-07
0
0
-7.286316065e-07
-8.91231654e-07
0
-1.511389172e-06
-7.430621119e-07
0
-7.59518933e-07
0
-7.153711411e-07
0
-6.37820963e-07
-7.609250213e-07
-6.999603205e-07
-7.405540082e-07
-8.623414884e-07
-9.055714636e-07
-9.468366547e-07
0
-8.890238801e-07
0
-9.678874474e-07
-9.001540602e-07
-9.439396339e-07
0
-1.87753696e-06
-9.600551158e-07
-8.267498673e-07
0
-7.849811118e-07
-8.118962654e-07
0
0
-8.058435343e-07
0
-8.16322069e-07
-6.499642373e-07
-7.370310194e-07
-7.139353259e-07
0
0
0
0
0
0
-7.926317093e-07
-8.34157347e-07
0
-8.621008235e-07
0
-8.598020649e-07
0
-7.490441425e-07
0
-8.747107337e-07
0
-7.559981898e-07
0
0
-2.304414897e-07
0
0
0
0
0
0
0
0
0
0
0
0
0
0
0
0
0
0
0
0
0
0
0
0
0
0
0
0
0
0
0
0
0
0
0
0
0
0
0
0
0
0
0
0
0
0
0
0
0
0
0
0
0
0
0
0
0
0
0
0
0
0
0
0
0
0
0
0
0
0
0
0
0
0
0
0
0
0
0
0
0
0
0
0
0
0
0
0
0
0
0
0
0
0
0
0
0
0
0
0
0
0
0
0
0
0
0
0
0
0
0
0
0
0
0
0
0
0
0
0
0
0
0
0
0
0
0
0
0
0
0
0
0
0
0
0
0
0
0
0
0
0
0
0
0
0
0
0
0
0
0
0
0
0
0
0
0
0
0
0
0
0
0
0
0
0
0
0
0
0
0
0
0
0
0
0
0
0
0
0
0
0
0
0
0
0
0
0
0
0
0
0
0
0
0
0
0
0
0
0
0
0
0
0
0
0
0
0
0
0
0
0
0
0
0
0
0
0
0
0
0
0
0
0
0
0
0
0
0
0
0
0
0
0
0
0
0
0
0
0
0
0
0
0
0
0
0
0
0
0
0
0
0
0
0
0
0
0
0
0
0
0
0
0
0
0
0
0
0
0
0
0
0
0
0
0
0
0
0
0
0
0
0
0
0
0
0
0
0
0
0
0
0
0
0
0
0
0
0
0
0
0
0
0
0
0
0
0
0
0
0
0
0
0
0
0
0
0
0
0
0
0
0
0
0
0
0
0
0
0
0
0
0
0
0
0
0
0
0
0
0
0
0
0
0
0
0
0
0
0
0
0
0
0
0
0
0
-1.889983204e-15
0
0
-3.126692885e-14
0
0
0
-7.775646921e-15
-1.186527336e-14
0
-2.519271802e-15
0
0
0
-1.034040447e-14
0
-5.341721007e-15
-3.873092569e-15
-1.354290314e-14
0
0
-7.923088886e-15
-6.737355049e-15
0
-2.713081889e-14
-1.382280247e-14
0
-1.280198299e-14
-4.551479494e-14
-4.642724628e-14
-1.298073068e-14
-9.704763244e-15
-1.312451746e-14
0
-2.845663126e-14
-7.065105928e-15
-4.41018528e-15
0
0
-5.648435246e-14
-4.90707031e-15
0
-1.050514333e-14
-2.309818011e-14
0
0
0
0
0
-2.848789756e-13
-5.743971042e-13
0
0
-8.890559432e-13
0
0
0
0
-3.20888368e-13
0
0
-1.212615653e-14
0
-5.337340813e-14
0
0
0
0
-1.014010649e-13
0
0
-3.691351287e-15
-1.115095072e-14
0
0
0
-3.005967004e-15
0
0
-4.449366202e-15
0
-9.822649381e-15
-1.112482936e-14
0
-8.208564832e-15
0
0
0
0
-3.766755444e-14
0
-1.069783538e-14
0
-3.942706822e-14
-4.684573357e-14
-1.711206513e-14
0
-6.094399311e-15
0
0
0
-1.377535484e-14
0
0
-2.90348586e-14
0
-4.920180632e-15
0
0
-3.012331244e-13
-3.879307733e-13
0
-7.670606344e-13
-1.021059703e-12
0
0
-6.485947595e-13
0
-2.057666481e-13
0
0
0
0
0
0
0
0
0
-1.016390995e-13
0
0
0
-9.081782858e-14
0
0
0
0
0
0
0
-5.965324065e-15
0
0
0
-2.29872567e-14
-9.872922982e-15
-9.631255711e-15
0
-1.701585559e-14
0
-1.069370925e-14
0
-1.4050334e-14
0
0
0
0
-3.119788035e-15
0
-5.167398809e-14
0
-1.942830667e-13
-1.494347473e-14
0
-1.130221421e-14
-1.071554921e-14
0
-1.051268187e-14
0
-3.374241447e-13
0
0
0
0
0
0
0
0
-2.41939695e-14
0
0
-7.248325166e-14
0
-4.05973621e-13
0
0
0
0
0
0
-7.587772754e-14
0
0
0
-2.735010079e-13
0
0
0
0
-2.715245356e-13
-1.902064738e-13
-2.239042286e-13
-1.414077884e-14
0
-3.140274006e-13
0
-4.678300635e-14
-4.498635847e-14
0
0
0
-5.860414761e-15
0
-5.103257546e-14
-9.258547612e-14
0
-1.256483946e-13
0
0
-4.519493541e-14
-1.543533975e-14
0
-1.175973044e-13
0
0
-9.727553344e-14
0
-1.225392519e-13
0
-5.108048211e-13
0
-1.019810893e-14
0
-7.287185606e-14
0
0
0
0
-2.379917984e-13
0
0
-3.890900273e-11
0
0
0
0
0
0
-3.760154228e-11
-1.100420136e-10
0
-5.92615738e-11
-5.811316923e-11
0
-1.050710329e-10
-9.722633619e-11
0
-5.817191034e-11
0
-8.645947602e-11
0
0
-1.02181608e-11
0
0
-9.907726056e-12
0
0
0
-2.746805652e-11
-7.457878968e-14
0
-7.283433527e-14
0
-2.126841307e-13
-2.162388302e-13
-5.528557402e-11
0
-4.431631748e-13
0
0
-4.301378655e-13
-5.92146842e-11
0
-5.749025082e-13
-4.717380253e-11
0
0
0
-6.572729805e-11
0
0
-2.199017947e-12
-1.555430145e-12
0
0
-1.936488271e-12
0
0
0
0
0
0
-1.334267781e-10
0
0
-1.213274671e-10
0
0
0
-1.454653501e-10
-2.353121727e-10
0
0
-3.268254771e-22
0
0
-5.901110941e-11
0
-1.516602836e-10
0
-1.047970661e-11
-1.577683751e-10
0
-2.607014881e-11
-2.037266557e-10
0
0
-2.746207854e-11
-1.832615755e-10
-3.015324572e-13
0
0
0
-3.908751345e-11
0
0
-1.688059699e-10
0
-3.881413382e-11
0
-1.662935525e-10
0
0
-1.049752553e-10
0
0
-1.079460493e-10
0
0
0
-1.331133347e-10
0
-1.23443982e-10
0
0
0
0
-1.033143474e-10
0
0
0
-1.746615462e-07
-1.63833141e-07
0
-3.324154374e-07
0
-1.741874002e-07
-1.74080587e-07
0
0
0
0
0
0
0
0
0
0
-8.583400436e-08
0
-9.23928485e-08
0
0
-4.828810877e-08
0
-9.561298421e-08
0
0
0
0
-1.605372043e-07
-1.402306591e-07
0
-5.987617649e-08
0
-1.512734577e-07
-1.493813956e-07
0
-5.811415506e-08
0
-1.638496315e-07
-1.460197232e-07
0
0
0
-1.551373464e-07
0
0
-8.719735562e-08
0
0
-1.074449866e-07
0
0
0
0
0
-1.754605034e-07
0
0
-6.678287933e-07
0
-1.991280175e-06
0
-1.960747711e-06
0
0
-1.623502331e-06
0
0
0
-1.266782452e-06
0
-3.765404252e-08
-5.692066771e-07
0
-2.636810264e-07
-1.758356863e-06
0
0
-1.266082979e-06
-4.987946178e-07
0
-4.933601098e-08
-2.871998495e-07
-1.747493249e-14
-1.195664464e-06
0
-4.366841907e-07
-9.474520341e-07
-1.763328547e-06
0
-1.273288494e-06
0
0
-6.811971767e-07
0
-1.165629994e-06
0
0
-4.037332101e-07
-1.135820499e-06
0
-2.778445915e-07
-2.703201393e-07
0
-8.741401351e-07
-1.982714839e-06
0
0
-1.271188263e-06
0
-1.645438041e-06
0
0
-2.38258829e-07
0
-1.762575341e-06
0
-7.287510974e-07
-6.927028094e-07
0
-7.240567303e-07
0
0
-1.338239985e-06
-7.401556052e-07
0
-7.99480231e-07
-7.140122368e-07
0
-6.621104887e-07
0
-6.867068484e-07
-6.474163146e-07
-5.874645165e-07
-6.843437276e-07
0
-6.390109514e-07
0
-6.273007305e-07
-5.366733712e-07
-8.599194723e-07
0
-5.575539182e-07
-6.475389057e-07
-5.578340918e-07
0
-7.585486412e-07
0
-8.145884294e-07
0
-7.417173886e-07
-6.02435746e-07
-7.579888869e-07
0
-7.016572943e-07
0
-6.251769725e-07
-7.07614947e-07
-6.70353065e-07
0
-7.384969505e-07
-7.158797203e-07
0
-6.718454025e-07
0
0
0
-6.94444185e-07
0
-7.324161234e-07
0
-6.606917796e-07
-7.565258309e-07
0
-7.381028133e-07
0
-5.944371418e-07
0
0
-8.005105201e-07
0
-7.653075131e-07
0
0
0
0
0
0
0
0
0
-7.381326559e-07
0
-7.639476536e-07
0
-7.365971128e-07
0
-6.6846703e-07
-6.866283971e-07
0
-9.731842556e-07
-1.67726461e-06
0
0
-6.765503255e-07
-9.733945101e-07
-8.454142803e-07
-9.285478344e-07
0
-8.319258173e-07
-8.380830033e-07
-7.560644448e-07
0
-8.698561788e-07
-8.435381512e-07
0
0
0
-7.60059368e-07
0
-8.950733812e-07
-1.54823876e-06
0
0
-7.51511639e-07
-8.430896688e-07
0
0
-8.942055915e-07
0
-8.849064805e-07
0
0
-1.861593937e-06
0
-6.515133746e-07
0
0
0
0
0
0
0
0
0
0
0
0
0
0
0
0
0
0
0
0
0
0
0
0
0
0
0
0
0
0
0
0
0
0
0
0
0
0
0
0
0
0
0
0
0
0
0
0
0
0
0
0
0
0
0
0
0
0
0
0
0
0
0
0
0
0
0
0
0
0
0
0
0
0
0
0
0
0
0
0
0
0
0
0
0
0
0
0
0
0
0
0
0
0
0
0
0
0
0
0
0
0
0
0
0
0
0
0
0
0
0
0
0
0
0
0
0
0
0
0
0
0
0
0
0
0
0
0
0
0
0
0
0
0
0
0
0
0
0
0
0
0
0
0
0
0
0
0
0
0
0
0
0
0
0
0
0
0
0
0
0
0
0
0
0
0
0
0
0
0
0
0
0
0
0
0
0
0
0
0
0
0
0
0
0
0
0
0
0
0
0
0
0
0
0
0
0
0
0
0
0
0
0
0
0
0
0
0
0
0
0
0
0
0
0
0
0
0
0
0
0
0
0
0
0
0
0
0
0
0
0
0
0
0
0
0
0
0
0
0
0
0
0
0
0
0
0
0
0
0
0
0
0
0
0
0
0
0
0
0
0
0
0
0
0
0
0
0
0
0
0
0
0
0
0
0
0
0
0
0
0
0
0
0
0
0
0
0
0
0
0
0
0
0
0
0
0
0
0
0
0
0
0
0
0
0
0
0
0
0
0
0
0
0
0
0
0
0
0
0
0
0
0
0
0
0
0
0
0
0
0
0
0
0
0
0
0
0
0
0
0
0
0
0
0
0
0
0
0
0
0
0
0
0
0
0
0
0
0
0
0
)
;

boundaryField
{
    walls
    {
        type            calculated;
        value           uniform 0;
    }
    inlet
    {
        type            calculated;
        value           uniform 0;
    }
    outlet
    {
        type            calculated;
        value           uniform 0;
    }
}


// ************************************************************************* //
