/*--------------------------------*- C++ -*----------------------------------*\
  =========                 |
  \\      /  F ield         | OpenFOAM: The Open Source CFD Toolbox
   \\    /   O peration     | Website:  https://openfoam.org
    \\  /    A nd           | Version:  7
     \\/     M anipulation  |
\*---------------------------------------------------------------------------*/
FoamFile
{
    version     2.0;
    format      ascii;
    class       volScalarField;
    location    "1";
    object      rhois;
}
// * * * * * * * * * * * * * * * * * * * * * * * * * * * * * * * * * * * * * //

dimensions      [1 -3 0 0 0 0 0];

internalField   nonuniform List<scalar> 
900
(
1.10833e-12
1.10833e-12
1.10833e-12
1.10833e-12
1.10833e-12
1.10833e-12
1.10833e-12
1.10833e-12
1.10833e-12
1.10833e-12
1.10833e-12
1.10833e-12
1.10833e-12
1.10832e-12
1.10825e-12
1.10791e-12
1.1063e-12
1.09868e-12
1.0633e-12
9.11276e-13
7.69525e-13
7.69525e-13
7.69525e-13
7.69525e-13
7.69525e-13
7.69525e-13
7.69525e-13
7.69525e-13
7.69525e-13
7.69525e-13
7.69525e-13
7.69525e-13
7.69522e-13
7.69508e-13
7.69441e-13
7.69142e-13
7.67885e-13
7.62966e-13
7.45559e-13
6.93845e-13
6.764e-13
6.764e-13
6.764e-13
6.764e-13
6.764e-13
6.764e-13
6.764e-13
6.764e-13
6.764e-13
6.764e-13
6.764e-13
6.764e-13
6.76398e-13
6.7639e-13
6.76351e-13
6.76191e-13
6.75577e-13
6.73446e-13
6.66988e-13
6.51062e-13
6.48641e-13
6.48641e-13
6.48641e-13
6.48641e-13
6.48641e-13
6.48641e-13
6.48641e-13
6.48641e-13
6.48641e-13
6.48641e-13
6.48641e-13
6.48641e-13
6.4864e-13
6.48636e-13
6.48618e-13
6.48548e-13
6.483e-13
6.47515e-13
6.45392e-13
6.40799e-13
6.40462e-13
6.40462e-13
6.40462e-13
6.40462e-13
6.40462e-13
6.40462e-13
6.40462e-13
6.40462e-13
6.40462e-13
6.40462e-13
6.40462e-13
6.40462e-13
6.40461e-13
6.4046e-13
6.40453e-13
6.40427e-13
6.4034e-13
6.40087e-13
6.39458e-13
6.38227e-13
6.38177e-13
6.38177e-13
6.38177e-13
6.38177e-13
6.38177e-13
6.38177e-13
6.38177e-13
6.38177e-13
6.38177e-13
6.38177e-13
6.38177e-13
6.38177e-13
6.38177e-13
6.38177e-13
6.38174e-13
6.38166e-13
6.3814e-13
6.38067e-13
6.37898e-13
6.37591e-13
6.37582e-13
6.37582e-13
6.37582e-13
6.37582e-13
6.37582e-13
6.37582e-13
6.37582e-13
6.37582e-13
6.37582e-13
6.37582e-13
6.37582e-13
6.37582e-13
6.37582e-13
6.37582e-13
6.37581e-13
6.37579e-13
6.37571e-13
6.37552e-13
6.37511e-13
6.3744e-13
6.37437e-13
6.37437e-13
6.37437e-13
6.37437e-13
6.37437e-13
6.37437e-13
6.37437e-13
6.37437e-13
6.37437e-13
6.37437e-13
6.37437e-13
6.37437e-13
6.37437e-13
6.37437e-13
6.37437e-13
6.37437e-13
6.37435e-13
6.3743e-13
6.37421e-13
6.37405e-13
6.37405e-13
6.37405e-13
6.37405e-13
6.37405e-13
6.37405e-13
6.37405e-13
6.37405e-13
6.37405e-13
6.37405e-13
6.37405e-13
6.37405e-13
6.37405e-13
6.37405e-13
6.37405e-13
6.37405e-13
6.37405e-13
6.37404e-13
6.37403e-13
6.37401e-13
6.37398e-13
6.37398e-13
6.37398e-13
6.37398e-13
6.37398e-13
6.37398e-13
6.37398e-13
6.37398e-13
6.37398e-13
6.37398e-13
6.37398e-13
6.37398e-13
6.37398e-13
6.37398e-13
6.37398e-13
6.37398e-13
6.37398e-13
6.37398e-13
6.37398e-13
6.37397e-13
6.37397e-13
6.37396e-13
6.37396e-13
6.37396e-13
6.37396e-13
6.37396e-13
6.37396e-13
6.37396e-13
6.37396e-13
6.37396e-13
6.37396e-13
6.37396e-13
6.37396e-13
6.37396e-13
6.37396e-13
6.37396e-13
6.37396e-13
6.37396e-13
6.37396e-13
6.37396e-13
6.37396e-13
6.37396e-13
6.37396e-13
6.37396e-13
6.37396e-13
6.37396e-13
6.37396e-13
6.37396e-13
6.37396e-13
6.37396e-13
6.37396e-13
6.37396e-13
6.37396e-13
6.37396e-13
6.37396e-13
6.37396e-13
6.37396e-13
6.37396e-13
6.37396e-13
6.37396e-13
6.37396e-13
6.37396e-13
6.37396e-13
6.37396e-13
6.37396e-13
6.37396e-13
6.37396e-13
6.37396e-13
6.37396e-13
6.37396e-13
6.37396e-13
6.37396e-13
6.37396e-13
6.37396e-13
6.37396e-13
6.37396e-13
6.37396e-13
6.37396e-13
6.37396e-13
6.37396e-13
6.37396e-13
6.37396e-13
6.37396e-13
6.37396e-13
6.37396e-13
6.37396e-13
6.37396e-13
6.37396e-13
6.37396e-13
6.37396e-13
6.37396e-13
6.37396e-13
6.37396e-13
6.37396e-13
6.37396e-13
6.37396e-13
6.37396e-13
6.37396e-13
6.37396e-13
6.37396e-13
6.37396e-13
6.37396e-13
6.37396e-13
6.37396e-13
6.37396e-13
6.37396e-13
6.37396e-13
6.37396e-13
6.37396e-13
6.37396e-13
6.37396e-13
6.37396e-13
6.37396e-13
6.37396e-13
6.37396e-13
6.37396e-13
6.37396e-13
6.37396e-13
6.37396e-13
6.37396e-13
6.37396e-13
6.37396e-13
6.37396e-13
6.37396e-13
6.37396e-13
6.37396e-13
6.37396e-13
6.37396e-13
6.37396e-13
6.37396e-13
6.37396e-13
6.37396e-13
6.37396e-13
6.37396e-13
6.37396e-13
6.37396e-13
6.37396e-13
6.37396e-13
6.37396e-13
6.37396e-13
6.37396e-13
6.37396e-13
6.37396e-13
6.37396e-13
6.37396e-13
6.37396e-13
6.37396e-13
6.37396e-13
6.37396e-13
6.37396e-13
6.37396e-13
6.37396e-13
6.37396e-13
6.37396e-13
6.37396e-13
6.37396e-13
6.37396e-13
6.37396e-13
6.37396e-13
6.37396e-13
6.37396e-13
6.37396e-13
6.37396e-13
6.37396e-13
6.37396e-13
6.37396e-13
6.37396e-13
6.37396e-13
6.37396e-13
6.37396e-13
6.37396e-13
6.37396e-13
6.37396e-13
6.37396e-13
6.37396e-13
6.37396e-13
6.37396e-13
6.37396e-13
6.37396e-13
6.37396e-13
6.37396e-13
6.37396e-13
6.37396e-13
6.37396e-13
6.37396e-13
6.37396e-13
6.37396e-13
6.37396e-13
6.37396e-13
6.37396e-13
6.37396e-13
6.37396e-13
6.37396e-13
6.37396e-13
6.37396e-13
6.37396e-13
6.37396e-13
6.37396e-13
6.37396e-13
6.37396e-13
6.37396e-13
6.37396e-13
6.37396e-13
6.37396e-13
6.37396e-13
6.37396e-13
6.37396e-13
6.37396e-13
6.37396e-13
6.37396e-13
6.37396e-13
6.37396e-13
6.37396e-13
6.37396e-13
6.37396e-13
6.37396e-13
6.37396e-13
6.37396e-13
6.37396e-13
6.37396e-13
6.37396e-13
6.37396e-13
6.37396e-13
6.37396e-13
6.37396e-13
6.37396e-13
6.37396e-13
6.37396e-13
6.37396e-13
6.37396e-13
6.37396e-13
6.37396e-13
6.37396e-13
6.37396e-13
6.37396e-13
6.37396e-13
6.37396e-13
6.37396e-13
6.37396e-13
6.37396e-13
6.37396e-13
6.37396e-13
6.37396e-13
6.37396e-13
6.37396e-13
6.37396e-13
6.37396e-13
6.37396e-13
6.37396e-13
6.37396e-13
6.37396e-13
6.37396e-13
6.37396e-13
6.37396e-13
6.37396e-13
6.37396e-13
6.37396e-13
6.37396e-13
6.37396e-13
6.37396e-13
6.37396e-13
6.37396e-13
6.37396e-13
6.37396e-13
6.37396e-13
6.37396e-13
6.37396e-13
6.37396e-13
6.37396e-13
6.37396e-13
6.37396e-13
6.37396e-13
6.37396e-13
6.37396e-13
6.37396e-13
6.37396e-13
6.37396e-13
6.37396e-13
6.37396e-13
6.37396e-13
6.37396e-13
6.37396e-13
6.37396e-13
6.37396e-13
6.37396e-13
6.37396e-13
6.37396e-13
6.37396e-13
6.37396e-13
6.37396e-13
6.37396e-13
6.37396e-13
6.37396e-13
6.37396e-13
6.37396e-13
6.37396e-13
6.37396e-13
6.37396e-13
6.37396e-13
6.37396e-13
6.37396e-13
6.37396e-13
6.37396e-13
6.37396e-13
6.37396e-13
6.37396e-13
6.37396e-13
6.37396e-13
6.37396e-13
6.37396e-13
6.37396e-13
6.37396e-13
6.37396e-13
6.37396e-13
6.37396e-13
6.37396e-13
6.37396e-13
6.37396e-13
6.37396e-13
6.37396e-13
6.37396e-13
6.37396e-13
6.37396e-13
6.37396e-13
6.37396e-13
6.37396e-13
6.37396e-13
6.37396e-13
6.37396e-13
6.37396e-13
6.37396e-13
6.37396e-13
6.37396e-13
6.37396e-13
6.37396e-13
6.37396e-13
6.37396e-13
6.37396e-13
6.37396e-13
6.37396e-13
6.37396e-13
6.37396e-13
6.37396e-13
6.37396e-13
6.37396e-13
6.37396e-13
6.37396e-13
6.37396e-13
6.37396e-13
6.37396e-13
6.37396e-13
6.37396e-13
6.37396e-13
6.37396e-13
6.37396e-13
6.37396e-13
6.37396e-13
6.37396e-13
6.37396e-13
6.37396e-13
6.37396e-13
6.37396e-13
6.37396e-13
6.37396e-13
6.37396e-13
6.37396e-13
6.37396e-13
6.37396e-13
6.37396e-13
6.37396e-13
6.37396e-13
6.37396e-13
6.37396e-13
6.37396e-13
6.37396e-13
6.37396e-13
6.37396e-13
6.37396e-13
6.37396e-13
6.37396e-13
6.37396e-13
6.37396e-13
6.37396e-13
6.37396e-13
6.37396e-13
6.37396e-13
6.37396e-13
6.37396e-13
6.37396e-13
6.37396e-13
6.37396e-13
6.37396e-13
6.37396e-13
6.37396e-13
6.37396e-13
6.37396e-13
6.37396e-13
6.37396e-13
6.37396e-13
6.37396e-13
6.37396e-13
6.37396e-13
6.37396e-13
6.37396e-13
6.37396e-13
6.37396e-13
6.37396e-13
6.37396e-13
6.37396e-13
6.37396e-13
6.37396e-13
6.37396e-13
6.37396e-13
6.37396e-13
6.37396e-13
6.37396e-13
6.37396e-13
6.37396e-13
6.37396e-13
6.37396e-13
6.37396e-13
6.37396e-13
6.37396e-13
6.37396e-13
6.37396e-13
6.37396e-13
6.37396e-13
6.37396e-13
6.37396e-13
6.37396e-13
6.37396e-13
6.37396e-13
6.37396e-13
6.37396e-13
6.37396e-13
6.37396e-13
6.37396e-13
6.37396e-13
6.37396e-13
6.37396e-13
6.37396e-13
6.37396e-13
6.37396e-13
6.37396e-13
6.37396e-13
6.37396e-13
6.37396e-13
6.37396e-13
6.37396e-13
6.37396e-13
6.37396e-13
6.37396e-13
6.37396e-13
6.37396e-13
6.37396e-13
6.37396e-13
6.37396e-13
6.37396e-13
6.37396e-13
6.37396e-13
6.37396e-13
6.37396e-13
6.37396e-13
6.37396e-13
6.37396e-13
6.37396e-13
6.37396e-13
6.37396e-13
6.37396e-13
6.37396e-13
6.37396e-13
6.37396e-13
6.37396e-13
6.37396e-13
6.37396e-13
6.37396e-13
6.37396e-13
6.37396e-13
6.37396e-13
6.37396e-13
6.37396e-13
6.37396e-13
6.37396e-13
6.37396e-13
6.37396e-13
6.37396e-13
6.37396e-13
6.37396e-13
6.37396e-13
6.37396e-13
6.37396e-13
6.37396e-13
6.37396e-13
6.37396e-13
6.37396e-13
6.37396e-13
6.37396e-13
6.37396e-13
6.37396e-13
6.37396e-13
6.37396e-13
6.37396e-13
6.37396e-13
6.37396e-13
6.37396e-13
6.37396e-13
6.37396e-13
6.37396e-13
6.37396e-13
6.37396e-13
6.37396e-13
6.37396e-13
6.37396e-13
6.37396e-13
6.37396e-13
6.37396e-13
6.37396e-13
6.37396e-13
6.37396e-13
6.37396e-13
6.37396e-13
6.37396e-13
6.37396e-13
6.37396e-13
6.37396e-13
6.37396e-13
6.37396e-13
6.37396e-13
6.37396e-13
6.37396e-13
6.37396e-13
6.37396e-13
6.37396e-13
6.37396e-13
6.37396e-13
6.37396e-13
6.37396e-13
6.37396e-13
6.37396e-13
6.37396e-13
6.37396e-13
6.37396e-13
6.37396e-13
6.37396e-13
6.37396e-13
6.37396e-13
6.37396e-13
6.37396e-13
6.37396e-13
6.37396e-13
6.37396e-13
6.37396e-13
6.37396e-13
6.37396e-13
6.37396e-13
6.37396e-13
6.37396e-13
6.37396e-13
6.37396e-13
6.37396e-13
6.37396e-13
6.37396e-13
6.37396e-13
6.37396e-13
6.37396e-13
6.37396e-13
6.37396e-13
6.37396e-13
6.37396e-13
6.37396e-13
6.37396e-13
6.37396e-13
6.37396e-13
6.37396e-13
6.37396e-13
6.37396e-13
6.37396e-13
6.37396e-13
6.37396e-13
6.37396e-13
6.37396e-13
6.37396e-13
6.37396e-13
6.37396e-13
6.37396e-13
6.37396e-13
6.37396e-13
6.37396e-13
6.37396e-13
6.37396e-13
6.37396e-13
6.37396e-13
6.37396e-13
6.37396e-13
6.37396e-13
6.37396e-13
6.37396e-13
6.37396e-13
6.37396e-13
6.37396e-13
6.37396e-13
6.37396e-13
6.37396e-13
6.37396e-13
6.37396e-13
6.37396e-13
6.37396e-13
6.37396e-13
6.37396e-13
6.37396e-13
6.37396e-13
6.37396e-13
6.37396e-13
6.37396e-13
6.37396e-13
6.37396e-13
6.37396e-13
6.37396e-13
6.37396e-13
6.37396e-13
6.37396e-13
6.37396e-13
6.37396e-13
6.37396e-13
6.37396e-13
6.37396e-13
6.37396e-13
6.37396e-13
6.37396e-13
6.37396e-13
6.37396e-13
6.37396e-13
6.37396e-13
6.37396e-13
6.37396e-13
6.37396e-13
6.37396e-13
6.37396e-13
6.37396e-13
6.37396e-13
6.37396e-13
6.37396e-13
6.37396e-13
6.37396e-13
6.37396e-13
6.37396e-13
6.37396e-13
6.37396e-13
6.37396e-13
6.37396e-13
6.37396e-13
6.37396e-13
6.37396e-13
6.37396e-13
6.37396e-13
6.37396e-13
6.37396e-13
6.37396e-13
6.37396e-13
6.37396e-13
6.37396e-13
6.37396e-13
6.37396e-13
6.37396e-13
6.37396e-13
6.37396e-13
6.37396e-13
6.37396e-13
6.37396e-13
6.37396e-13
6.37396e-13
6.37396e-13
6.37396e-13
6.37396e-13
6.37396e-13
6.37396e-13
6.37396e-13
6.37396e-13
6.37396e-13
6.37396e-13
6.37396e-13
6.37396e-13
6.37396e-13
6.37396e-13
6.37396e-13
6.37396e-13
6.37396e-13
6.37396e-13
6.37396e-13
6.37396e-13
6.37396e-13
6.37396e-13
6.37396e-13
6.37396e-13
6.37396e-13
6.37396e-13
6.37396e-13
6.37396e-13
6.37396e-13
6.37396e-13
6.37396e-13
6.37396e-13
6.37396e-13
6.37396e-13
6.37396e-13
6.37396e-13
6.37396e-13
6.37396e-13
6.37396e-13
6.37396e-13
6.37396e-13
6.37396e-13
6.37396e-13
6.37396e-13
6.37396e-13
6.37396e-13
6.37396e-13
6.37396e-13
6.37396e-13
6.37396e-13
6.37396e-13
)
;

boundaryField
{
    topWall
    {
        type            zeroGradient;
    }
    bottomWall
    {
        type            zeroGradient;
    }
    sideWallL
    {
        type            symmetry;
    }
    sideWallR
    {
        type            zeroGradient;
    }
    frontAndBack
    {
        type            empty;
    }
}


// ************************************************************************* //
