/*--------------------------------*- C++ -*----------------------------------*\
  =========                 |
  \\      /  F ield         | OpenFOAM: The Open Source CFD Toolbox
   \\    /   O peration     | Website:  https://openfoam.org
    \\  /    A nd           | Version:  7
     \\/     M anipulation  |
\*---------------------------------------------------------------------------*/
FoamFile
{
    version     2.0;
    format      ascii;
    class       volScalarField;
    location    "1";
    object      rhot1;
}
// * * * * * * * * * * * * * * * * * * * * * * * * * * * * * * * * * * * * * //

dimensions      [1 -3 0 0 0 0 0];

internalField   nonuniform List<scalar> 
900
(
1.11248e-15
1.11248e-15
1.11248e-15
1.11248e-15
1.11248e-15
1.11248e-15
1.11248e-15
1.11248e-15
1.11248e-15
1.11248e-15
1.11248e-15
1.11248e-15
1.11248e-15
1.11246e-15
1.11236e-15
1.11186e-15
1.10952e-15
1.09855e-15
1.04856e-15
8.44929e-16
6.71745e-16
6.71745e-16
6.71745e-16
6.71745e-16
6.71745e-16
6.71745e-16
6.71745e-16
6.71745e-16
6.71745e-16
6.71745e-16
6.71745e-16
6.71744e-16
6.71741e-16
6.71723e-16
6.71641e-16
6.71275e-16
6.6974e-16
6.63775e-16
6.42952e-16
5.83014e-16
5.63568e-16
5.63568e-16
5.63568e-16
5.63568e-16
5.63568e-16
5.63568e-16
5.63568e-16
5.63568e-16
5.63568e-16
5.63568e-16
5.63568e-16
5.63567e-16
5.63565e-16
5.63555e-16
5.63512e-16
5.6333e-16
5.62635e-16
5.60233e-16
5.52999e-16
5.35387e-16
5.32754e-16
5.32754e-16
5.32754e-16
5.32754e-16
5.32754e-16
5.32754e-16
5.32754e-16
5.32754e-16
5.32754e-16
5.32754e-16
5.32754e-16
5.32754e-16
5.32753e-16
5.32748e-16
5.32728e-16
5.32652e-16
5.32379e-16
5.31518e-16
5.29195e-16
5.24193e-16
5.23828e-16
5.23828e-16
5.23828e-16
5.23828e-16
5.23828e-16
5.23828e-16
5.23828e-16
5.23828e-16
5.23828e-16
5.23828e-16
5.23828e-16
5.23828e-16
5.23827e-16
5.23825e-16
5.23818e-16
5.2379e-16
5.23696e-16
5.2342e-16
5.22738e-16
5.21403e-16
5.21349e-16
5.21349e-16
5.21349e-16
5.21349e-16
5.21349e-16
5.21349e-16
5.21349e-16
5.21349e-16
5.21349e-16
5.21349e-16
5.21349e-16
5.21349e-16
5.21349e-16
5.21349e-16
5.21346e-16
5.21337e-16
5.21308e-16
5.21229e-16
5.21047e-16
5.20714e-16
5.20705e-16
5.20705e-16
5.20705e-16
5.20705e-16
5.20705e-16
5.20705e-16
5.20705e-16
5.20705e-16
5.20705e-16
5.20705e-16
5.20705e-16
5.20705e-16
5.20705e-16
5.20704e-16
5.20704e-16
5.20701e-16
5.20693e-16
5.20673e-16
5.20628e-16
5.20551e-16
5.20548e-16
5.20548e-16
5.20548e-16
5.20548e-16
5.20548e-16
5.20548e-16
5.20548e-16
5.20548e-16
5.20548e-16
5.20548e-16
5.20548e-16
5.20548e-16
5.20548e-16
5.20548e-16
5.20548e-16
5.20547e-16
5.20545e-16
5.2054e-16
5.2053e-16
5.20513e-16
5.20513e-16
5.20513e-16
5.20513e-16
5.20513e-16
5.20513e-16
5.20513e-16
5.20513e-16
5.20513e-16
5.20513e-16
5.20513e-16
5.20513e-16
5.20513e-16
5.20513e-16
5.20513e-16
5.20513e-16
5.20513e-16
5.20512e-16
5.20511e-16
5.20509e-16
5.20506e-16
5.20505e-16
5.20505e-16
5.20505e-16
5.20505e-16
5.20505e-16
5.20505e-16
5.20505e-16
5.20505e-16
5.20505e-16
5.20505e-16
5.20505e-16
5.20505e-16
5.20505e-16
5.20505e-16
5.20505e-16
5.20505e-16
5.20505e-16
5.20505e-16
5.20505e-16
5.20504e-16
5.20504e-16
5.20504e-16
5.20504e-16
5.20504e-16
5.20504e-16
5.20504e-16
5.20504e-16
5.20504e-16
5.20504e-16
5.20504e-16
5.20504e-16
5.20504e-16
5.20504e-16
5.20504e-16
5.20504e-16
5.20504e-16
5.20504e-16
5.20504e-16
5.20504e-16
5.20504e-16
5.20504e-16
5.20504e-16
5.20504e-16
5.20504e-16
5.20504e-16
5.20504e-16
5.20504e-16
5.20504e-16
5.20504e-16
5.20504e-16
5.20504e-16
5.20504e-16
5.20504e-16
5.20504e-16
5.20504e-16
5.20504e-16
5.20504e-16
5.20504e-16
5.20504e-16
5.20504e-16
5.20504e-16
5.20504e-16
5.20504e-16
5.20504e-16
5.20504e-16
5.20504e-16
5.20504e-16
5.20504e-16
5.20504e-16
5.20504e-16
5.20504e-16
5.20504e-16
5.20504e-16
5.20504e-16
5.20504e-16
5.20504e-16
5.20504e-16
5.20504e-16
5.20504e-16
5.20504e-16
5.20504e-16
5.20504e-16
5.20504e-16
5.20504e-16
5.20504e-16
5.20504e-16
5.20504e-16
5.20504e-16
5.20504e-16
5.20504e-16
5.20504e-16
5.20504e-16
5.20504e-16
5.20504e-16
5.20504e-16
5.20504e-16
5.20504e-16
5.20504e-16
5.20504e-16
5.20504e-16
5.20504e-16
5.20504e-16
5.20504e-16
5.20504e-16
5.20504e-16
5.20504e-16
5.20504e-16
5.20504e-16
5.20504e-16
5.20504e-16
5.20504e-16
5.20504e-16
5.20504e-16
5.20504e-16
5.20504e-16
5.20504e-16
5.20504e-16
5.20504e-16
5.20504e-16
5.20504e-16
5.20504e-16
5.20504e-16
5.20504e-16
5.20504e-16
5.20504e-16
5.20504e-16
5.20504e-16
5.20504e-16
5.20504e-16
5.20504e-16
5.20504e-16
5.20504e-16
5.20504e-16
5.20504e-16
5.20504e-16
5.20504e-16
5.20504e-16
5.20504e-16
5.20504e-16
5.20504e-16
5.20504e-16
5.20504e-16
5.20504e-16
5.20504e-16
5.20504e-16
5.20504e-16
5.20504e-16
5.20504e-16
5.20504e-16
5.20504e-16
5.20504e-16
5.20504e-16
5.20504e-16
5.20504e-16
5.20504e-16
5.20504e-16
5.20504e-16
5.20504e-16
5.20504e-16
5.20504e-16
5.20504e-16
5.20504e-16
5.20504e-16
5.20504e-16
5.20504e-16
5.20504e-16
5.20504e-16
5.20504e-16
5.20504e-16
5.20504e-16
5.20504e-16
5.20504e-16
5.20504e-16
5.20504e-16
5.20504e-16
5.20504e-16
5.20504e-16
5.20504e-16
5.20504e-16
5.20504e-16
5.20504e-16
5.20504e-16
5.20504e-16
5.20504e-16
5.20504e-16
5.20504e-16
5.20504e-16
5.20504e-16
5.20504e-16
5.20504e-16
5.20504e-16
5.20504e-16
5.20504e-16
5.20504e-16
5.20504e-16
5.20504e-16
5.20504e-16
5.20504e-16
5.20504e-16
5.20504e-16
5.20504e-16
5.20504e-16
5.20504e-16
5.20504e-16
5.20504e-16
5.20504e-16
5.20504e-16
5.20504e-16
5.20504e-16
5.20504e-16
5.20504e-16
5.20504e-16
5.20504e-16
5.20504e-16
5.20504e-16
5.20504e-16
5.20504e-16
5.20504e-16
5.20504e-16
5.20504e-16
5.20504e-16
5.20504e-16
5.20504e-16
5.20504e-16
5.20504e-16
5.20504e-16
5.20504e-16
5.20504e-16
5.20504e-16
5.20504e-16
5.20504e-16
5.20504e-16
5.20504e-16
5.20504e-16
5.20504e-16
5.20504e-16
5.20504e-16
5.20504e-16
5.20504e-16
5.20504e-16
5.20504e-16
5.20504e-16
5.20504e-16
5.20504e-16
5.20504e-16
5.20504e-16
5.20504e-16
5.20504e-16
5.20504e-16
5.20504e-16
5.20504e-16
5.20504e-16
5.20504e-16
5.20504e-16
5.20504e-16
5.20504e-16
5.20504e-16
5.20504e-16
5.20504e-16
5.20504e-16
5.20504e-16
5.20504e-16
5.20504e-16
5.20504e-16
5.20504e-16
5.20504e-16
5.20504e-16
5.20504e-16
5.20504e-16
5.20504e-16
5.20504e-16
5.20504e-16
5.20504e-16
5.20504e-16
5.20504e-16
5.20504e-16
5.20504e-16
5.20504e-16
5.20504e-16
5.20504e-16
5.20504e-16
5.20504e-16
5.20504e-16
5.20504e-16
5.20504e-16
5.20504e-16
5.20504e-16
5.20504e-16
5.20504e-16
5.20504e-16
5.20504e-16
5.20504e-16
5.20504e-16
5.20504e-16
5.20504e-16
5.20504e-16
5.20504e-16
5.20504e-16
5.20504e-16
5.20504e-16
5.20504e-16
5.20504e-16
5.20504e-16
5.20504e-16
5.20504e-16
5.20504e-16
5.20504e-16
5.20504e-16
5.20504e-16
5.20504e-16
5.20504e-16
5.20504e-16
5.20504e-16
5.20504e-16
5.20504e-16
5.20504e-16
5.20504e-16
5.20504e-16
5.20504e-16
5.20504e-16
5.20504e-16
5.20504e-16
5.20504e-16
5.20504e-16
5.20504e-16
5.20504e-16
5.20504e-16
5.20504e-16
5.20504e-16
5.20504e-16
5.20504e-16
5.20504e-16
5.20504e-16
5.20504e-16
5.20504e-16
5.20504e-16
5.20504e-16
5.20504e-16
5.20504e-16
5.20504e-16
5.20504e-16
5.20504e-16
5.20504e-16
5.20504e-16
5.20504e-16
5.20504e-16
5.20504e-16
5.20504e-16
5.20504e-16
5.20504e-16
5.20504e-16
5.20504e-16
5.20504e-16
5.20504e-16
5.20504e-16
5.20504e-16
5.20504e-16
5.20504e-16
5.20504e-16
5.20504e-16
5.20504e-16
5.20504e-16
5.20504e-16
5.20504e-16
5.20504e-16
5.20504e-16
5.20504e-16
5.20504e-16
5.20504e-16
5.20504e-16
5.20504e-16
5.20504e-16
5.20504e-16
5.20504e-16
5.20504e-16
5.20504e-16
5.20504e-16
5.20504e-16
5.20504e-16
5.20504e-16
5.20504e-16
5.20504e-16
5.20504e-16
5.20504e-16
5.20504e-16
5.20504e-16
5.20504e-16
5.20504e-16
5.20504e-16
5.20504e-16
5.20504e-16
5.20504e-16
5.20504e-16
5.20504e-16
5.20504e-16
5.20504e-16
5.20504e-16
5.20504e-16
5.20504e-16
5.20504e-16
5.20504e-16
5.20504e-16
5.20504e-16
5.20504e-16
5.20504e-16
5.20504e-16
5.20504e-16
5.20504e-16
5.20504e-16
5.20504e-16
5.20504e-16
5.20504e-16
5.20504e-16
5.20504e-16
5.20504e-16
5.20504e-16
5.20504e-16
5.20504e-16
5.20504e-16
5.20504e-16
5.20504e-16
5.20504e-16
5.20504e-16
5.20504e-16
5.20504e-16
5.20504e-16
5.20504e-16
5.20504e-16
5.20504e-16
5.20504e-16
5.20504e-16
5.20504e-16
5.20504e-16
5.20504e-16
5.20504e-16
5.20504e-16
5.20504e-16
5.20504e-16
5.20504e-16
5.20504e-16
5.20504e-16
5.20504e-16
5.20504e-16
5.20504e-16
5.20504e-16
5.20504e-16
5.20504e-16
5.20504e-16
5.20504e-16
5.20504e-16
5.20504e-16
5.20504e-16
5.20504e-16
5.20504e-16
5.20504e-16
5.20504e-16
5.20504e-16
5.20504e-16
5.20504e-16
5.20504e-16
5.20504e-16
5.20504e-16
5.20504e-16
5.20504e-16
5.20504e-16
5.20504e-16
5.20504e-16
5.20504e-16
5.20504e-16
5.20504e-16
5.20504e-16
5.20504e-16
5.20504e-16
5.20504e-16
5.20504e-16
5.20504e-16
5.20504e-16
5.20504e-16
5.20504e-16
5.20504e-16
5.20504e-16
5.20504e-16
5.20504e-16
5.20504e-16
5.20504e-16
5.20504e-16
5.20504e-16
5.20504e-16
5.20504e-16
5.20504e-16
5.20504e-16
5.20504e-16
5.20504e-16
5.20504e-16
5.20504e-16
5.20504e-16
5.20504e-16
5.20504e-16
5.20504e-16
5.20504e-16
5.20504e-16
5.20504e-16
5.20504e-16
5.20504e-16
5.20504e-16
5.20504e-16
5.20504e-16
5.20504e-16
5.20504e-16
5.20504e-16
5.20504e-16
5.20504e-16
5.20504e-16
5.20504e-16
5.20504e-16
5.20504e-16
5.20504e-16
5.20504e-16
5.20504e-16
5.20504e-16
5.20504e-16
5.20504e-16
5.20504e-16
5.20504e-16
5.20504e-16
5.20504e-16
5.20504e-16
5.20504e-16
5.20504e-16
5.20504e-16
5.20504e-16
5.20504e-16
5.20504e-16
5.20504e-16
5.20504e-16
5.20504e-16
5.20504e-16
5.20504e-16
5.20504e-16
5.20504e-16
5.20504e-16
5.20504e-16
5.20504e-16
5.20504e-16
5.20504e-16
5.20504e-16
5.20504e-16
5.20504e-16
5.20504e-16
5.20504e-16
5.20504e-16
5.20504e-16
5.20504e-16
5.20504e-16
5.20504e-16
5.20504e-16
5.20504e-16
5.20504e-16
5.20504e-16
5.20504e-16
5.20504e-16
5.20504e-16
5.20504e-16
5.20504e-16
5.20504e-16
5.20504e-16
5.20504e-16
5.20504e-16
5.20504e-16
5.20504e-16
5.20504e-16
5.20504e-16
5.20504e-16
5.20504e-16
5.20504e-16
5.20504e-16
5.20504e-16
5.20504e-16
5.20504e-16
5.20504e-16
5.20504e-16
5.20504e-16
5.20504e-16
5.20504e-16
5.20504e-16
5.20504e-16
5.20504e-16
5.20504e-16
5.20504e-16
5.20504e-16
5.20504e-16
5.20504e-16
5.20504e-16
5.20504e-16
5.20504e-16
5.20504e-16
5.20504e-16
5.20504e-16
5.20504e-16
5.20504e-16
5.20504e-16
5.20504e-16
5.20504e-16
5.20504e-16
5.20504e-16
5.20504e-16
5.20504e-16
5.20504e-16
5.20504e-16
5.20504e-16
5.20504e-16
5.20504e-16
5.20504e-16
5.20504e-16
5.20504e-16
5.20504e-16
5.20504e-16
5.20504e-16
5.20504e-16
5.20504e-16
5.20504e-16
5.20504e-16
5.20504e-16
5.20504e-16
5.20504e-16
5.20504e-16
5.20504e-16
5.20504e-16
5.20504e-16
5.20504e-16
5.20504e-16
5.20504e-16
5.20504e-16
5.20504e-16
5.20504e-16
5.20504e-16
5.20504e-16
5.20504e-16
5.20504e-16
5.20504e-16
5.20504e-16
5.20504e-16
5.20504e-16
5.20504e-16
5.20504e-16
5.20504e-16
5.20504e-16
5.20504e-16
5.20504e-16
5.20504e-16
5.20504e-16
5.20504e-16
5.20504e-16
5.20504e-16
5.20504e-16
5.20504e-16
5.20504e-16
5.20504e-16
5.20504e-16
5.20504e-16
5.20504e-16
5.20504e-16
5.20504e-16
5.20504e-16
5.20504e-16
5.20504e-16
5.20504e-16
5.20504e-16
5.20504e-16
5.20504e-16
5.20504e-16
5.20504e-16
5.20504e-16
5.20504e-16
5.20504e-16
5.20504e-16
5.20504e-16
5.20504e-16
5.20504e-16
5.20504e-16
5.20504e-16
5.20504e-16
5.20504e-16
5.20504e-16
5.20504e-16
5.20504e-16
5.20504e-16
5.20504e-16
5.20504e-16
5.20504e-16
5.20504e-16
5.20504e-16
5.20504e-16
5.20504e-16
5.20504e-16
5.20504e-16
5.20504e-16
5.20504e-16
5.20504e-16
5.20504e-16
5.20504e-16
5.20504e-16
5.20504e-16
5.20504e-16
5.20504e-16
5.20504e-16
5.20504e-16
5.20504e-16
5.20504e-16
5.20504e-16
5.20504e-16
5.20504e-16
5.20504e-16
5.20504e-16
5.20504e-16
5.20504e-16
5.20504e-16
5.20504e-16
5.20504e-16
5.20504e-16
)
;

boundaryField
{
    topWall
    {
        type            zeroGradient;
    }
    bottomWall
    {
        type            zeroGradient;
    }
    sideWallL
    {
        type            symmetry;
    }
    sideWallR
    {
        type            calculated;
        value           uniform 0;
    }
    frontAndBack
    {
        type            empty;
    }
}


// ************************************************************************* //
