/*--------------------------------*- C++ -*----------------------------------*\
  =========                 |
  \\      /  F ield         | OpenFOAM: The Open Source CFD Toolbox
   \\    /   O peration     | Website:  https://openfoam.org
    \\  /    A nd           | Version:  7
     \\/     M anipulation  |
\*---------------------------------------------------------------------------*/
FoamFile
{
    version     2.0;
    format      ascii;
    class       volScalarField;
    location    "23";
    object      rhoAr;
}
// * * * * * * * * * * * * * * * * * * * * * * * * * * * * * * * * * * * * * //

dimensions      [1 -3 0 0 0 0 0];

internalField   nonuniform List<scalar> 
900
(
0.9966
0.9966
0.9966
0.9966
0.9966
0.9966
0.9966
0.9966
0.9966
0.9966
0.9966
0.9966
0.9966
0.9966
0.9966
0.9966
0.9966
0.9966
0.9966
0.9966
0.9966
0.9966
0.9966
0.9966
0.9966
0.9966
0.9966
0.9966
0.9966
0.9966
0.9966
0.9966
0.9966
0.9966
0.9966
0.9966
0.9966
0.9966
0.9966
0.9966
0.9966
0.9966
0.9966
0.9966
0.9966
0.9966
0.9966
0.9966
0.9966
0.9966
0.9966
0.9966
0.9966
0.9966
0.9966
0.9966
0.9966
0.9966
0.9966
0.9966
0.9966
0.9966
0.9966
0.9966
0.9966
0.9966
0.9966
0.9966
0.9966
0.9966
0.9966
0.9966
0.9966
0.9966
0.9966
0.9966
0.9966
0.9966
0.9966
0.9966
0.9966
0.9966
0.9966
0.9966
0.9966
0.9966
0.9966
0.9966
0.9966
0.9966
0.9966
0.9966
0.9966
0.9966
0.9966
0.9966
0.9966
0.9966
0.9966
0.9966
0.9966
0.9966
0.9966
0.9966
0.9966
0.9966
0.9966
0.9966
0.9966
0.9966
0.9966
0.9966
0.9966
0.9966
0.9966
0.9966
0.9966
0.9966
0.9966
0.9966
0.9966
0.9966
0.9966
0.9966
0.9966
0.9966
0.9966
0.9966
0.9966
0.9966
0.9966
0.9966
0.9966
0.9966
0.9966
0.9966
0.9966
0.9966
0.9966
0.9966
0.9966
0.9966
0.9966
0.9966
0.9966
0.9966
0.9966
0.9966
0.9966
0.9966
0.9966
0.9966
0.9966
0.9966
0.9966
0.9966
0.9966
0.9966
0.9966
0.9966
0.9966
0.9966
0.9966
0.9966
0.9966
0.9966
0.9966
0.9966
0.9966
0.9966
0.9966
0.9966
0.9966
0.9966
0.9966
0.9966
0.9966
0.9966
0.9966
0.9966
0.9966
0.9966
0.9966
0.9966
0.9966
0.9966
0.9966
0.9966
0.9966
0.9966
0.9966
0.9966
0.9966
0.9966
0.9966
0.9966
0.9966
0.9966
0.9966
0.9966
0.9966
0.9966
0.9966
0.9966
0.9966
0.9966
0.9966
0.9966
0.9966
0.9966
0.9966
0.9966
0.9966
0.9966
0.9966
0.9966
0.9966
0.9966
0.9966
0.9966
0.9966
0.9966
0.9966
0.9966
0.9966
0.9966
0.9966
0.9966
0.9966
0.9966
0.9966
0.9966
0.9966
0.9966
0.9966
0.9966
0.9966
0.9966
0.9966
0.9966
0.9966
0.9966
0.9966
0.9966
0.9966
0.9966
0.9966
0.9966
0.9966
0.9966
0.9966
0.9966
0.9966
0.9966
0.9966
0.9966
0.9966
0.9966
0.9966
0.9966
0.9966
0.9966
0.9966
0.9966
0.9966
0.9966
0.9966
0.9966
0.9966
0.9966
0.9966
0.9966
0.9966
0.9966
0.9966
0.9966
0.9966
0.9966
0.9966
0.9966
0.9966
0.9966
0.9966
0.9966
0.9966
0.9966
0.9966
0.9966
0.9966
0.9966
0.9966
0.9966
0.9966
0.9966
0.9966
0.9966
0.9966
0.9966
0.9966
0.9966
0.9966
0.9966
0.9966
0.9966
0.9966
0.9966
0.9966
0.9966
0.9966
0.9966
0.9966
0.9966
0.9966
0.9966
0.9966
0.9966
0.9966
0.9966
0.9966
0.9966
0.9966
0.9966
0.9966
0.9966
0.9966
0.9966
0.9966
0.9966
0.9966
0.9966
0.9966
0.9966
0.9966
0.9966
0.9966
0.9966
0.9966
0.9966
0.9966
0.9966
0.9966
0.9966
0.9966
0.9966
0.9966
0.9966
0.9966
0.9966
0.9966
0.9966
0.9966
0.9966
0.9966
0.9966
0.9966
0.9966
0.9966
0.9966
0.9966
0.9966
0.9966
0.9966
0.9966
0.9966
0.9966
0.9966
0.9966
0.9966
0.9966
0.9966
0.9966
0.9966
0.9966
0.9966
0.9966
0.9966
0.9966
0.9966
0.9966
0.9966
0.9966
0.9966
0.9966
0.9966
0.9966
0.9966
0.9966
0.9966
0.9966
0.9966
0.9966
0.9966
0.9966
0.9966
0.9966
0.9966
0.9966
0.9966
0.9966
0.9966
0.9966
0.9966
0.9966
0.9966
0.9966
0.9966
0.9966
0.9966
0.9966
0.9966
0.9966
0.9966
0.9966
0.9966
0.9966
0.9966
0.9966
0.9966
0.9966
0.9966
0.9966
0.9966
0.9966
0.9966
0.9966
0.9966
0.9966
0.9966
0.9966
0.9966
0.9966
0.9966
0.9966
0.9966
0.9966
0.9966
0.9966
0.9966
0.9966
0.9966
0.9966
0.9966
0.9966
0.9966
0.9966
0.9966
0.9966
0.9966
0.9966
0.9966
0.9966
0.9966
0.9966
0.9966
0.9966
0.9966
0.9966
0.9966
0.9966
0.9966
0.9966
0.9966
0.9966
0.9966
0.9966
0.9966
0.9966
0.9966
0.9966
0.9966
0.9966
0.9966
0.9966
0.9966
0.9966
0.9966
0.9966
0.9966
0.9966
0.9966
0.9966
0.9966
0.9966
0.9966
0.9966
0.9966
0.9966
0.9966
0.9966
0.9966
0.9966
0.9966
0.9966
0.9966
0.9966
0.9966
0.9966
0.9966
0.9966
0.9966
0.9966
0.9966
0.9966
0.9966
0.9966
0.9966
0.9966
0.9966
0.9966
0.9966
0.9966
0.9966
0.9966
0.9966
0.9966
0.9966
0.9966
0.9966
0.9966
0.9966
0.9966
0.9966
0.9966
0.9966
0.9966
0.9966
0.9966
0.9966
0.9966
0.9966
0.9966
0.9966
0.9966
0.9966
0.9966
0.9966
0.9966
0.9966
0.9966
0.9966
0.9966
0.9966
0.9966
0.9966
0.9966
0.9966
0.9966
0.9966
0.9966
0.9966
0.9966
0.9966
0.9966
0.9966
0.9966
0.9966
0.9966
0.9966
0.9966
0.9966
0.9966
0.9966
0.9966
0.9966
0.9966
0.9966
0.9966
0.9966
0.9966
0.9966
0.9966
0.9966
0.9966
0.9966
0.9966
0.9966
0.9966
0.9966
0.9966
0.9966
0.9966
0.9966
0.9966
0.9966
0.9966
0.9966
0.9966
0.9966
0.9966
0.9966
0.9966
0.9966
0.9966
0.9966
0.9966
0.9966
0.9966
0.9966
0.9966
0.9966
0.9966
0.9966
0.9966
0.9966
0.9966
0.9966
0.9966
0.9966
0.9966
0.9966
0.9966
0.9966
0.9966
0.9966
0.9966
0.9966
0.9966
0.9966
0.9966
0.9966
0.9966
0.9966
0.9966
0.9966
0.9966
0.9966
0.9966
0.9966
0.9966
0.9966
0.9966
0.9966
0.9966
0.9966
0.9966
0.9966
0.9966
0.9966
0.9966
0.9966
0.9966
0.9966
0.9966
0.9966
0.9966
0.9966
0.9966
0.9966
0.9966
0.9966
0.9966
0.9966
0.9966
0.9966
0.9966
0.9966
0.9966
0.9966
0.9966
0.9966
0.9966
0.9966
0.9966
0.9966
0.9966
0.9966
0.9966
0.9966
0.9966
0.9966
0.9966
0.9966
0.9966
0.9966
0.9966
0.9966
0.9966
0.9966
0.9966
0.9966
0.9966
0.9966
0.9966
0.9966
0.9966
0.9966
0.9966
0.9966
0.9966
0.9966
0.9966
0.9966
0.9966
0.9966
0.9966
0.9966
0.9966
0.9966
0.9966
0.9966
0.9966
0.9966
0.9966
0.9966
0.9966
0.9966
0.9966
0.9966
0.9966
0.9966
0.9966
0.9966
0.9966
0.9966
0.9966
0.9966
0.9966
0.9966
0.9966
0.9966
0.9966
0.9966
0.9966
0.9966
0.9966
0.9966
0.9966
0.9966
0.9966
0.9966
0.9966
0.9966
0.9966
0.9966
0.9966
0.9966
0.9966
0.9966
0.9966
0.9966
0.9966
0.9966
0.9966
0.9966
0.9966
0.9966
0.9966
0.9966
0.9966
0.9966
0.9966
0.9966
0.9966
0.9966
0.9966
0.9966
0.9966
0.9966
0.9966
0.9966
0.9966
0.9966
0.9966
0.9966
0.9966
0.9966
0.9966
0.9966
0.9966
0.9966
0.9966
0.9966
0.9966
0.9966
0.9966
0.9966
0.9966
0.9966
0.9966
0.9966
0.9966
0.9966
0.9966
0.9966
0.9966
0.9966
0.9966
0.9966
0.9966
0.9966
0.9966
0.9966
0.9966
0.9966
0.9966
0.9966
0.9966
0.9966
0.9966
0.9966
0.9966
0.9966
0.9966
0.9966
0.9966
0.9966
0.9966
0.9966
0.9966
0.9966
0.9966
0.9966
0.9966
0.9966
0.9966
0.9966
0.9966
0.9966
0.9966
0.9966
0.9966
0.9966
0.9966
0.9966
0.9966
0.9966
0.9966
0.9966
0.9966
0.9966
0.9966
0.9966
0.9966
0.9966
0.9966
0.9966
0.9966
0.9966
0.9966
0.9966
0.9966
0.9966
0.9966
0.9966
0.9966
0.9966
0.9966
0.9966
0.9966
0.9966
0.9966
0.9966
0.9966
0.9966
0.9966
0.9966
0.9966
0.9966
0.9966
0.9966
0.9966
0.9966
0.9966
0.9966
0.9966
0.9966
0.9966
0.9966
0.9966
0.9966
0.9966
0.9966
0.9966
0.9966
0.9966
0.9966
0.9966
0.9966
0.9966
0.9966
0.9966
0.9966
0.9966
0.9966
0.9966
0.9966
0.9966
0.9966
0.9966
0.9966
0.9966
0.9966
0.9966
0.9966
0.9966
0.9966
0.9966
0.9966
0.9966
0.9966
)
;

boundaryField
{
    topWall
    {
        type            calculated;
        value           uniform 0;
    }
    bottomWall
    {
        type            zeroGradient;
    }
    sideWallL
    {
        type            symmetry;
    }
    sideWallR
    {
        type            zeroGradient;
    }
    frontAndBack
    {
        type            empty;
    }
}


// ************************************************************************* //
