/*--------------------------------*- C++ -*----------------------------------*\
  =========                 |
  \\      /  F ield         | OpenFOAM: The Open Source CFD Toolbox
   \\    /   O peration     | Website:  https://openfoam.org
    \\  /    A nd           | Version:  7
     \\/     M anipulation  |
\*---------------------------------------------------------------------------*/
FoamFile
{
    version     2.0;
    format      ascii;
    class       volScalarField;
    location    "3";
    object      T;
}
// * * * * * * * * * * * * * * * * * * * * * * * * * * * * * * * * * * * * * //

dimensions      [0 0 0 1 0 0 0];

internalField   nonuniform List<scalar> 
900
(
296.819
296.819
296.819
296.819
296.819
296.819
296.819
296.819
296.819
296.819
296.817
296.814
296.807
296.79
296.75
296.653
296.408
295.745
293.73
286.737
288.137
288.137
288.137
288.137
288.137
288.137
288.137
288.137
288.137
288.135
288.132
288.124
288.106
288.063
287.965
287.744
287.244
286.114
283.566
278.043
282.267
282.267
282.267
282.267
282.267
282.267
282.267
282.266
282.266
282.264
282.26
282.249
282.226
282.173
282.059
281.814
281.309
280.301
278.4
275.171
278.455
278.455
278.455
278.455
278.455
278.455
278.455
278.455
278.454
278.452
278.448
278.438
278.415
278.367
278.265
278.06
277.666
276.954
275.765
274.021
276.084
276.084
276.084
276.084
276.084
276.084
276.084
276.084
276.083
276.082
276.078
276.07
276.051
276.013
275.937
275.791
275.527
275.084
274.406
273.498
274.673
274.673
274.673
274.673
274.673
274.673
274.673
274.673
274.672
274.671
274.668
274.662
274.649
274.623
274.572
274.479
274.32
274.067
273.703
273.243
273.87
273.87
273.87
273.87
273.87
273.87
273.87
273.87
273.87
273.869
273.867
273.863
273.855
273.839
273.808
273.754
273.664
273.529
273.343
273.117
273.434
273.434
273.434
273.434
273.434
273.434
273.434
273.434
273.434
273.433
273.432
273.43
273.425
273.415
273.398
273.369
273.322
273.254
273.163
273.055
273.208
273.208
273.208
273.208
273.208
273.208
273.208
273.207
273.207
273.207
273.206
273.205
273.202
273.197
273.188
273.174
273.15
273.117
273.075
273.025
273.095
273.095
273.095
273.095
273.095
273.095
273.095
273.095
273.095
273.095
273.095
273.094
273.093
273.09
273.086
273.078
273.068
273.052
273.033
273.011
273.042
273.042
273.042
273.042
273.042
273.042
273.042
273.042
273.042
273.042
273.042
273.041
273.041
273.039
273.037
273.034
273.029
273.023
273.014
273.005
273.018
273.018
273.018
273.018
273.018
273.018
273.018
273.018
273.018
273.018
273.018
273.017
273.017
273.017
273.016
273.014
273.012
273.009
273.006
273.002
273.007
273.007
273.007
273.007
273.007
273.007
273.007
273.007
273.007
273.007
273.007
273.007
273.007
273.007
273.006
273.006
273.005
273.004
273.002
273.001
273.003
273.003
273.003
273.003
273.003
273.003
273.003
273.003
273.003
273.003
273.003
273.003
273.003
273.003
273.002
273.002
273.002
273.001
273.001
273
273.001
273.001
273.001
273.001
273.001
273.001
273.001
273.001
273.001
273.001
273.001
273.001
273.001
273.001
273.001
273.001
273.001
273.001
273
273
273
273
273
273
273
273
273
273
273
273
273
273
273
273
273
273
273
273
273
273
273
273
273
273
273
273
273
273
273
273
273
273
273
273
273
273
273
273
273
273
273
273
273
273
273
273
273
273
273
273
273
273
273
273
273
273
273
273
273
273
273
273
273
273
273
273
273
273
273
273
273
273
273
273
273
273
273
273
273
273
273
273
273
273
273
273
273
273
273
273
273
273
273
273
273
273
273
273
273
273
273
273
273
273
273
273
273
273
273
273
273
273
273
273
273
273
273
273
273
273
273
273
273
273
273
273
273
273
273
273
273
273
273
273
273
273
273
273
273
273
273
273
273
273
273
273
273
273
273
273
273
273
273
273
273
273
273
273
273
273
273
273
273
273
273
273
273
273
273
273
273
273
273
273
273
273
273
273
273
273
273
273
273
273
273
273
273
273
273
273
273
273
273
273
273
273
273
273
273
273
273
273
273
273
273
273
273
273
273
273
273
273
273
273
273
273
273
273
273
273
273
273
273
273
273
273
273
273
273
273
273
273
273
273
273
273
273
273
273
273
273
273
273
273
273
273
273
273
273
273
273
273
273
273
273
273
273
273
273
273
273
273
273
273
273
273
273
273
273
273
273
273
273
273
273
273
273
273
273
273
273
273
273
273
273
273
273
273
273
273
273
273
273
273
273
273
273
273
273
273
273
273
273
273
273
273
273
273
273
273
273
273
273
273
273
273
273
273
273
273
273
273
273
273
273
273
273
273
273
273
273
273
273
273
273
273
273
273
273
273
273
273
273
273
273
273
273
273
273
273
273
273
273
273
273
273
273
273
273
273
273
273
273
273
273
273
273
273
273
273
273
273
273
273
273
273
273
273
273
273
273
273
273
273
273
273
273
273
273
273
273
273
273
273
273
273
273
273
273
273
273
273
273
273
273
273
273
273
273
273
273
273
273
273
273
273
273
273
273
273
273
273
273
273
273
273
273
273
273
273
273
273
273
273
273
273
273
273
273
273
273
273
273
273
273
273
273
273
273
273
273
273
273
273
273
273
273
273
273
273
273
273
273
273
273
273
273
273
273
273
273
273
273
273
273
273
273
273
273
273
273
273
273
273
273
273
273
273
273
273
273
273
273
273
273
273
273
273
273
273
273
273
273
273
273
273
273
273
273
273
273
273
273
273
273
273
273
273
273
273
273
273
273
273
273
273
273
273
273
273
273
273
273
273
273
273
273
273
273
273
273
273
273
273
273
273
273
273
273
273
273
273
273
273
273
273
273
273
273
273
273
273
273
273
273
273
273
273
273
273
273
273
273
273
273
273
273
273
273
273
273
273
273
273
273
273
273
273
273
273
273
273
273
273
273
273
273
273
273
273
)
;

boundaryField
{
    topWall
    {
        type            zeroGradient;
    }
    bottomWall
    {
        type            codedFixedValue;
        value           uniform 303;
        name            heating;
        code            #{
            const scalar t = this->db().time().value();
            const scalar Ttemp = 273 + 10*t;
            operator==(Ttemp);
        #};
    }
    sideWallL
    {
        type            symmetry;
    }
    sideWallR
    {
        type            fixedValue;
        value           uniform 273;
    }
    frontAndBack
    {
        type            empty;
    }
}


// ************************************************************************* //
