/*--------------------------------*- C++ -*----------------------------------*\
  =========                 |
  \\      /  F ield         | OpenFOAM: The Open Source CFD Toolbox
   \\    /   O peration     | Website:  https://openfoam.org
    \\  /    A nd           | Version:  7
     \\/     M anipulation  |
\*---------------------------------------------------------------------------*/
FoamFile
{
    version     2.0;
    format      ascii;
    class       volScalarField;
    location    "2";
    object      rhoc;
}
// * * * * * * * * * * * * * * * * * * * * * * * * * * * * * * * * * * * * * //

dimensions      [1 -3 0 0 0 0 0];

internalField   nonuniform List<scalar> 
900
(
2.59727e-30
2.59727e-30
2.59727e-30
2.59727e-30
2.59727e-30
2.59727e-30
2.59727e-30
2.59726e-30
2.59726e-30
2.59724e-30
2.59719e-30
2.59701e-30
2.59641e-30
2.59451e-30
2.58849e-30
2.56957e-30
2.50971e-30
2.31959e-30
1.75452e-30
6.20532e-31
4.27391e-31
4.27391e-31
4.27391e-31
4.27391e-31
4.27391e-31
4.27391e-31
4.27391e-31
4.2739e-31
4.27389e-31
4.27384e-31
4.27366e-31
4.27307e-31
4.27117e-31
4.26527e-31
4.24741e-31
4.19524e-31
4.04949e-31
3.6728e-31
2.84719e-31
1.581e-31
1.7813e-31
1.7813e-31
1.7813e-31
1.7813e-31
1.7813e-31
1.7813e-31
1.7813e-31
1.7813e-31
1.7813e-31
1.78128e-31
1.78121e-31
1.78099e-31
1.78029e-31
1.7782e-31
1.77214e-31
1.75551e-31
1.71268e-31
1.61246e-31
1.41179e-31
1.10186e-31
1.21302e-31
1.21302e-31
1.21302e-31
1.21302e-31
1.21302e-31
1.21302e-31
1.21302e-31
1.21302e-31
1.21302e-31
1.21301e-31
1.21298e-31
1.21287e-31
1.21255e-31
1.21163e-31
1.20907e-31
1.20241e-31
1.18634e-31
1.15131e-31
1.08512e-31
9.84142e-32
1.03191e-31
1.03191e-31
1.03191e-31
1.03191e-31
1.03191e-31
1.03191e-31
1.03191e-31
1.03191e-31
1.03191e-31
1.03191e-31
1.03189e-31
1.03183e-31
1.03168e-31
1.03123e-31
1.03005e-31
1.02713e-31
1.02049e-31
1.00685e-31
9.82478e-32
9.46592e-32
9.65826e-32
9.65826e-32
9.65826e-32
9.65826e-32
9.65826e-32
9.65826e-32
9.65826e-32
9.65825e-32
9.65824e-32
9.65822e-32
9.65813e-32
9.65785e-32
9.65707e-32
9.65495e-32
9.64954e-32
9.63676e-32
9.60909e-32
9.55525e-32
9.46396e-32
9.33499e-32
9.40828e-32
9.40828e-32
9.40828e-32
9.40828e-32
9.40828e-32
9.40828e-32
9.40828e-32
9.40828e-32
9.40827e-32
9.40826e-32
9.40821e-32
9.40808e-32
9.40772e-32
9.40676e-32
9.40439e-32
9.39903e-32
9.38791e-32
9.36728e-32
9.33386e-32
9.2884e-32
9.31482e-32
9.31482e-32
9.31482e-32
9.31482e-32
9.31482e-32
9.31482e-32
9.31482e-32
9.31482e-32
9.31482e-32
9.31481e-32
9.31479e-32
9.31473e-32
9.31457e-32
9.31417e-32
9.3132e-32
9.31108e-32
9.30684e-32
9.29929e-32
9.28753e-32
9.27202e-32
9.28103e-32
9.28103e-32
9.28103e-32
9.28103e-32
9.28103e-32
9.28103e-32
9.28103e-32
9.28103e-32
9.28103e-32
9.28103e-32
9.28102e-32
9.281e-32
9.28093e-32
9.28077e-32
9.2804e-32
9.27961e-32
9.27809e-32
9.27547e-32
9.27151e-32
9.26642e-32
9.26933e-32
9.26933e-32
9.26933e-32
9.26933e-32
9.26933e-32
9.26933e-32
9.26933e-32
9.26933e-32
9.26933e-32
9.26933e-32
9.26933e-32
9.26932e-32
9.26929e-32
9.26923e-32
9.2691e-32
9.26883e-32
9.26831e-32
9.26744e-32
9.26617e-32
9.26457e-32
9.26546e-32
9.26546e-32
9.26546e-32
9.26546e-32
9.26546e-32
9.26546e-32
9.26546e-32
9.26546e-32
9.26546e-32
9.26546e-32
9.26546e-32
9.26546e-32
9.26545e-32
9.26543e-32
9.26538e-32
9.26529e-32
9.26513e-32
9.26486e-32
9.26446e-32
9.26398e-32
9.26424e-32
9.26424e-32
9.26424e-32
9.26424e-32
9.26424e-32
9.26424e-32
9.26424e-32
9.26424e-32
9.26424e-32
9.26424e-32
9.26424e-32
9.26424e-32
9.26424e-32
9.26423e-32
9.26422e-32
9.26419e-32
9.26414e-32
9.26406e-32
9.26394e-32
9.2638e-32
9.26387e-32
9.26387e-32
9.26387e-32
9.26387e-32
9.26387e-32
9.26387e-32
9.26387e-32
9.26387e-32
9.26387e-32
9.26387e-32
9.26387e-32
9.26387e-32
9.26387e-32
9.26387e-32
9.26387e-32
9.26386e-32
9.26384e-32
9.26382e-32
9.26379e-32
9.26375e-32
9.26377e-32
9.26377e-32
9.26377e-32
9.26377e-32
9.26377e-32
9.26377e-32
9.26377e-32
9.26377e-32
9.26377e-32
9.26377e-32
9.26377e-32
9.26377e-32
9.26377e-32
9.26377e-32
9.26376e-32
9.26376e-32
9.26376e-32
9.26375e-32
9.26374e-32
9.26373e-32
9.26374e-32
9.26374e-32
9.26374e-32
9.26374e-32
9.26374e-32
9.26374e-32
9.26374e-32
9.26374e-32
9.26374e-32
9.26374e-32
9.26374e-32
9.26374e-32
9.26374e-32
9.26374e-32
9.26374e-32
9.26374e-32
9.26373e-32
9.26373e-32
9.26373e-32
9.26373e-32
9.26373e-32
9.26373e-32
9.26373e-32
9.26373e-32
9.26373e-32
9.26373e-32
9.26373e-32
9.26373e-32
9.26373e-32
9.26373e-32
9.26373e-32
9.26373e-32
9.26373e-32
9.26373e-32
9.26373e-32
9.26373e-32
9.26373e-32
9.26373e-32
9.26373e-32
9.26373e-32
9.26373e-32
9.26373e-32
9.26373e-32
9.26373e-32
9.26373e-32
9.26373e-32
9.26373e-32
9.26373e-32
9.26373e-32
9.26373e-32
9.26373e-32
9.26373e-32
9.26373e-32
9.26373e-32
9.26373e-32
9.26373e-32
9.26373e-32
9.26373e-32
9.26373e-32
9.26373e-32
9.26373e-32
9.26373e-32
9.26373e-32
9.26373e-32
9.26373e-32
9.26373e-32
9.26373e-32
9.26373e-32
9.26373e-32
9.26373e-32
9.26373e-32
9.26373e-32
9.26373e-32
9.26373e-32
9.26373e-32
9.26373e-32
9.26373e-32
9.26373e-32
9.26373e-32
9.26373e-32
9.26373e-32
9.26373e-32
9.26373e-32
9.26373e-32
9.26373e-32
9.26373e-32
9.26373e-32
9.26373e-32
9.26373e-32
9.26373e-32
9.26373e-32
9.26373e-32
9.26373e-32
9.26373e-32
9.26373e-32
9.26373e-32
9.26373e-32
9.26373e-32
9.26373e-32
9.26373e-32
9.26373e-32
9.26373e-32
9.26373e-32
9.26373e-32
9.26373e-32
9.26373e-32
9.26373e-32
9.26373e-32
9.26373e-32
9.26373e-32
9.26373e-32
9.26373e-32
9.26373e-32
9.26373e-32
9.26373e-32
9.26373e-32
9.26373e-32
9.26373e-32
9.26373e-32
9.26373e-32
9.26373e-32
9.26373e-32
9.26373e-32
9.26373e-32
9.26373e-32
9.26373e-32
9.26373e-32
9.26373e-32
9.26373e-32
9.26373e-32
9.26373e-32
9.26373e-32
9.26373e-32
9.26373e-32
9.26373e-32
9.26373e-32
9.26373e-32
9.26373e-32
9.26373e-32
9.26373e-32
9.26373e-32
9.26373e-32
9.26373e-32
9.26373e-32
9.26373e-32
9.26373e-32
9.26373e-32
9.26373e-32
9.26373e-32
9.26373e-32
9.26373e-32
9.26373e-32
9.26373e-32
9.26373e-32
9.26373e-32
9.26373e-32
9.26373e-32
9.26373e-32
9.26373e-32
9.26373e-32
9.26373e-32
9.26373e-32
9.26373e-32
9.26373e-32
9.26373e-32
9.26373e-32
9.26373e-32
9.26373e-32
9.26373e-32
9.26373e-32
9.26373e-32
9.26373e-32
9.26373e-32
9.26373e-32
9.26373e-32
9.26373e-32
9.26373e-32
9.26373e-32
9.26373e-32
9.26373e-32
9.26373e-32
9.26373e-32
9.26373e-32
9.26373e-32
9.26373e-32
9.26373e-32
9.26373e-32
9.26373e-32
9.26373e-32
9.26373e-32
9.26373e-32
9.26373e-32
9.26373e-32
9.26373e-32
9.26373e-32
9.26373e-32
9.26373e-32
9.26373e-32
9.26373e-32
9.26373e-32
9.26373e-32
9.26373e-32
9.26373e-32
9.26373e-32
9.26373e-32
9.26373e-32
9.26373e-32
9.26373e-32
9.26373e-32
9.26373e-32
9.26373e-32
9.26373e-32
9.26373e-32
9.26373e-32
9.26373e-32
9.26373e-32
9.26373e-32
9.26373e-32
9.26373e-32
9.26373e-32
9.26373e-32
9.26373e-32
9.26373e-32
9.26373e-32
9.26373e-32
9.26373e-32
9.26373e-32
9.26373e-32
9.26373e-32
9.26373e-32
9.26373e-32
9.26373e-32
9.26373e-32
9.26373e-32
9.26373e-32
9.26373e-32
9.26373e-32
9.26373e-32
9.26373e-32
9.26373e-32
9.26373e-32
9.26373e-32
9.26373e-32
9.26373e-32
9.26373e-32
9.26373e-32
9.26373e-32
9.26373e-32
9.26373e-32
9.26373e-32
9.26373e-32
9.26373e-32
9.26373e-32
9.26373e-32
9.26373e-32
9.26373e-32
9.26373e-32
9.26373e-32
9.26373e-32
9.26373e-32
9.26373e-32
9.26373e-32
9.26373e-32
9.26373e-32
9.26373e-32
9.26373e-32
9.26373e-32
9.26373e-32
9.26373e-32
9.26373e-32
9.26373e-32
9.26373e-32
9.26373e-32
9.26373e-32
9.26373e-32
9.26373e-32
9.26373e-32
9.26373e-32
9.26373e-32
9.26373e-32
9.26373e-32
9.26373e-32
9.26373e-32
9.26373e-32
9.26373e-32
9.26373e-32
9.26373e-32
9.26373e-32
9.26373e-32
9.26373e-32
9.26373e-32
9.26373e-32
9.26373e-32
9.26373e-32
9.26373e-32
9.26373e-32
9.26373e-32
9.26373e-32
9.26373e-32
9.26373e-32
9.26373e-32
9.26373e-32
9.26373e-32
9.26373e-32
9.26373e-32
9.26373e-32
9.26373e-32
9.26373e-32
9.26373e-32
9.26373e-32
9.26373e-32
9.26373e-32
9.26373e-32
9.26373e-32
9.26373e-32
9.26373e-32
9.26373e-32
9.26373e-32
9.26373e-32
9.26373e-32
9.26373e-32
9.26373e-32
9.26373e-32
9.26373e-32
9.26373e-32
9.26373e-32
9.26373e-32
9.26373e-32
9.26373e-32
9.26373e-32
9.26373e-32
9.26373e-32
9.26373e-32
9.26373e-32
9.26373e-32
9.26373e-32
9.26373e-32
9.26373e-32
9.26373e-32
9.26373e-32
9.26373e-32
9.26373e-32
9.26373e-32
9.26373e-32
9.26373e-32
9.26373e-32
9.26373e-32
9.26373e-32
9.26373e-32
9.26373e-32
9.26373e-32
9.26373e-32
9.26373e-32
9.26373e-32
9.26373e-32
9.26373e-32
9.26373e-32
9.26373e-32
9.26373e-32
9.26373e-32
9.26373e-32
9.26373e-32
9.26373e-32
9.26373e-32
9.26373e-32
9.26373e-32
9.26373e-32
9.26373e-32
9.26373e-32
9.26373e-32
9.26373e-32
9.26373e-32
9.26373e-32
9.26373e-32
9.26373e-32
9.26373e-32
9.26373e-32
9.26373e-32
9.26373e-32
9.26373e-32
9.26373e-32
9.26373e-32
9.26373e-32
9.26373e-32
9.26373e-32
9.26373e-32
9.26373e-32
9.26373e-32
9.26373e-32
9.26373e-32
9.26373e-32
9.26373e-32
9.26373e-32
9.26373e-32
9.26373e-32
9.26373e-32
9.26373e-32
9.26373e-32
9.26373e-32
9.26373e-32
9.26373e-32
9.26373e-32
9.26373e-32
9.26373e-32
9.26373e-32
9.26373e-32
9.26373e-32
9.26373e-32
9.26373e-32
9.26373e-32
9.26373e-32
9.26373e-32
9.26373e-32
9.26373e-32
9.26373e-32
9.26373e-32
9.26373e-32
9.26373e-32
9.26373e-32
9.26373e-32
9.26373e-32
9.26373e-32
9.26373e-32
9.26373e-32
9.26373e-32
9.26373e-32
9.26373e-32
9.26373e-32
9.26373e-32
9.26373e-32
9.26373e-32
9.26373e-32
9.26373e-32
9.26373e-32
9.26373e-32
9.26373e-32
9.26373e-32
9.26373e-32
9.26373e-32
9.26373e-32
9.26373e-32
9.26373e-32
9.26373e-32
9.26373e-32
9.26373e-32
9.26373e-32
9.26373e-32
9.26373e-32
9.26373e-32
9.26373e-32
9.26373e-32
9.26373e-32
9.26373e-32
9.26373e-32
9.26373e-32
9.26373e-32
9.26373e-32
9.26373e-32
9.26373e-32
9.26373e-32
9.26373e-32
9.26373e-32
9.26373e-32
9.26373e-32
9.26373e-32
9.26373e-32
9.26373e-32
9.26373e-32
9.26373e-32
9.26373e-32
9.26373e-32
9.26373e-32
9.26373e-32
9.26373e-32
9.26373e-32
9.26373e-32
9.26373e-32
9.26373e-32
9.26373e-32
9.26373e-32
9.26373e-32
9.26373e-32
9.26373e-32
9.26373e-32
9.26373e-32
9.26373e-32
9.26373e-32
9.26373e-32
9.26373e-32
9.26373e-32
9.26373e-32
9.26373e-32
9.26373e-32
9.26373e-32
9.26373e-32
9.26373e-32
9.26373e-32
9.26373e-32
9.26373e-32
9.26373e-32
9.26373e-32
9.26373e-32
9.26373e-32
9.26373e-32
9.26373e-32
9.26373e-32
9.26373e-32
9.26373e-32
9.26373e-32
9.26373e-32
9.26373e-32
9.26373e-32
9.26373e-32
9.26373e-32
9.26373e-32
9.26373e-32
9.26373e-32
9.26373e-32
9.26373e-32
9.26373e-32
9.26373e-32
9.26373e-32
9.26373e-32
9.26373e-32
9.26373e-32
9.26373e-32
9.26373e-32
9.26373e-32
9.26373e-32
9.26373e-32
9.26373e-32
9.26373e-32
9.26373e-32
9.26373e-32
9.26373e-32
9.26373e-32
9.26373e-32
9.26373e-32
9.26373e-32
9.26373e-32
9.26373e-32
9.26373e-32
9.26373e-32
9.26373e-32
9.26373e-32
9.26373e-32
9.26373e-32
9.26373e-32
9.26373e-32
9.26373e-32
9.26373e-32
9.26373e-32
9.26373e-32
9.26373e-32
9.26373e-32
9.26373e-32
9.26373e-32
9.26373e-32
9.26373e-32
9.26373e-32
9.26373e-32
9.26373e-32
9.26373e-32
9.26373e-32
9.26373e-32
9.26373e-32
9.26373e-32
9.26373e-32
9.26373e-32
9.26373e-32
9.26373e-32
9.26373e-32
9.26373e-32
9.26373e-32
9.26373e-32
9.26373e-32
9.26373e-32
9.26373e-32
9.26373e-32
9.26373e-32
9.26373e-32
9.26373e-32
9.26373e-32
9.26373e-32
9.26373e-32
9.26373e-32
9.26373e-32
9.26373e-32
9.26373e-32
9.26373e-32
9.26373e-32
9.26373e-32
9.26373e-32
9.26373e-32
9.26373e-32
9.26373e-32
9.26373e-32
9.26373e-32
9.26373e-32
9.26373e-32
9.26373e-32
9.26373e-32
9.26373e-32
9.26373e-32
9.26373e-32
9.26373e-32
9.26373e-32
9.26373e-32
9.26373e-32
9.26373e-32
9.26373e-32
9.26373e-32
9.26373e-32
9.26373e-32
9.26373e-32
9.26373e-32
9.26373e-32
9.26373e-32
9.26373e-32
9.26373e-32
)
;

boundaryField
{
    topWall
    {
        type            zeroGradient;
    }
    bottomWall
    {
        type            zeroGradient;
    }
    sideWallL
    {
        type            symmetry;
    }
    sideWallR
    {
        type            zeroGradient;
    }
    frontAndBack
    {
        type            empty;
    }
}


// ************************************************************************* //
