/*--------------------------------*- C++ -*----------------------------------*\
  =========                 |
  \\      /  F ield         | OpenFOAM: The Open Source CFD Toolbox
   \\    /   O peration     | Website:  https://openfoam.org
    \\  /    A nd           | Version:  7
     \\/     M anipulation  |
\*---------------------------------------------------------------------------*/
FoamFile
{
    version     2.0;
    format      ascii;
    class       volScalarField;
    location    "2";
    object      rhot2;
}
// * * * * * * * * * * * * * * * * * * * * * * * * * * * * * * * * * * * * * //

dimensions      [1 -3 0 0 0 0 0];

internalField   nonuniform List<scalar> 
900
(
6.54268e-30
6.54268e-30
6.54268e-30
6.54268e-30
6.54268e-30
6.54268e-30
6.54268e-30
6.54268e-30
6.54266e-30
6.54261e-30
6.54244e-30
6.54187e-30
6.54001e-30
6.5341e-30
6.5156e-30
6.45796e-30
6.2777e-30
5.71526e-30
4.10572e-30
1.19944e-30
7.95118e-31
7.95118e-31
7.95118e-31
7.95118e-31
7.95118e-31
7.95118e-31
7.95118e-31
7.95117e-31
7.95113e-31
7.95101e-31
7.95059e-31
7.94919e-31
7.94471e-31
7.93087e-31
7.88935e-31
7.76927e-31
7.4383e-31
6.6018e-31
4.84679e-31
2.38432e-31
2.7911e-31
2.7911e-31
2.7911e-31
2.7911e-31
2.7911e-31
2.7911e-31
2.7911e-31
2.7911e-31
2.79109e-31
2.79104e-31
2.79091e-31
2.79046e-31
2.78907e-31
2.7849e-31
2.77293e-31
2.74031e-31
2.65727e-31
2.46639e-31
2.09561e-31
1.55125e-31
1.75106e-31
1.75106e-31
1.75106e-31
1.75106e-31
1.75106e-31
1.75106e-31
1.75106e-31
1.75105e-31
1.75105e-31
1.75103e-31
1.75097e-31
1.75078e-31
1.75019e-31
1.7485e-31
1.74385e-31
1.73182e-31
1.70306e-31
1.64106e-31
1.52603e-31
1.35497e-31
1.43751e-31
1.43751e-31
1.43751e-31
1.43751e-31
1.43751e-31
1.43751e-31
1.43751e-31
1.43751e-31
1.43751e-31
1.4375e-31
1.43747e-31
1.43737e-31
1.43709e-31
1.43631e-31
1.43426e-31
1.42919e-31
1.41772e-31
1.39436e-31
1.35302e-31
1.29293e-31
1.32568e-31
1.32568e-31
1.32568e-31
1.32568e-31
1.32568e-31
1.32568e-31
1.32568e-31
1.32568e-31
1.32568e-31
1.32568e-31
1.32566e-31
1.32561e-31
1.32548e-31
1.32511e-31
1.32419e-31
1.32201e-31
1.3173e-31
1.3082e-31
1.29284e-31
1.27129e-31
1.28371e-31
1.28371e-31
1.28371e-31
1.28371e-31
1.28371e-31
1.28371e-31
1.28371e-31
1.28371e-31
1.28371e-31
1.28371e-31
1.2837e-31
1.28368e-31
1.28361e-31
1.28345e-31
1.28305e-31
1.28214e-31
1.28026e-31
1.27678e-31
1.27117e-31
1.26356e-31
1.26803e-31
1.26803e-31
1.26803e-31
1.26803e-31
1.26803e-31
1.26803e-31
1.26803e-31
1.26803e-31
1.26803e-31
1.26803e-31
1.26803e-31
1.26802e-31
1.26799e-31
1.26792e-31
1.26776e-31
1.2674e-31
1.26668e-31
1.26541e-31
1.26343e-31
1.26083e-31
1.26236e-31
1.26236e-31
1.26236e-31
1.26236e-31
1.26236e-31
1.26236e-31
1.26236e-31
1.26236e-31
1.26236e-31
1.26236e-31
1.26235e-31
1.26235e-31
1.26234e-31
1.26231e-31
1.26225e-31
1.26211e-31
1.26186e-31
1.26141e-31
1.26075e-31
1.25989e-31
1.26038e-31
1.26038e-31
1.26038e-31
1.26038e-31
1.26038e-31
1.26038e-31
1.26038e-31
1.26038e-31
1.26038e-31
1.26038e-31
1.26038e-31
1.26038e-31
1.26038e-31
1.26037e-31
1.26035e-31
1.2603e-31
1.26021e-31
1.26006e-31
1.25985e-31
1.25958e-31
1.25973e-31
1.25973e-31
1.25973e-31
1.25973e-31
1.25973e-31
1.25973e-31
1.25973e-31
1.25973e-31
1.25973e-31
1.25973e-31
1.25973e-31
1.25973e-31
1.25973e-31
1.25972e-31
1.25972e-31
1.2597e-31
1.25967e-31
1.25963e-31
1.25956e-31
1.25948e-31
1.25952e-31
1.25952e-31
1.25952e-31
1.25952e-31
1.25952e-31
1.25952e-31
1.25952e-31
1.25952e-31
1.25952e-31
1.25952e-31
1.25952e-31
1.25952e-31
1.25952e-31
1.25952e-31
1.25952e-31
1.25951e-31
1.25951e-31
1.25949e-31
1.25947e-31
1.25945e-31
1.25946e-31
1.25946e-31
1.25946e-31
1.25946e-31
1.25946e-31
1.25946e-31
1.25946e-31
1.25946e-31
1.25946e-31
1.25946e-31
1.25946e-31
1.25946e-31
1.25946e-31
1.25946e-31
1.25946e-31
1.25946e-31
1.25946e-31
1.25945e-31
1.25945e-31
1.25944e-31
1.25944e-31
1.25944e-31
1.25944e-31
1.25944e-31
1.25944e-31
1.25944e-31
1.25944e-31
1.25944e-31
1.25944e-31
1.25944e-31
1.25944e-31
1.25944e-31
1.25944e-31
1.25944e-31
1.25944e-31
1.25944e-31
1.25944e-31
1.25944e-31
1.25944e-31
1.25944e-31
1.25944e-31
1.25944e-31
1.25944e-31
1.25944e-31
1.25944e-31
1.25944e-31
1.25944e-31
1.25944e-31
1.25944e-31
1.25944e-31
1.25944e-31
1.25944e-31
1.25944e-31
1.25944e-31
1.25944e-31
1.25944e-31
1.25944e-31
1.25944e-31
1.25944e-31
1.25944e-31
1.25944e-31
1.25944e-31
1.25944e-31
1.25944e-31
1.25944e-31
1.25944e-31
1.25944e-31
1.25944e-31
1.25944e-31
1.25944e-31
1.25944e-31
1.25944e-31
1.25944e-31
1.25944e-31
1.25944e-31
1.25944e-31
1.25944e-31
1.25944e-31
1.25944e-31
1.25944e-31
1.25944e-31
1.25944e-31
1.25944e-31
1.25944e-31
1.25944e-31
1.25944e-31
1.25944e-31
1.25944e-31
1.25944e-31
1.25944e-31
1.25944e-31
1.25944e-31
1.25944e-31
1.25944e-31
1.25944e-31
1.25944e-31
1.25944e-31
1.25944e-31
1.25944e-31
1.25944e-31
1.25944e-31
1.25944e-31
1.25944e-31
1.25944e-31
1.25944e-31
1.25944e-31
1.25944e-31
1.25944e-31
1.25944e-31
1.25944e-31
1.25944e-31
1.25944e-31
1.25944e-31
1.25944e-31
1.25944e-31
1.25944e-31
1.25944e-31
1.25944e-31
1.25944e-31
1.25944e-31
1.25944e-31
1.25944e-31
1.25944e-31
1.25944e-31
1.25944e-31
1.25944e-31
1.25944e-31
1.25944e-31
1.25944e-31
1.25944e-31
1.25944e-31
1.25944e-31
1.25944e-31
1.25944e-31
1.25944e-31
1.25944e-31
1.25944e-31
1.25944e-31
1.25944e-31
1.25944e-31
1.25944e-31
1.25944e-31
1.25944e-31
1.25944e-31
1.25944e-31
1.25944e-31
1.25944e-31
1.25944e-31
1.25944e-31
1.25944e-31
1.25944e-31
1.25944e-31
1.25944e-31
1.25944e-31
1.25944e-31
1.25944e-31
1.25944e-31
1.25944e-31
1.25944e-31
1.25944e-31
1.25944e-31
1.25944e-31
1.25944e-31
1.25944e-31
1.25944e-31
1.25944e-31
1.25944e-31
1.25944e-31
1.25944e-31
1.25944e-31
1.25944e-31
1.25944e-31
1.25944e-31
1.25944e-31
1.25944e-31
1.25944e-31
1.25944e-31
1.25944e-31
1.25944e-31
1.25944e-31
1.25944e-31
1.25944e-31
1.25944e-31
1.25944e-31
1.25944e-31
1.25944e-31
1.25944e-31
1.25944e-31
1.25944e-31
1.25944e-31
1.25944e-31
1.25944e-31
1.25944e-31
1.25944e-31
1.25944e-31
1.25944e-31
1.25944e-31
1.25944e-31
1.25944e-31
1.25944e-31
1.25944e-31
1.25944e-31
1.25944e-31
1.25944e-31
1.25944e-31
1.25944e-31
1.25944e-31
1.25944e-31
1.25944e-31
1.25944e-31
1.25944e-31
1.25944e-31
1.25944e-31
1.25944e-31
1.25944e-31
1.25944e-31
1.25944e-31
1.25944e-31
1.25944e-31
1.25944e-31
1.25944e-31
1.25944e-31
1.25944e-31
1.25944e-31
1.25944e-31
1.25944e-31
1.25944e-31
1.25944e-31
1.25944e-31
1.25944e-31
1.25944e-31
1.25944e-31
1.25944e-31
1.25944e-31
1.25944e-31
1.25944e-31
1.25944e-31
1.25944e-31
1.25944e-31
1.25944e-31
1.25944e-31
1.25944e-31
1.25944e-31
1.25944e-31
1.25944e-31
1.25944e-31
1.25944e-31
1.25944e-31
1.25944e-31
1.25944e-31
1.25944e-31
1.25944e-31
1.25944e-31
1.25944e-31
1.25944e-31
1.25944e-31
1.25944e-31
1.25944e-31
1.25944e-31
1.25944e-31
1.25944e-31
1.25944e-31
1.25944e-31
1.25944e-31
1.25944e-31
1.25944e-31
1.25944e-31
1.25944e-31
1.25944e-31
1.25944e-31
1.25944e-31
1.25944e-31
1.25944e-31
1.25944e-31
1.25944e-31
1.25944e-31
1.25944e-31
1.25944e-31
1.25944e-31
1.25944e-31
1.25944e-31
1.25944e-31
1.25944e-31
1.25944e-31
1.25944e-31
1.25944e-31
1.25944e-31
1.25944e-31
1.25944e-31
1.25944e-31
1.25944e-31
1.25944e-31
1.25944e-31
1.25944e-31
1.25944e-31
1.25944e-31
1.25944e-31
1.25944e-31
1.25944e-31
1.25944e-31
1.25944e-31
1.25944e-31
1.25944e-31
1.25944e-31
1.25944e-31
1.25944e-31
1.25944e-31
1.25944e-31
1.25944e-31
1.25944e-31
1.25944e-31
1.25944e-31
1.25944e-31
1.25944e-31
1.25944e-31
1.25944e-31
1.25944e-31
1.25944e-31
1.25944e-31
1.25944e-31
1.25944e-31
1.25944e-31
1.25944e-31
1.25944e-31
1.25944e-31
1.25944e-31
1.25944e-31
1.25944e-31
1.25944e-31
1.25944e-31
1.25944e-31
1.25944e-31
1.25944e-31
1.25944e-31
1.25944e-31
1.25944e-31
1.25944e-31
1.25944e-31
1.25944e-31
1.25944e-31
1.25944e-31
1.25944e-31
1.25944e-31
1.25944e-31
1.25944e-31
1.25944e-31
1.25944e-31
1.25944e-31
1.25944e-31
1.25944e-31
1.25944e-31
1.25944e-31
1.25944e-31
1.25944e-31
1.25944e-31
1.25944e-31
1.25944e-31
1.25944e-31
1.25944e-31
1.25944e-31
1.25944e-31
1.25944e-31
1.25944e-31
1.25944e-31
1.25944e-31
1.25944e-31
1.25944e-31
1.25944e-31
1.25944e-31
1.25944e-31
1.25944e-31
1.25944e-31
1.25944e-31
1.25944e-31
1.25944e-31
1.25944e-31
1.25944e-31
1.25944e-31
1.25944e-31
1.25944e-31
1.25944e-31
1.25944e-31
1.25944e-31
1.25944e-31
1.25944e-31
1.25944e-31
1.25944e-31
1.25944e-31
1.25944e-31
1.25944e-31
1.25944e-31
1.25944e-31
1.25944e-31
1.25944e-31
1.25944e-31
1.25944e-31
1.25944e-31
1.25944e-31
1.25944e-31
1.25944e-31
1.25944e-31
1.25944e-31
1.25944e-31
1.25944e-31
1.25944e-31
1.25944e-31
1.25944e-31
1.25944e-31
1.25944e-31
1.25944e-31
1.25944e-31
1.25944e-31
1.25944e-31
1.25944e-31
1.25944e-31
1.25944e-31
1.25944e-31
1.25944e-31
1.25944e-31
1.25944e-31
1.25944e-31
1.25944e-31
1.25944e-31
1.25944e-31
1.25944e-31
1.25944e-31
1.25944e-31
1.25944e-31
1.25944e-31
1.25944e-31
1.25944e-31
1.25944e-31
1.25944e-31
1.25944e-31
1.25944e-31
1.25944e-31
1.25944e-31
1.25944e-31
1.25944e-31
1.25944e-31
1.25944e-31
1.25944e-31
1.25944e-31
1.25944e-31
1.25944e-31
1.25944e-31
1.25944e-31
1.25944e-31
1.25944e-31
1.25944e-31
1.25944e-31
1.25944e-31
1.25944e-31
1.25944e-31
1.25944e-31
1.25944e-31
1.25944e-31
1.25944e-31
1.25944e-31
1.25944e-31
1.25944e-31
1.25944e-31
1.25944e-31
1.25944e-31
1.25944e-31
1.25944e-31
1.25944e-31
1.25944e-31
1.25944e-31
1.25944e-31
1.25944e-31
1.25944e-31
1.25944e-31
1.25944e-31
1.25944e-31
1.25944e-31
1.25944e-31
1.25944e-31
1.25944e-31
1.25944e-31
1.25944e-31
1.25944e-31
1.25944e-31
1.25944e-31
1.25944e-31
1.25944e-31
1.25944e-31
1.25944e-31
1.25944e-31
1.25944e-31
1.25944e-31
1.25944e-31
1.25944e-31
1.25944e-31
1.25944e-31
1.25944e-31
1.25944e-31
1.25944e-31
1.25944e-31
1.25944e-31
1.25944e-31
1.25944e-31
1.25944e-31
1.25944e-31
1.25944e-31
1.25944e-31
1.25944e-31
1.25944e-31
1.25944e-31
1.25944e-31
1.25944e-31
1.25944e-31
1.25944e-31
1.25944e-31
1.25944e-31
1.25944e-31
1.25944e-31
1.25944e-31
1.25944e-31
1.25944e-31
1.25944e-31
1.25944e-31
1.25944e-31
1.25944e-31
1.25944e-31
1.25944e-31
1.25944e-31
1.25944e-31
1.25944e-31
1.25944e-31
1.25944e-31
1.25944e-31
1.25944e-31
1.25944e-31
1.25944e-31
1.25944e-31
1.25944e-31
1.25944e-31
1.25944e-31
1.25944e-31
1.25944e-31
1.25944e-31
1.25944e-31
1.25944e-31
1.25944e-31
1.25944e-31
1.25944e-31
1.25944e-31
1.25944e-31
1.25944e-31
1.25944e-31
1.25944e-31
1.25944e-31
1.25944e-31
1.25944e-31
1.25944e-31
1.25944e-31
1.25944e-31
1.25944e-31
1.25944e-31
1.25944e-31
1.25944e-31
1.25944e-31
1.25944e-31
1.25944e-31
1.25944e-31
1.25944e-31
1.25944e-31
1.25944e-31
1.25944e-31
1.25944e-31
1.25944e-31
1.25944e-31
1.25944e-31
1.25944e-31
1.25944e-31
1.25944e-31
1.25944e-31
1.25944e-31
1.25944e-31
1.25944e-31
1.25944e-31
1.25944e-31
1.25944e-31
1.25944e-31
1.25944e-31
1.25944e-31
1.25944e-31
1.25944e-31
1.25944e-31
1.25944e-31
1.25944e-31
1.25944e-31
1.25944e-31
1.25944e-31
1.25944e-31
1.25944e-31
1.25944e-31
1.25944e-31
1.25944e-31
1.25944e-31
1.25944e-31
1.25944e-31
1.25944e-31
1.25944e-31
1.25944e-31
1.25944e-31
1.25944e-31
1.25944e-31
1.25944e-31
1.25944e-31
1.25944e-31
1.25944e-31
1.25944e-31
1.25944e-31
1.25944e-31
1.25944e-31
1.25944e-31
1.25944e-31
1.25944e-31
1.25944e-31
1.25944e-31
1.25944e-31
1.25944e-31
1.25944e-31
1.25944e-31
1.25944e-31
1.25944e-31
1.25944e-31
1.25944e-31
1.25944e-31
1.25944e-31
1.25944e-31
1.25944e-31
1.25944e-31
1.25944e-31
1.25944e-31
1.25944e-31
1.25944e-31
1.25944e-31
1.25944e-31
1.25944e-31
1.25944e-31
1.25944e-31
1.25944e-31
1.25944e-31
1.25944e-31
1.25944e-31
1.25944e-31
1.25944e-31
1.25944e-31
1.25944e-31
1.25944e-31
1.25944e-31
1.25944e-31
1.25944e-31
1.25944e-31
1.25944e-31
1.25944e-31
1.25944e-31
)
;

boundaryField
{
    topWall
    {
        type            zeroGradient;
    }
    bottomWall
    {
        type            zeroGradient;
    }
    sideWallL
    {
        type            symmetry;
    }
    sideWallR
    {
        type            zeroGradient;
    }
    frontAndBack
    {
        type            empty;
    }
}


// ************************************************************************* //
