/*--------------------------------*- C++ -*----------------------------------*\
  =========                 |
  \\      /  F ield         | OpenFOAM: The Open Source CFD Toolbox
   \\    /   O peration     | Website:  https://openfoam.org
    \\  /    A nd           | Version:  7
     \\/     M anipulation  |
\*---------------------------------------------------------------------------*/
FoamFile
{
    version     2.0;
    format      ascii;
    class       volScalarField;
    location    "2";
    object      rhot1;
}
// * * * * * * * * * * * * * * * * * * * * * * * * * * * * * * * * * * * * * //

dimensions      [1 -3 0 0 0 0 0];

internalField   nonuniform List<scalar> 
900
(
8.05448e-15
8.05448e-15
8.05448e-15
8.05448e-15
8.05448e-15
8.05448e-15
8.05448e-15
8.05448e-15
8.05447e-15
8.05444e-15
8.05433e-15
8.05396e-15
8.05276e-15
8.04895e-15
8.03704e-15
7.9999e-15
7.88299e-15
7.50814e-15
6.3253e-15
3.34368e-15
2.71209e-15
2.71209e-15
2.71209e-15
2.71209e-15
2.71209e-15
2.71209e-15
2.71209e-15
2.71209e-15
2.71209e-15
2.71206e-15
2.71199e-15
2.71174e-15
2.71093e-15
2.70845e-15
2.701e-15
2.6794e-15
2.61913e-15
2.4611e-15
2.09527e-15
1.44911e-15
1.57514e-15
1.57514e-15
1.57514e-15
1.57514e-15
1.57514e-15
1.57514e-15
1.57514e-15
1.57514e-15
1.57514e-15
1.57513e-15
1.57509e-15
1.57495e-15
1.57454e-15
1.5733e-15
1.56975e-15
1.56004e-15
1.53511e-15
1.47646e-15
1.35622e-15
1.15983e-15
1.23585e-15
1.23585e-15
1.23585e-15
1.23585e-15
1.23585e-15
1.23585e-15
1.23585e-15
1.23584e-15
1.23584e-15
1.23584e-15
1.23581e-15
1.23574e-15
1.23553e-15
1.2349e-15
1.23317e-15
1.22871e-15
1.218e-15
1.19465e-15
1.15025e-15
1.08128e-15
1.11521e-15
1.11521e-15
1.11521e-15
1.11521e-15
1.11521e-15
1.11521e-15
1.11521e-15
1.11521e-15
1.11521e-15
1.1152e-15
1.11519e-15
1.11515e-15
1.11504e-15
1.11472e-15
1.11389e-15
1.11183e-15
1.10716e-15
1.09761e-15
1.08054e-15
1.0553e-15
1.06917e-15
1.06917e-15
1.06917e-15
1.06917e-15
1.06917e-15
1.06917e-15
1.06917e-15
1.06917e-15
1.06917e-15
1.06917e-15
1.06916e-15
1.06914e-15
1.06909e-15
1.06893e-15
1.06854e-15
1.06762e-15
1.06564e-15
1.06179e-15
1.05528e-15
1.04609e-15
1.05141e-15
1.05141e-15
1.05141e-15
1.05141e-15
1.05141e-15
1.05141e-15
1.05141e-15
1.05141e-15
1.05141e-15
1.05141e-15
1.05141e-15
1.0514e-15
1.05137e-15
1.0513e-15
1.05113e-15
1.05074e-15
1.04994e-15
1.04845e-15
1.04604e-15
1.04278e-15
1.0447e-15
1.0447e-15
1.0447e-15
1.0447e-15
1.0447e-15
1.0447e-15
1.0447e-15
1.0447e-15
1.0447e-15
1.0447e-15
1.0447e-15
1.0447e-15
1.04469e-15
1.04466e-15
1.04459e-15
1.04443e-15
1.04412e-15
1.04358e-15
1.04273e-15
1.04161e-15
1.04226e-15
1.04226e-15
1.04226e-15
1.04226e-15
1.04226e-15
1.04226e-15
1.04226e-15
1.04226e-15
1.04226e-15
1.04226e-15
1.04226e-15
1.04226e-15
1.04226e-15
1.04225e-15
1.04222e-15
1.04216e-15
1.04205e-15
1.04186e-15
1.04157e-15
1.0412e-15
1.04142e-15
1.04142e-15
1.04142e-15
1.04142e-15
1.04142e-15
1.04142e-15
1.04142e-15
1.04142e-15
1.04142e-15
1.04142e-15
1.04142e-15
1.04141e-15
1.04141e-15
1.04141e-15
1.0414e-15
1.04138e-15
1.04134e-15
1.04128e-15
1.04118e-15
1.04107e-15
1.04113e-15
1.04113e-15
1.04113e-15
1.04113e-15
1.04113e-15
1.04113e-15
1.04113e-15
1.04113e-15
1.04113e-15
1.04113e-15
1.04113e-15
1.04113e-15
1.04113e-15
1.04113e-15
1.04113e-15
1.04112e-15
1.04111e-15
1.04109e-15
1.04106e-15
1.04103e-15
1.04104e-15
1.04104e-15
1.04104e-15
1.04104e-15
1.04104e-15
1.04104e-15
1.04104e-15
1.04104e-15
1.04104e-15
1.04104e-15
1.04104e-15
1.04104e-15
1.04104e-15
1.04104e-15
1.04104e-15
1.04104e-15
1.04104e-15
1.04103e-15
1.04102e-15
1.04101e-15
1.04102e-15
1.04102e-15
1.04102e-15
1.04102e-15
1.04102e-15
1.04102e-15
1.04102e-15
1.04102e-15
1.04102e-15
1.04102e-15
1.04102e-15
1.04102e-15
1.04102e-15
1.04102e-15
1.04102e-15
1.04102e-15
1.04102e-15
1.04101e-15
1.04101e-15
1.04101e-15
1.04101e-15
1.04101e-15
1.04101e-15
1.04101e-15
1.04101e-15
1.04101e-15
1.04101e-15
1.04101e-15
1.04101e-15
1.04101e-15
1.04101e-15
1.04101e-15
1.04101e-15
1.04101e-15
1.04101e-15
1.04101e-15
1.04101e-15
1.04101e-15
1.04101e-15
1.04101e-15
1.04101e-15
1.04101e-15
1.04101e-15
1.04101e-15
1.04101e-15
1.04101e-15
1.04101e-15
1.04101e-15
1.04101e-15
1.04101e-15
1.04101e-15
1.04101e-15
1.04101e-15
1.04101e-15
1.04101e-15
1.04101e-15
1.04101e-15
1.04101e-15
1.04101e-15
1.04101e-15
1.04101e-15
1.04101e-15
1.04101e-15
1.04101e-15
1.04101e-15
1.04101e-15
1.04101e-15
1.04101e-15
1.04101e-15
1.04101e-15
1.04101e-15
1.04101e-15
1.04101e-15
1.04101e-15
1.04101e-15
1.04101e-15
1.04101e-15
1.04101e-15
1.04101e-15
1.04101e-15
1.04101e-15
1.04101e-15
1.04101e-15
1.04101e-15
1.04101e-15
1.04101e-15
1.04101e-15
1.04101e-15
1.04101e-15
1.04101e-15
1.04101e-15
1.04101e-15
1.04101e-15
1.04101e-15
1.04101e-15
1.04101e-15
1.04101e-15
1.04101e-15
1.04101e-15
1.04101e-15
1.04101e-15
1.04101e-15
1.04101e-15
1.04101e-15
1.04101e-15
1.04101e-15
1.04101e-15
1.04101e-15
1.04101e-15
1.04101e-15
1.04101e-15
1.04101e-15
1.04101e-15
1.04101e-15
1.04101e-15
1.04101e-15
1.04101e-15
1.04101e-15
1.04101e-15
1.04101e-15
1.04101e-15
1.04101e-15
1.04101e-15
1.04101e-15
1.04101e-15
1.04101e-15
1.04101e-15
1.04101e-15
1.04101e-15
1.04101e-15
1.04101e-15
1.04101e-15
1.04101e-15
1.04101e-15
1.04101e-15
1.04101e-15
1.04101e-15
1.04101e-15
1.04101e-15
1.04101e-15
1.04101e-15
1.04101e-15
1.04101e-15
1.04101e-15
1.04101e-15
1.04101e-15
1.04101e-15
1.04101e-15
1.04101e-15
1.04101e-15
1.04101e-15
1.04101e-15
1.04101e-15
1.04101e-15
1.04101e-15
1.04101e-15
1.04101e-15
1.04101e-15
1.04101e-15
1.04101e-15
1.04101e-15
1.04101e-15
1.04101e-15
1.04101e-15
1.04101e-15
1.04101e-15
1.04101e-15
1.04101e-15
1.04101e-15
1.04101e-15
1.04101e-15
1.04101e-15
1.04101e-15
1.04101e-15
1.04101e-15
1.04101e-15
1.04101e-15
1.04101e-15
1.04101e-15
1.04101e-15
1.04101e-15
1.04101e-15
1.04101e-15
1.04101e-15
1.04101e-15
1.04101e-15
1.04101e-15
1.04101e-15
1.04101e-15
1.04101e-15
1.04101e-15
1.04101e-15
1.04101e-15
1.04101e-15
1.04101e-15
1.04101e-15
1.04101e-15
1.04101e-15
1.04101e-15
1.04101e-15
1.04101e-15
1.04101e-15
1.04101e-15
1.04101e-15
1.04101e-15
1.04101e-15
1.04101e-15
1.04101e-15
1.04101e-15
1.04101e-15
1.04101e-15
1.04101e-15
1.04101e-15
1.04101e-15
1.04101e-15
1.04101e-15
1.04101e-15
1.04101e-15
1.04101e-15
1.04101e-15
1.04101e-15
1.04101e-15
1.04101e-15
1.04101e-15
1.04101e-15
1.04101e-15
1.04101e-15
1.04101e-15
1.04101e-15
1.04101e-15
1.04101e-15
1.04101e-15
1.04101e-15
1.04101e-15
1.04101e-15
1.04101e-15
1.04101e-15
1.04101e-15
1.04101e-15
1.04101e-15
1.04101e-15
1.04101e-15
1.04101e-15
1.04101e-15
1.04101e-15
1.04101e-15
1.04101e-15
1.04101e-15
1.04101e-15
1.04101e-15
1.04101e-15
1.04101e-15
1.04101e-15
1.04101e-15
1.04101e-15
1.04101e-15
1.04101e-15
1.04101e-15
1.04101e-15
1.04101e-15
1.04101e-15
1.04101e-15
1.04101e-15
1.04101e-15
1.04101e-15
1.04101e-15
1.04101e-15
1.04101e-15
1.04101e-15
1.04101e-15
1.04101e-15
1.04101e-15
1.04101e-15
1.04101e-15
1.04101e-15
1.04101e-15
1.04101e-15
1.04101e-15
1.04101e-15
1.04101e-15
1.04101e-15
1.04101e-15
1.04101e-15
1.04101e-15
1.04101e-15
1.04101e-15
1.04101e-15
1.04101e-15
1.04101e-15
1.04101e-15
1.04101e-15
1.04101e-15
1.04101e-15
1.04101e-15
1.04101e-15
1.04101e-15
1.04101e-15
1.04101e-15
1.04101e-15
1.04101e-15
1.04101e-15
1.04101e-15
1.04101e-15
1.04101e-15
1.04101e-15
1.04101e-15
1.04101e-15
1.04101e-15
1.04101e-15
1.04101e-15
1.04101e-15
1.04101e-15
1.04101e-15
1.04101e-15
1.04101e-15
1.04101e-15
1.04101e-15
1.04101e-15
1.04101e-15
1.04101e-15
1.04101e-15
1.04101e-15
1.04101e-15
1.04101e-15
1.04101e-15
1.04101e-15
1.04101e-15
1.04101e-15
1.04101e-15
1.04101e-15
1.04101e-15
1.04101e-15
1.04101e-15
1.04101e-15
1.04101e-15
1.04101e-15
1.04101e-15
1.04101e-15
1.04101e-15
1.04101e-15
1.04101e-15
1.04101e-15
1.04101e-15
1.04101e-15
1.04101e-15
1.04101e-15
1.04101e-15
1.04101e-15
1.04101e-15
1.04101e-15
1.04101e-15
1.04101e-15
1.04101e-15
1.04101e-15
1.04101e-15
1.04101e-15
1.04101e-15
1.04101e-15
1.04101e-15
1.04101e-15
1.04101e-15
1.04101e-15
1.04101e-15
1.04101e-15
1.04101e-15
1.04101e-15
1.04101e-15
1.04101e-15
1.04101e-15
1.04101e-15
1.04101e-15
1.04101e-15
1.04101e-15
1.04101e-15
1.04101e-15
1.04101e-15
1.04101e-15
1.04101e-15
1.04101e-15
1.04101e-15
1.04101e-15
1.04101e-15
1.04101e-15
1.04101e-15
1.04101e-15
1.04101e-15
1.04101e-15
1.04101e-15
1.04101e-15
1.04101e-15
1.04101e-15
1.04101e-15
1.04101e-15
1.04101e-15
1.04101e-15
1.04101e-15
1.04101e-15
1.04101e-15
1.04101e-15
1.04101e-15
1.04101e-15
1.04101e-15
1.04101e-15
1.04101e-15
1.04101e-15
1.04101e-15
1.04101e-15
1.04101e-15
1.04101e-15
1.04101e-15
1.04101e-15
1.04101e-15
1.04101e-15
1.04101e-15
1.04101e-15
1.04101e-15
1.04101e-15
1.04101e-15
1.04101e-15
1.04101e-15
1.04101e-15
1.04101e-15
1.04101e-15
1.04101e-15
1.04101e-15
1.04101e-15
1.04101e-15
1.04101e-15
1.04101e-15
1.04101e-15
1.04101e-15
1.04101e-15
1.04101e-15
1.04101e-15
1.04101e-15
1.04101e-15
1.04101e-15
1.04101e-15
1.04101e-15
1.04101e-15
1.04101e-15
1.04101e-15
1.04101e-15
1.04101e-15
1.04101e-15
1.04101e-15
1.04101e-15
1.04101e-15
1.04101e-15
1.04101e-15
1.04101e-15
1.04101e-15
1.04101e-15
1.04101e-15
1.04101e-15
1.04101e-15
1.04101e-15
1.04101e-15
1.04101e-15
1.04101e-15
1.04101e-15
1.04101e-15
1.04101e-15
1.04101e-15
1.04101e-15
1.04101e-15
1.04101e-15
1.04101e-15
1.04101e-15
1.04101e-15
1.04101e-15
1.04101e-15
1.04101e-15
1.04101e-15
1.04101e-15
1.04101e-15
1.04101e-15
1.04101e-15
1.04101e-15
1.04101e-15
1.04101e-15
1.04101e-15
1.04101e-15
1.04101e-15
1.04101e-15
1.04101e-15
1.04101e-15
1.04101e-15
1.04101e-15
1.04101e-15
1.04101e-15
1.04101e-15
1.04101e-15
1.04101e-15
1.04101e-15
1.04101e-15
1.04101e-15
1.04101e-15
1.04101e-15
1.04101e-15
1.04101e-15
1.04101e-15
1.04101e-15
1.04101e-15
1.04101e-15
1.04101e-15
1.04101e-15
1.04101e-15
1.04101e-15
1.04101e-15
1.04101e-15
1.04101e-15
1.04101e-15
1.04101e-15
1.04101e-15
1.04101e-15
1.04101e-15
1.04101e-15
1.04101e-15
1.04101e-15
1.04101e-15
1.04101e-15
1.04101e-15
1.04101e-15
1.04101e-15
1.04101e-15
1.04101e-15
1.04101e-15
1.04101e-15
1.04101e-15
1.04101e-15
1.04101e-15
1.04101e-15
1.04101e-15
1.04101e-15
1.04101e-15
1.04101e-15
1.04101e-15
1.04101e-15
1.04101e-15
1.04101e-15
1.04101e-15
1.04101e-15
1.04101e-15
1.04101e-15
1.04101e-15
1.04101e-15
1.04101e-15
1.04101e-15
1.04101e-15
1.04101e-15
1.04101e-15
1.04101e-15
1.04101e-15
1.04101e-15
1.04101e-15
1.04101e-15
1.04101e-15
1.04101e-15
1.04101e-15
1.04101e-15
1.04101e-15
1.04101e-15
1.04101e-15
1.04101e-15
1.04101e-15
1.04101e-15
1.04101e-15
1.04101e-15
1.04101e-15
1.04101e-15
1.04101e-15
1.04101e-15
1.04101e-15
1.04101e-15
1.04101e-15
1.04101e-15
1.04101e-15
1.04101e-15
1.04101e-15
1.04101e-15
1.04101e-15
1.04101e-15
1.04101e-15
1.04101e-15
1.04101e-15
1.04101e-15
1.04101e-15
1.04101e-15
1.04101e-15
1.04101e-15
1.04101e-15
1.04101e-15
1.04101e-15
1.04101e-15
1.04101e-15
1.04101e-15
1.04101e-15
1.04101e-15
1.04101e-15
1.04101e-15
1.04101e-15
1.04101e-15
1.04101e-15
1.04101e-15
1.04101e-15
1.04101e-15
1.04101e-15
1.04101e-15
1.04101e-15
1.04101e-15
1.04101e-15
1.04101e-15
1.04101e-15
1.04101e-15
1.04101e-15
1.04101e-15
1.04101e-15
1.04101e-15
1.04101e-15
1.04101e-15
1.04101e-15
1.04101e-15
1.04101e-15
1.04101e-15
1.04101e-15
1.04101e-15
1.04101e-15
1.04101e-15
1.04101e-15
1.04101e-15
1.04101e-15
1.04101e-15
1.04101e-15
1.04101e-15
1.04101e-15
1.04101e-15
1.04101e-15
1.04101e-15
1.04101e-15
1.04101e-15
1.04101e-15
1.04101e-15
1.04101e-15
1.04101e-15
1.04101e-15
1.04101e-15
1.04101e-15
1.04101e-15
1.04101e-15
1.04101e-15
1.04101e-15
1.04101e-15
1.04101e-15
1.04101e-15
1.04101e-15
1.04101e-15
1.04101e-15
1.04101e-15
1.04101e-15
)
;

boundaryField
{
    topWall
    {
        type            zeroGradient;
    }
    bottomWall
    {
        type            zeroGradient;
    }
    sideWallL
    {
        type            symmetry;
    }
    sideWallR
    {
        type            calculated;
        value           uniform 0;
    }
    frontAndBack
    {
        type            empty;
    }
}


// ************************************************************************* //
